4.000000000000000192e-04 0.000000000000000000e+00 3.348364609081624187e-14
4.000000000000000192e-04 1.258929999999999956e-04 3.348364609081624187e-14
4.000000000000000192e-04 1.412539999999999998e-04 3.348364609081624187e-14
4.000000000000000192e-04 1.584890000000000203e-04 3.348364609081624187e-14
4.000000000000000192e-04 1.778280000000000193e-04 3.348364609081624187e-14
4.000000000000000192e-04 1.995270000000000160e-04 3.348364609081624187e-14
4.000000000000000192e-04 2.238730000000000028e-04 3.348364609081624187e-14
4.000000000000000192e-04 2.511890000000000238e-04 3.348364609081624187e-14
4.000000000000000192e-04 2.818390000000000370e-04 3.348364609081624187e-14
4.000000000000000192e-04 3.162290000000000110e-04 3.348364609081624187e-14
4.000000000000000192e-04 3.548150000000000240e-04 3.348364609081624187e-14
4.000000000000000192e-04 3.981090000000000063e-04 3.348364609081624187e-14
4.000000000000000192e-04 4.466860000000000123e-04 3.348364609081624187e-14
4.000000000000000192e-04 5.011899999999999905e-04 3.348364609081624187e-14
4.000000000000000192e-04 5.623439999999999949e-04 3.348364609081624187e-14
4.000000000000000192e-04 6.309610000000000869e-04 3.348364609081624187e-14
4.000000000000000192e-04 7.079500000000000506e-04 3.348364609081624187e-14
4.000000000000000192e-04 7.943340000000000557e-04 3.348364609081624187e-14
4.000000000000000192e-04 8.912570000000000084e-04 3.348364609081624187e-14
4.000000000000000192e-04 1.000000000000000021e-03 3.348364609081624187e-14
4.000000000000000192e-04 1.047130000000000066e-03 3.348364609081624187e-14
4.000000000000000192e-04 1.096480000000000154e-03 3.348364609081624187e-14
4.000000000000000192e-04 1.148150000000000125e-03 3.348364609081624187e-14
4.000000000000000192e-04 1.202260000000000134e-03 3.348364609081624187e-14
4.000000000000000192e-04 1.258930000000000118e-03 3.348364609081624187e-14
4.000000000000000192e-04 1.318260000000000135e-03 3.348364609081624187e-14
4.000000000000000192e-04 1.380380000000000062e-03 3.348364609081624187e-14
4.000000000000000192e-04 1.445440000000000093e-03 3.348364609081624187e-14
4.000000000000000192e-04 1.513560000000000166e-03 3.444843288326028543e-14
4.000000000000000192e-04 1.584890000000000040e-03 3.296700777253501836e-14
4.000000000000000192e-04 1.659590000000000067e-03 3.151605185880406348e-14
4.000000000000000192e-04 1.737800000000000065e-03 3.010337700669565279e-14
4.000000000000000192e-04 1.819700000000000050e-03 2.873788782817898959e-14
4.000000000000000192e-04 1.905460000000000096e-03 3.346763766560121621e-14
4.000000000000000192e-04 1.995260000000000002e-03 3.075486739997432338e-14
4.000000000000000192e-04 2.089290000000000157e-03 3.682020912809937510e-14
4.000000000000000192e-04 2.187759999999999965e-03 3.308176380503972376e-14
4.000000000000000192e-04 2.290869999999999972e-03 3.689643154113680024e-14
4.000000000000000192e-04 2.398830000000000233e-03 3.118297544415177508e-14
4.000000000000000192e-04 2.511880000000000189e-03 2.926666043494742132e-14
4.000000000000000192e-04 2.630270000000000091e-03 3.515571964192194217e-14
4.000000000000000192e-04 2.754230000000000306e-03 5.671312591823793498e-14
4.000000000000000192e-04 2.884030000000000100e-03 8.325474039226434510e-14
4.000000000000000192e-04 3.019949999999999978e-03 1.238887058900561234e-13
4.000000000000000192e-04 3.162270000000000011e-03 1.662624418651782868e-13
4.000000000000000192e-04 3.311310000000000035e-03 1.748913891556939514e-13
4.000000000000000192e-04 3.467360000000000060e-03 1.729804758885525093e-13
4.000000000000000192e-04 3.630780000000000118e-03 1.727900161065446504e-13
4.000000000000000192e-04 3.801890000000000044e-03 1.627810200022736180e-13
4.000000000000000192e-04 3.981070000000000615e-03 1.303090983418552087e-13
4.000000000000000192e-04 4.168690000000000069e-03 1.085388081188617848e-13
4.000000000000000192e-04 4.365149999999999933e-03 9.870851966132899210e-14
4.000000000000000192e-04 4.570880000000000255e-03 9.363347288613138709e-14
4.000000000000000192e-04 4.786290000000000336e-03 8.757630301669505523e-14
4.000000000000000192e-04 5.011859999999999926e-03 8.069461947646026381e-14
4.000000000000000192e-04 5.248070000000000512e-03 7.262627840279842722e-14
4.000000000000000192e-04 5.495400000000000111e-03 6.229604440366838234e-14
4.000000000000000192e-04 5.754390000000000720e-03 5.983766046553497199e-14
4.000000000000000192e-04 6.025590000000000807e-03 5.688736047777540575e-14
4.000000000000000192e-04 6.309560000000000515e-03 5.333902713411496335e-14
4.000000000000000192e-04 6.606920000000000501e-03 4.887935252261548934e-14
4.000000000000000192e-04 6.918300000000000491e-03 4.337158154313444564e-14
4.000000000000000192e-04 7.244350000000000095e-03 4.276336841040103481e-14
4.000000000000000192e-04 7.585760000000000419e-03 4.200956695763824959e-14
4.000000000000000192e-04 7.943270000000000539e-03 4.107984112994532440e-14
4.000000000000000192e-04 8.317620000000001262e-03 4.000022018312064672e-14
4.000000000000000192e-04 8.709620000000001250e-03 3.874136432522137694e-14
4.000000000000000192e-04 9.120090000000000835e-03 3.722925058407340195e-14
4.000000000000000192e-04 9.549900000000000055e-03 3.551619695058059660e-14
4.000000000000000192e-04 9.999980000000000327e-03 3.345284330419888698e-14
4.000000000000000192e-04 1.047130000000000109e-02 3.145906753143532441e-14
4.000000000000000192e-04 1.096480000000000024e-02 3.147372325959954184e-14
4.000000000000000192e-04 1.148150000000000039e-02 3.218699241830391906e-14
4.000000000000000192e-04 1.202260000000000134e-02 3.267961243098550311e-14
4.000000000000000192e-04 1.258920000000000004e-02 3.293515366110416040e-14
4.000000000000000192e-04 1.318250000000000151e-02 3.282845895012066926e-14
4.000000000000000192e-04 1.380380000000000149e-02 3.235068332097146557e-14
4.000000000000000192e-04 1.445440000000000093e-02 3.147083794124258332e-14
4.000000000000000192e-04 1.513560000000000079e-02 2.972259180461431775e-14
4.000000000000000192e-04 1.584890000000000257e-02 2.841224260549321941e-14
4.000000000000000192e-04 1.659580000000000083e-02 2.771295697486114582e-14
4.000000000000000192e-04 1.737800000000000109e-02 2.696737361893358664e-14
4.000000000000000192e-04 1.819700000000000137e-02 2.625291145176558409e-14
4.000000000000000192e-04 1.905460000000000140e-02 2.542666598658433739e-14
4.000000000000000192e-04 1.995260000000000089e-02 2.455316962774486660e-14
4.000000000000000192e-04 2.089290000000000244e-02 2.311976924248851293e-14
4.000000000000000192e-04 2.187760000000000052e-02 2.240040257045847612e-14
4.000000000000000192e-04 2.290860000000000118e-02 2.218263398741441429e-14
4.000000000000000192e-04 2.398830000000000059e-02 2.193004567829110230e-14
4.000000000000000192e-04 2.511880000000000016e-02 2.163609246501073053e-14
4.000000000000000192e-04 2.630260000000000237e-02 2.130601189657651222e-14
4.000000000000000192e-04 2.754220000000000279e-02 2.093657487103284300e-14
4.000000000000000192e-04 2.900000000000000147e-02 2.046888529277310212e-14
4.000000000000000192e-04 3.000000000000000236e-02 2.012977050598198788e-14
4.000000000000000192e-04 3.100000000000000325e-02 1.977706383904038270e-14
4.000000000000000192e-04 3.200000000000000067e-02 1.941108842666858747e-14
4.000000000000000192e-04 3.300000000000000155e-02 1.893295288956810930e-14
4.000000000000000192e-04 3.400000000000000244e-02 1.851126406449678270e-14
4.000000000000000192e-04 3.500000000000000333e-02 1.823347842956288754e-14
4.000000000000000192e-04 3.600000000000000422e-02 1.807267556475928941e-14
4.000000000000000192e-04 3.700000000000000511e-02 1.790500247851964571e-14
4.000000000000000192e-04 3.799999999999999906e-02 1.772956707621843710e-14
4.000000000000000192e-04 3.899999999999999994e-02 1.754917574939610814e-14
4.000000000000000192e-04 4.000000000000000083e-02 1.736107833605447391e-14
4.000000000000000192e-04 4.250000000000000305e-02 1.685649131994851032e-14
4.000000000000000192e-04 4.500000000000000527e-02 1.631262534407380337e-14
4.000000000000000192e-04 4.750000000000000056e-02 1.573203704225666805e-14
4.000000000000000192e-04 5.000000000000000278e-02 1.509503520595143894e-14
4.000000000000000192e-04 5.250000000000000500e-02 1.439927696470825134e-14
4.000000000000000192e-04 5.500000000000000028e-02 1.403246555786391675e-14
4.000000000000000192e-04 5.708800000000000680e-02 1.385166659694250168e-14
4.000000000000000192e-04 6.405380000000000795e-02 1.312512507460152392e-14
4.000000000000000192e-04 7.186960000000000570e-02 1.235042932004786880e-14
4.000000000000000192e-04 8.063900000000000234e-02 1.186146896572824881e-14
4.000000000000000192e-04 9.047849600000000547e-02 1.117711730717202138e-14
4.000000000000000192e-04 1.015180000000000110e-01 1.025284543804841588e-14
4.000000000000000192e-04 1.139060000000000072e-01 9.962305681950101185e-15
4.000000000000000192e-04 1.278040000000000009e-01 9.433742000313383443e-15
4.000000000000000192e-04 1.433990080000000222e-01 8.754562556010553245e-15
4.000000000000000192e-04 1.608960000000000112e-01 8.018293083562227453e-15
4.000000000000000192e-04 1.805289919999999992e-01 7.678819936269369116e-15
4.000000000000000192e-04 2.025569920000000190e-01 7.294165523967243788e-15
4.000000000000000192e-04 2.272720000000000018e-01 6.825377534628123215e-15
4.000000000000000192e-04 2.550040000000000084e-01 6.264814057405491890e-15
4.000000000000000192e-04 2.861190080000000080e-01 5.638809277937019028e-15
4.000000000000000192e-04 3.210310080000000066e-01 5.171191854193442561e-15
4.000000000000000192e-04 3.602030080000000467e-01 4.811421328998781044e-15
4.000000000000000192e-04 4.041539840000000217e-01 4.392427044282631984e-15
4.000000000000000192e-04 4.534689920000000152e-01 3.957204124265654646e-15
4.000000000000000192e-04 5.088009920000000630e-01 3.673411767958612910e-15
4.000000000000000192e-04 5.708839680000000749e-01 3.434646423902678074e-15
4.000000000000000192e-04 6.405429759999999861e-01 3.142665461160882062e-15
4.000000000000000192e-04 7.187009920000000385e-01 2.785076501549798625e-15
4.000000000000000192e-04 8.063960320000000959e-01 2.441825685735698847e-15
4.000000000000000192e-04 9.047920000000000407e-01 2.221965374553864979e-15
4.000000000000000192e-04 1.015190020000000137e+00 2.136167896250210176e-15
4.000000000000000192e-04 1.139069950000000109e+00 2.166104878193303565e-15
4.000000000000000192e-04 1.278050050000000049e+00 1.681275501913309550e-15
4.000000000000000192e-04 1.434000000000000163e+00 1.506712998700554036e-15
4.000000000000000192e-04 1.608979970000000037e+00 1.389146974452626826e-15
4.000000000000000192e-04 1.680000000000000160e+00 1.365779494387082461e-15
4.000000000000000192e-04 1.700000000000000178e+00 1.368815431083090107e-15
4.000000000000000192e-04 1.800000000000000044e+00 1.337302787193078625e-15
4.000000000000000192e-04 1.900000000000000133e+00 1.281404022325084631e-15
4.000000000000000192e-04 2.000000000000000000e+00 1.222135106668380732e-15
4.000000000000000192e-04 2.100000000000000089e+00 1.143740908264070712e-15
4.000000000000000192e-04 2.200000000000000178e+00 1.072531649709943729e-15
4.000000000000000192e-04 2.300000000000000266e+00 1.034434232874472622e-15
4.000000000000000192e-04 2.400000000000000355e+00 9.980016359490270300e-16
4.000000000000000192e-04 2.500000000000000000e+00 9.630683414169405109e-16
4.000000000000000192e-04 2.600000000000000089e+00 9.291425066133906392e-16
4.000000000000000192e-04 2.750000130000000098e+00 8.717467267750537027e-16
4.000000000000000192e-04 3.000000000000000000e+00 8.182891896592114759e-16
4.000000000000000192e-04 3.249999870000000346e+00 7.724106884012554768e-16
4.000000000000000192e-04 3.500000000000000000e+00 7.256553084575405662e-16
4.000000000000000192e-04 3.750000130000000098e+00 6.848972659810454134e-16
4.000000000000000192e-04 4.000000000000000000e+00 6.535933612713602063e-16
4.000000000000000192e-04 4.249999869999999902e+00 6.237909939021510973e-16
4.000000000000000192e-04 4.499999740000000692e+00 5.959213967036245763e-16
4.000000000000000192e-04 4.750000130000000098e+00 5.687181206371698982e-16
4.000000000000000192e-04 5.000000000000000000e+00 5.442768416241326847e-16
4.000000000000000192e-04 5.249999869999999902e+00 5.245569843022702182e-16
4.000000000000000192e-04 5.500000260000000196e+00 5.059461548490376306e-16
4.000000000000000192e-04 5.750000130000000098e+00 4.881799743785446294e-16
4.000000000000000192e-04 6.000000000000000000e+00 4.714017228483632571e-16
4.000000000000000192e-04 6.249999870000000790e+00 4.555019969115396836e-16
4.000000000000000192e-04 6.499999740000000692e+00 4.405065080364008334e-16
4.000000000000000192e-04 6.750000130000000098e+00 4.228371162937796211e-16
4.000000000000000192e-04 7.000000000000000000e+00 4.085546149506918150e-16
4.000000000000000192e-04 7.249999870000000790e+00 3.971794582659241099e-16
4.000000000000000192e-04 7.500000260000000196e+00 3.862718081885437647e-16
4.000000000000000192e-04 7.750000130000000098e+00 3.757812359348025283e-16
4.000000000000000192e-04 8.000000000000000000e+00 3.656896288723591795e-16
4.000000000000000192e-04 8.249999869999999902e+00 3.560012816515186464e-16
4.000000000000000192e-04 8.499999739999999804e+00 3.466463008162319607e-16
4.000000000000000192e-04 8.750000130000000098e+00 3.376769250578283440e-16
4.000000000000000192e-04 8.999999490000000435e+00 3.290906534902750112e-16
4.000000000000000192e-04 9.249999869999999902e+00 3.208162600787851041e-16
4.000000000000000192e-04 9.500000260000000196e+00 3.129255126405824168e-16
4.000000000000000192e-04 9.749999620000000533e+00 3.053216402694084236e-16
4.000000000000000192e-04 1.000000000000000000e+01 2.980205231332714664e-16
4.000000000000000192e-04 1.025000040000000112e+01 2.924081855752710308e-16
4.000000000000000192e-04 1.049999970000000005e+01 2.871540881685626697e-16
4.000000000000000192e-04 1.075000010000000117e+01 2.820544757595144915e-16
4.000000000000000192e-04 1.100000050000000051e+01 2.770954495110779511e-16
4.000000000000000192e-04 1.124999990000000061e+01 2.722758523602850582e-16
4.000000000000000192e-04 1.150000029999999995e+01 2.675576006906057071e-16
4.000000000000000192e-04 1.174999960000000065e+01 2.629658571175709496e-16
4.000000000000000192e-04 1.200000000000000000e+01 2.585208113978410237e-16
4.000000000000000192e-04 1.225000040000000112e+01 2.541199970672257069e-16
4.000000000000000192e-04 1.249999970000000005e+01 2.498715763062067514e-16
4.000000000000000192e-04 1.275000010000000117e+01 2.457118362200153652e-16
4.000000000000000192e-04 1.299999950000000126e+01 2.416849804757228700e-16
4.000000000000000192e-04 1.324999990000000061e+01 2.377379977786466843e-16
4.000000000000000192e-04 1.350000029999999995e+01 2.338788750727399978e-16
4.000000000000000192e-04 1.374999960000000065e+01 2.301290672809450851e-16
4.000000000000000192e-04 1.400000000000000000e+01 2.264855494210044657e-16
4.000000000000000192e-04 1.425000040000000112e+01 2.229113098322903095e-16
4.000000000000000192e-04 1.449999970000000005e+01 2.194431597782129103e-16
4.000000000000000192e-04 1.475000010000000117e+01 2.160510367340843624e-16
4.000000000000000192e-04 1.500000050000000051e+01 2.127090849326676662e-16
4.000000000000000192e-04 1.524999990000000061e+01 2.093144354664725421e-16
4.000000000000000192e-04 1.550000030000000173e+01 2.044007201985257923e-16
4.000000000000000192e-04 1.574999960000000065e+01 2.018044272458684712e-16
4.000000000000000192e-04 1.600000000000000000e+01 1.992673485172347479e-16
4.000000000000000192e-04 1.625000040000000112e+01 1.967178030970363066e-16
4.000000000000000192e-04 1.649999970000000005e+01 1.942117434584599219e-16
4.000000000000000192e-04 1.675000010000000117e+01 1.917623791710988812e-16
4.000000000000000192e-04 1.699999950000000126e+01 1.893785379863188195e-16
4.000000000000000192e-04 1.725000089999999986e+01 1.869939060538288500e-16
4.000000000000000192e-04 1.750000029999999995e+01 1.846312616141942022e-16
4.000000000000000192e-04 1.774999960000000243e+01 1.823338907470982996e-16
4.000000000000000192e-04 1.799999900000000252e+01 1.800776800864838644e-16
4.000000000000000192e-04 1.825000040000000112e+01 1.778407315948437783e-16
4.000000000000000192e-04 1.849999970000000005e+01 1.756389915387133435e-16
4.000000000000000192e-04 1.874999910000000014e+01 1.735248748153369729e-16
4.000000000000000192e-04 1.900000050000000229e+01 1.713455500688480338e-16
4.000000000000000192e-04 1.924999990000000238e+01 1.692515436192102463e-16
4.000000000000000192e-04 1.949999920000000131e+01 1.671630945100428537e-16
4.000000000000000192e-04 1.975000059999999991e+01 1.651168630387927199e-16
4.000000000000000192e-04 2.000000000000000000e+01 1.631145765600677606e-16
8.000000000000000167e-03 0.000000000000000000e+00 5.256644661529969800e-14
8.000000000000000167e-03 1.258929999999999956e-04 5.256644661529969800e-14
8.000000000000000167e-03 1.412539999999999998e-04 5.256644661529969800e-14
8.000000000000000167e-03 1.584890000000000203e-04 5.256644661529969800e-14
8.000000000000000167e-03 1.778280000000000193e-04 5.256644661529969800e-14
8.000000000000000167e-03 1.995270000000000160e-04 5.256644661529969800e-14
8.000000000000000167e-03 2.238730000000000028e-04 5.256644661529969800e-14
8.000000000000000167e-03 2.511890000000000238e-04 5.256644661529969800e-14
8.000000000000000167e-03 2.818390000000000370e-04 5.256644661529969800e-14
8.000000000000000167e-03 3.162290000000000110e-04 5.256644661529969800e-14
8.000000000000000167e-03 3.548150000000000240e-04 5.256644661529969800e-14
8.000000000000000167e-03 3.981090000000000063e-04 5.256644661529969800e-14
8.000000000000000167e-03 4.466860000000000123e-04 5.256644661529969800e-14
8.000000000000000167e-03 5.011899999999999905e-04 5.256644661529969800e-14
8.000000000000000167e-03 5.623439999999999949e-04 5.256644661529969800e-14
8.000000000000000167e-03 6.309610000000000869e-04 5.256644661529969800e-14
8.000000000000000167e-03 7.079500000000000506e-04 5.256644661529969800e-14
8.000000000000000167e-03 7.943340000000000557e-04 5.256644661529969800e-14
8.000000000000000167e-03 8.912570000000000084e-04 5.256644661529969800e-14
8.000000000000000167e-03 1.000000000000000021e-03 5.256644661529969800e-14
8.000000000000000167e-03 1.047130000000000066e-03 5.256644661529969800e-14
8.000000000000000167e-03 1.096480000000000154e-03 5.256644661529969800e-14
8.000000000000000167e-03 1.148150000000000125e-03 5.256644661529969800e-14
8.000000000000000167e-03 1.202260000000000134e-03 5.256644661529969800e-14
8.000000000000000167e-03 1.258930000000000118e-03 5.256644661529969800e-14
8.000000000000000167e-03 1.318260000000000135e-03 5.256644661529969800e-14
8.000000000000000167e-03 1.380380000000000062e-03 5.256644661529969800e-14
8.000000000000000167e-03 1.445440000000000093e-03 5.256644661529969800e-14
8.000000000000000167e-03 1.513560000000000166e-03 5.256644661529969800e-14
8.000000000000000167e-03 1.584890000000000040e-03 5.256644661529969800e-14
8.000000000000000167e-03 1.659590000000000067e-03 5.256644661529969800e-14
8.000000000000000167e-03 1.737800000000000065e-03 6.470049321675163579e-14
8.000000000000000167e-03 1.819700000000000050e-03 6.473158972328466852e-14
8.000000000000000167e-03 1.905460000000000096e-03 6.490885615500304154e-14
8.000000000000000167e-03 1.995260000000000002e-03 6.556877822330276575e-14
8.000000000000000167e-03 2.089290000000000157e-03 6.684714044310166630e-14
8.000000000000000167e-03 2.187759999999999965e-03 7.484144898163402825e-14
8.000000000000000167e-03 2.290869999999999972e-03 7.682040981362793489e-14
8.000000000000000167e-03 2.398830000000000233e-03 8.163844125716917533e-14
8.000000000000000167e-03 2.511880000000000189e-03 8.819623098351686734e-14
8.000000000000000167e-03 2.630270000000000091e-03 9.042792947657644447e-14
8.000000000000000167e-03 2.754230000000000306e-03 9.803427784956250834e-14
8.000000000000000167e-03 2.884030000000000100e-03 1.053237042743219512e-13
8.000000000000000167e-03 3.019949999999999978e-03 1.133960904377747986e-13
8.000000000000000167e-03 3.162270000000000011e-03 1.288021464632224267e-13
8.000000000000000167e-03 3.311310000000000035e-03 1.336394328923394887e-13
8.000000000000000167e-03 3.467360000000000060e-03 1.346692989041186416e-13
8.000000000000000167e-03 3.630780000000000118e-03 1.307837386669109056e-13
8.000000000000000167e-03 3.801890000000000044e-03 1.235119421171097331e-13
8.000000000000000167e-03 3.981070000000000615e-03 1.158675301726626114e-13
8.000000000000000167e-03 4.168690000000000069e-03 1.138680129719279079e-13
8.000000000000000167e-03 4.365149999999999933e-03 1.122951470963080724e-13
8.000000000000000167e-03 4.570880000000000255e-03 1.114785060609540825e-13
8.000000000000000167e-03 4.786290000000000336e-03 1.135126896660725241e-13
8.000000000000000167e-03 5.011859999999999926e-03 1.152234378719996691e-13
8.000000000000000167e-03 5.248070000000000512e-03 1.190243064515408534e-13
8.000000000000000167e-03 5.495400000000000111e-03 1.238914200226758378e-13
8.000000000000000167e-03 5.754390000000000720e-03 1.267445046343284763e-13
8.000000000000000167e-03 6.025590000000000807e-03 1.268381399341627537e-13
8.000000000000000167e-03 6.309560000000000515e-03 1.215694037613444965e-13
8.000000000000000167e-03 6.606920000000000501e-03 1.128484928706512788e-13
8.000000000000000167e-03 6.918300000000000491e-03 1.067199207999198268e-13
8.000000000000000167e-03 7.244350000000000095e-03 1.018736774283079893e-13
8.000000000000000167e-03 7.585760000000000419e-03 9.666226645822608594e-14
8.000000000000000167e-03 7.943270000000000539e-03 9.098763186386923592e-14
8.000000000000000167e-03 8.317620000000001262e-03 8.494733633722754225e-14
8.000000000000000167e-03 8.709620000000001250e-03 7.861950336641721134e-14
8.000000000000000167e-03 9.120090000000000835e-03 7.191237100221103402e-14
8.000000000000000167e-03 9.549900000000000055e-03 6.480228369736059887e-14
8.000000000000000167e-03 9.999980000000000327e-03 5.543292356988711008e-14
8.000000000000000167e-03 1.047130000000000109e-02 5.342481134879199622e-14
8.000000000000000167e-03 1.096480000000000024e-02 5.181402418958911570e-14
8.000000000000000167e-03 1.148150000000000039e-02 5.013175088855709964e-14
8.000000000000000167e-03 1.202260000000000134e-02 4.833390100022318350e-14
8.000000000000000167e-03 1.258920000000000004e-02 4.643413052114048318e-14
8.000000000000000167e-03 1.318250000000000151e-02 4.440721361160013667e-14
8.000000000000000167e-03 1.380380000000000149e-02 4.227814018484845380e-14
8.000000000000000167e-03 1.445440000000000093e-02 3.969493448201211348e-14
8.000000000000000167e-03 1.513560000000000079e-02 3.765700635495354002e-14
8.000000000000000167e-03 1.584890000000000257e-02 3.679641776537400416e-14
8.000000000000000167e-03 1.659580000000000083e-02 3.589345757404599790e-14
8.000000000000000167e-03 1.737800000000000109e-02 3.492991326784160146e-14
8.000000000000000167e-03 1.819700000000000137e-02 3.391815878095457449e-14
8.000000000000000167e-03 1.905460000000000140e-02 3.285816623437794640e-14
8.000000000000000167e-03 1.995260000000000089e-02 3.171173747540286033e-14
8.000000000000000167e-03 2.089290000000000244e-02 3.009706039069223485e-14
8.000000000000000167e-03 2.187760000000000052e-02 2.914318921093622751e-14
8.000000000000000167e-03 2.290860000000000118e-02 2.841451609552146940e-14
8.000000000000000167e-03 2.398830000000000059e-02 2.772703662927983707e-14
8.000000000000000167e-03 2.511880000000000016e-02 2.691376141013672406e-14
8.000000000000000167e-03 2.630260000000000237e-02 2.606186726488255015e-14
8.000000000000000167e-03 2.754220000000000279e-02 2.519098633685356853e-14
8.000000000000000167e-03 2.900000000000000147e-02 2.418404153247754127e-14
8.000000000000000167e-03 3.000000000000000236e-02 2.349860953244924304e-14
8.000000000000000167e-03 3.100000000000000325e-02 2.281979652166443932e-14
8.000000000000000167e-03 3.200000000000000067e-02 2.215014066918084419e-14
8.000000000000000167e-03 3.300000000000000155e-02 2.146304003126404012e-14
8.000000000000000167e-03 3.400000000000000244e-02 2.063842294242188272e-14
8.000000000000000167e-03 3.500000000000000333e-02 2.011356969609346615e-14
8.000000000000000167e-03 3.600000000000000422e-02 1.988657886892056692e-14
8.000000000000000167e-03 3.700000000000000511e-02 1.965592039769038334e-14
8.000000000000000167e-03 3.799999999999999906e-02 1.942118584083055881e-14
8.000000000000000167e-03 3.899999999999999994e-02 1.918145611270014604e-14
8.000000000000000167e-03 4.000000000000000083e-02 1.893819992111735676e-14
8.000000000000000167e-03 4.250000000000000305e-02 1.832009361693807426e-14
8.000000000000000167e-03 4.500000000000000527e-02 1.770576600126459422e-14
8.000000000000000167e-03 4.750000000000000056e-02 1.708921822788747148e-14
8.000000000000000167e-03 5.000000000000000278e-02 1.646193890663774193e-14
8.000000000000000167e-03 5.250000000000000500e-02 1.582589267281823397e-14
8.000000000000000167e-03 5.500000000000000028e-02 1.514236120573026035e-14
8.000000000000000167e-03 5.708800000000000680e-02 1.474524294584798842e-14
8.000000000000000167e-03 6.405380000000000795e-02 1.400847062582258166e-14
8.000000000000000167e-03 7.186960000000000570e-02 1.308060996583256634e-14
8.000000000000000167e-03 8.063900000000000234e-02 1.225206204190901753e-14
8.000000000000000167e-03 9.047849600000000547e-02 1.160089716989593992e-14
8.000000000000000167e-03 1.015180000000000110e-01 1.076661503735052852e-14
8.000000000000000167e-03 1.139060000000000072e-01 9.831454283470294632e-15
8.000000000000000167e-03 1.278040000000000009e-01 9.380377603303878872e-15
8.000000000000000167e-03 1.433990080000000222e-01 8.796076709924648540e-15
8.000000000000000167e-03 1.608960000000000112e-01 8.046243792565650657e-15
8.000000000000000167e-03 1.805289919999999992e-01 7.127380460302078683e-15
8.000000000000000167e-03 2.025569920000000190e-01 6.533321568469861434e-15
8.000000000000000167e-03 2.272720000000000018e-01 6.141545207634311705e-15
8.000000000000000167e-03 2.550040000000000084e-01 5.709964335102257875e-15
8.000000000000000167e-03 2.861190080000000080e-01 5.240703759620940753e-15
8.000000000000000167e-03 3.210310080000000066e-01 4.725646902467173869e-15
8.000000000000000167e-03 3.602030080000000467e-01 4.220244110559439811e-15
8.000000000000000167e-03 4.041539840000000217e-01 3.774068017925017126e-15
8.000000000000000167e-03 4.534689920000000152e-01 3.446487809255759158e-15
8.000000000000000167e-03 5.088009920000000630e-01 3.141912737961564595e-15
8.000000000000000167e-03 5.708839680000000749e-01 2.857504818825435325e-15
8.000000000000000167e-03 6.405429759999999861e-01 2.594172370747545966e-15
8.000000000000000167e-03 7.187009920000000385e-01 2.355477108503047188e-15
8.000000000000000167e-03 8.063960320000000959e-01 2.116335923647386290e-15
8.000000000000000167e-03 9.047920000000000407e-01 1.892504481072192397e-15
8.000000000000000167e-03 1.015190020000000137e+00 1.703954380771522541e-15
8.000000000000000167e-03 1.139069950000000109e+00 1.599346364807780935e-15
8.000000000000000167e-03 1.278050050000000049e+00 1.666388979301107924e-15
8.000000000000000167e-03 1.434000000000000163e+00 1.185788160284051282e-15
8.000000000000000167e-03 1.608979970000000037e+00 1.036287118752402327e-15
8.000000000000000167e-03 1.680000000000000160e+00 9.947966438215957594e-16
8.000000000000000167e-03 1.700000000000000178e+00 9.840760584120887965e-16
8.000000000000000167e-03 1.800000000000000044e+00 9.150231228232799877e-16
8.000000000000000167e-03 1.900000000000000133e+00 8.245936906389568036e-16
8.000000000000000167e-03 2.000000000000000000e+00 7.538183112532976342e-16
8.000000000000000167e-03 2.100000000000000089e+00 7.278240328465235465e-16
8.000000000000000167e-03 2.200000000000000178e+00 7.040617601641854474e-16
8.000000000000000167e-03 2.300000000000000266e+00 6.758302051720815671e-16
8.000000000000000167e-03 2.400000000000000355e+00 6.480629913517489333e-16
8.000000000000000167e-03 2.500000000000000000e+00 6.257022102228560528e-16
8.000000000000000167e-03 2.600000000000000089e+00 6.058318490394014997e-16
8.000000000000000167e-03 2.750000130000000098e+00 5.765079184922833372e-16
8.000000000000000167e-03 3.000000000000000000e+00 5.240616871243001343e-16
8.000000000000000167e-03 3.249999870000000346e+00 4.860529767201308626e-16
8.000000000000000167e-03 3.500000000000000000e+00 4.508694522495819903e-16
8.000000000000000167e-03 3.750000130000000098e+00 3.884886118457949210e-16
8.000000000000000167e-03 4.000000000000000000e+00 3.676100315216350487e-16
8.000000000000000167e-03 4.249999869999999902e+00 3.522932441351610008e-16
8.000000000000000167e-03 4.499999740000000692e+00 3.379906321955349233e-16
8.000000000000000167e-03 4.750000130000000098e+00 3.240837943087976487e-16
8.000000000000000167e-03 5.000000000000000000e+00 3.130659376301326828e-16
8.000000000000000167e-03 5.249999869999999902e+00 3.172645934566158879e-16
8.000000000000000167e-03 5.500000260000000196e+00 3.050964349037560790e-16
8.000000000000000167e-03 5.750000130000000098e+00 2.936117806659081347e-16
8.000000000000000167e-03 6.000000000000000000e+00 2.828971946865305235e-16
8.000000000000000167e-03 6.249999870000000790e+00 2.727207123683880164e-16
8.000000000000000167e-03 6.499999740000000692e+00 2.631611828767327079e-16
8.000000000000000167e-03 6.750000130000000098e+00 2.539219653910702833e-16
8.000000000000000167e-03 7.000000000000000000e+00 2.426467444554334442e-16
8.000000000000000167e-03 7.249999870000000790e+00 2.329408614848349550e-16
8.000000000000000167e-03 7.500000260000000196e+00 2.267337779850725906e-16
8.000000000000000167e-03 7.750000130000000098e+00 2.207580212293440451e-16
8.000000000000000167e-03 8.000000000000000000e+00 2.151291464439373988e-16
8.000000000000000167e-03 8.249999869999999902e+00 2.097789424470580626e-16
8.000000000000000167e-03 8.499999739999999804e+00 2.046665682508491568e-16
8.000000000000000167e-03 8.750000130000000098e+00 1.997389744937742306e-16
8.000000000000000167e-03 8.999999490000000435e+00 1.950676074889089552e-16
8.000000000000000167e-03 9.249999869999999902e+00 1.905273126380961928e-16
8.000000000000000167e-03 9.500000260000000196e+00 1.862081545328075659e-16
8.000000000000000167e-03 9.749999620000000533e+00 1.818987049258923052e-16
8.000000000000000167e-03 1.000000000000000000e+01 1.778168529033544396e-16
8.000000000000000167e-03 1.025000040000000112e+01 1.740168015093178324e-16
8.000000000000000167e-03 1.049999970000000005e+01 1.702431067839896489e-16
8.000000000000000167e-03 1.075000010000000117e+01 1.665968283590299739e-16
8.000000000000000167e-03 1.100000050000000051e+01 1.630454166042347293e-16
8.000000000000000167e-03 1.124999990000000061e+01 1.596263888004570245e-16
8.000000000000000167e-03 1.150000029999999995e+01 1.563337427544636361e-16
8.000000000000000167e-03 1.174999960000000065e+01 1.531010591502916099e-16
8.000000000000000167e-03 1.200000000000000000e+01 1.500131467907305466e-16
8.000000000000000167e-03 1.225000040000000112e+01 1.470201868342674744e-16
8.000000000000000167e-03 1.249999970000000005e+01 1.441452710225993798e-16
8.000000000000000167e-03 1.275000010000000117e+01 1.413630134723857645e-16
8.000000000000000167e-03 1.299999950000000126e+01 1.386634658060092240e-16
8.000000000000000167e-03 1.324999990000000061e+01 1.360723183051775929e-16
8.000000000000000167e-03 1.350000029999999995e+01 1.335673841525083111e-16
8.000000000000000167e-03 1.374999960000000065e+01 1.311594917797715594e-16
8.000000000000000167e-03 1.400000000000000000e+01 1.288194069744067530e-16
8.000000000000000167e-03 1.425000040000000112e+01 1.265657790456266591e-16
8.000000000000000167e-03 1.449999970000000005e+01 1.243830575630725142e-16
8.000000000000000167e-03 1.475000010000000117e+01 1.222670861489880324e-16
8.000000000000000167e-03 1.500000050000000051e+01 1.203114186428235751e-16
8.000000000000000167e-03 1.524999990000000061e+01 1.188981207808756978e-16
8.000000000000000167e-03 1.550000030000000173e+01 1.174207018032238041e-16
8.000000000000000167e-03 1.574999960000000065e+01 1.159931580773604047e-16
8.000000000000000167e-03 1.600000000000000000e+01 1.146107302718875614e-16
8.000000000000000167e-03 1.625000040000000112e+01 1.132238542558516223e-16
8.000000000000000167e-03 1.649999970000000005e+01 1.118639008439512237e-16
8.000000000000000167e-03 1.675000010000000117e+01 1.105431629427943217e-16
8.000000000000000167e-03 1.699999950000000126e+01 1.092681033315729852e-16
8.000000000000000167e-03 1.725000089999999986e+01 1.079966195577357430e-16
8.000000000000000167e-03 1.750000029999999995e+01 1.067671743493211461e-16
8.000000000000000167e-03 1.774999960000000243e+01 1.055486092672074582e-16
8.000000000000000167e-03 1.799999900000000252e+01 1.043748592593701447e-16
8.000000000000000167e-03 1.825000040000000112e+01 1.031802107001506308e-16
8.000000000000000167e-03 1.849999970000000005e+01 1.020483984091966633e-16
8.000000000000000167e-03 1.874999910000000014e+01 1.009192883723125910e-16
8.000000000000000167e-03 1.900000050000000229e+01 9.981957277747930001e-17
8.000000000000000167e-03 1.924999990000000238e+01 9.872919117805085805e-17
8.000000000000000167e-03 1.949999920000000131e+01 9.768463906948481568e-17
8.000000000000000167e-03 1.975000059999999991e+01 9.662710313530689496e-17
8.000000000000000167e-03 2.000000000000000000e+01 9.559545829363318806e-17
5.000000000000000278e-02 0.000000000000000000e+00 8.713973596136662122e-14
5.000000000000000278e-02 1.258929999999999956e-04 8.713973596136662122e-14
5.000000000000000278e-02 1.412539999999999998e-04 9.476819050487250083e-14
5.000000000000000278e-02 1.584890000000000203e-04 9.323785799758935110e-14
5.000000000000000278e-02 1.778280000000000193e-04 9.169343164767765422e-14
5.000000000000000278e-02 1.995270000000000160e-04 9.013609965260306580e-14
5.000000000000000278e-02 2.238730000000000028e-04 9.490603018284104905e-14
5.000000000000000278e-02 2.511890000000000238e-04 9.302446764734153198e-14
5.000000000000000278e-02 2.818390000000000370e-04 9.111813396070999597e-14
5.000000000000000278e-02 3.162290000000000110e-04 9.450765543985300552e-14
5.000000000000000278e-02 3.548150000000000240e-04 9.237105148039869204e-14
5.000000000000000278e-02 3.981090000000000063e-04 9.751361305297239354e-14
5.000000000000000278e-02 4.466860000000000123e-04 9.498078518232100884e-14
5.000000000000000278e-02 5.011899999999999905e-04 9.740020420862233938e-14
5.000000000000000278e-02 5.623439999999999949e-04 1.006477907270843488e-13
5.000000000000000278e-02 6.309610000000000869e-04 9.823562644484877282e-14
5.000000000000000278e-02 7.079500000000000506e-04 1.106702842285218808e-13
5.000000000000000278e-02 7.943340000000000557e-04 1.058573619402615055e-13
5.000000000000000278e-02 8.912570000000000084e-04 1.142550222905203915e-13
5.000000000000000278e-02 1.000000000000000021e-03 1.105955527812098974e-13
5.000000000000000278e-02 1.047130000000000066e-03 1.189743557404962613e-13
5.000000000000000278e-02 1.096480000000000154e-03 1.157270532281539944e-13
5.000000000000000278e-02 1.148150000000000125e-03 1.118406555332268514e-13
5.000000000000000278e-02 1.202260000000000134e-03 1.225994136940043078e-13
5.000000000000000278e-02 1.258930000000000118e-03 1.204296935572003225e-13
5.000000000000000278e-02 1.318260000000000135e-03 1.178785511769533536e-13
5.000000000000000278e-02 1.380380000000000062e-03 1.309279028182722551e-13
5.000000000000000278e-02 1.445440000000000093e-03 1.262614532334981012e-13
5.000000000000000278e-02 1.513560000000000166e-03 1.380546603877023870e-13
5.000000000000000278e-02 1.584890000000000040e-03 1.309599159703259753e-13
5.000000000000000278e-02 1.659590000000000067e-03 1.415876134639262962e-13
5.000000000000000278e-02 1.737800000000000065e-03 1.515138915088934784e-13
5.000000000000000278e-02 1.819700000000000050e-03 1.453304165755674805e-13
5.000000000000000278e-02 1.905460000000000096e-03 1.559645627939837280e-13
5.000000000000000278e-02 1.995260000000000002e-03 1.617605120952848988e-13
5.000000000000000278e-02 2.089290000000000157e-03 1.677988030168752081e-13
5.000000000000000278e-02 2.187759999999999965e-03 1.720977524001670689e-13
5.000000000000000278e-02 2.290869999999999972e-03 1.746883275622951968e-13
5.000000000000000278e-02 2.398830000000000233e-03 1.731729430096435050e-13
5.000000000000000278e-02 2.511880000000000189e-03 1.929096307522399993e-13
5.000000000000000278e-02 2.630270000000000091e-03 1.637516313263415828e-13
5.000000000000000278e-02 2.754230000000000306e-03 1.581887036929364975e-13
5.000000000000000278e-02 2.884030000000000100e-03 1.665401462430824283e-13
5.000000000000000278e-02 3.019949999999999978e-03 1.838521293109726628e-13
5.000000000000000278e-02 3.162270000000000011e-03 2.038825475915826082e-13
5.000000000000000278e-02 3.311310000000000035e-03 2.138580407849185031e-13
5.000000000000000278e-02 3.467360000000000060e-03 2.094932805408987129e-13
5.000000000000000278e-02 3.630780000000000118e-03 1.918428534318701481e-13
5.000000000000000278e-02 3.801890000000000044e-03 1.812569811932367260e-13
5.000000000000000278e-02 3.981070000000000615e-03 1.754857723046126142e-13
5.000000000000000278e-02 4.168690000000000069e-03 1.691636380862756821e-13
5.000000000000000278e-02 4.365149999999999933e-03 1.623484332367661201e-13
5.000000000000000278e-02 4.570880000000000255e-03 1.547767672311061858e-13
5.000000000000000278e-02 4.786290000000000336e-03 1.463373140149540279e-13
5.000000000000000278e-02 5.011859999999999926e-03 1.371097318763623541e-13
5.000000000000000278e-02 5.248070000000000512e-03 1.270230751238101978e-13
5.000000000000000278e-02 5.495400000000000111e-03 1.160773900312604741e-13
5.000000000000000278e-02 5.754390000000000720e-03 1.044197769845052515e-13
5.000000000000000278e-02 6.025590000000000807e-03 9.202468478054538788e-14
5.000000000000000278e-02 6.309560000000000515e-03 7.933121270590016271e-14
5.000000000000000278e-02 6.606920000000000501e-03 7.004794910096827509e-14
5.000000000000000278e-02 6.918300000000000491e-03 6.499058960284467394e-14
5.000000000000000278e-02 7.244350000000000095e-03 6.131485390008299416e-14
5.000000000000000278e-02 7.585760000000000419e-03 5.815744217340818186e-14
5.000000000000000278e-02 7.943270000000000539e-03 5.485509315469036572e-14
5.000000000000000278e-02 8.317620000000001262e-03 5.147385076449630667e-14
5.000000000000000278e-02 8.709620000000001250e-03 4.809844707239579125e-14
5.000000000000000278e-02 9.120090000000000835e-03 4.468526537182396208e-14
5.000000000000000278e-02 9.549900000000000055e-03 4.194434985753001824e-14
5.000000000000000278e-02 9.999980000000000327e-03 4.003731529566828864e-14
5.000000000000000278e-02 1.047130000000000109e-02 3.848629546319483288e-14
5.000000000000000278e-02 1.096480000000000024e-02 3.696938665509220523e-14
5.000000000000000278e-02 1.148150000000000039e-02 3.542230531046304751e-14
5.000000000000000278e-02 1.202260000000000134e-02 3.387284746091246618e-14
5.000000000000000278e-02 1.258920000000000004e-02 3.235479327843378680e-14
5.000000000000000278e-02 1.318250000000000151e-02 3.103766289664713350e-14
5.000000000000000278e-02 1.380380000000000149e-02 3.006326648842949523e-14
5.000000000000000278e-02 1.445440000000000093e-02 2.916184766864306060e-14
5.000000000000000278e-02 1.513560000000000079e-02 2.827508356524386657e-14
5.000000000000000278e-02 1.584890000000000257e-02 2.744501828220574968e-14
5.000000000000000278e-02 1.659580000000000083e-02 2.653405687796097764e-14
5.000000000000000278e-02 1.737800000000000109e-02 2.562062723074370144e-14
5.000000000000000278e-02 1.819700000000000137e-02 2.470689751705153736e-14
5.000000000000000278e-02 1.905460000000000140e-02 2.380262301268153669e-14
5.000000000000000278e-02 1.995260000000000089e-02 2.294839742079957126e-14
5.000000000000000278e-02 2.089290000000000244e-02 2.210866344946274389e-14
5.000000000000000278e-02 2.187760000000000052e-02 2.131464057736502814e-14
5.000000000000000278e-02 2.290860000000000118e-02 2.071832157435786948e-14
5.000000000000000278e-02 2.398830000000000059e-02 2.014212391659188984e-14
5.000000000000000278e-02 2.511880000000000016e-02 1.959083377413420996e-14
5.000000000000000278e-02 2.630260000000000237e-02 1.903773477179664585e-14
5.000000000000000278e-02 2.754220000000000279e-02 1.849769735899566142e-14
5.000000000000000278e-02 2.900000000000000147e-02 1.789004835867071019e-14
5.000000000000000278e-02 3.000000000000000236e-02 1.749430791205747434e-14
5.000000000000000278e-02 3.100000000000000325e-02 1.711398622994668181e-14
5.000000000000000278e-02 3.200000000000000067e-02 1.674631994820110007e-14
5.000000000000000278e-02 3.300000000000000155e-02 1.642059150342261364e-14
5.000000000000000278e-02 3.400000000000000244e-02 1.608276793211673587e-14
5.000000000000000278e-02 3.500000000000000333e-02 1.576454301447807131e-14
5.000000000000000278e-02 3.600000000000000422e-02 1.546235791782080591e-14
5.000000000000000278e-02 3.700000000000000511e-02 1.518011187125520246e-14
5.000000000000000278e-02 3.799999999999999906e-02 1.493457719779208118e-14
5.000000000000000278e-02 3.899999999999999994e-02 1.468622186871169735e-14
5.000000000000000278e-02 4.000000000000000083e-02 1.444575162584860115e-14
5.000000000000000278e-02 4.250000000000000305e-02 1.393025212438735476e-14
5.000000000000000278e-02 4.500000000000000527e-02 1.345142685002020186e-14
5.000000000000000278e-02 4.750000000000000056e-02 1.299836379489559285e-14
5.000000000000000278e-02 5.000000000000000278e-02 1.257353313407386867e-14
5.000000000000000278e-02 5.250000000000000500e-02 1.217733694463816424e-14
5.000000000000000278e-02 5.500000000000000028e-02 1.183796761480974942e-14
5.000000000000000278e-02 5.708800000000000680e-02 1.157150598090023869e-14
5.000000000000000278e-02 6.405380000000000795e-02 1.085655323238063813e-14
5.000000000000000278e-02 7.186960000000000570e-02 1.010575513108728506e-14
5.000000000000000278e-02 8.063900000000000234e-02 9.388300155799848850e-15
5.000000000000000278e-02 9.047849600000000547e-02 8.755914582902705884e-15
5.000000000000000278e-02 1.015180000000000110e-01 8.182384383911430570e-15
5.000000000000000278e-02 1.139060000000000072e-01 7.609946486889859452e-15
5.000000000000000278e-02 1.278040000000000009e-01 7.035446693200581621e-15
5.000000000000000278e-02 1.433990080000000222e-01 6.487933658418933249e-15
5.000000000000000278e-02 1.608960000000000112e-01 6.020995630736160872e-15
5.000000000000000278e-02 1.805289919999999992e-01 5.584890157656961518e-15
5.000000000000000278e-02 2.025569920000000190e-01 5.137390405408931659e-15
5.000000000000000278e-02 2.272720000000000018e-01 4.708597502896888630e-15
5.000000000000000278e-02 2.550040000000000084e-01 4.258826934428528238e-15
5.000000000000000278e-02 2.861190080000000080e-01 3.829973205941075173e-15
5.000000000000000278e-02 3.210310080000000066e-01 3.433227721185069050e-15
5.000000000000000278e-02 3.602030080000000467e-01 3.094747050179389126e-15
5.000000000000000278e-02 4.041539840000000217e-01 2.777223747606929217e-15
5.000000000000000278e-02 4.534689920000000152e-01 2.479429129932617374e-15
5.000000000000000278e-02 5.088009920000000630e-01 2.214037464916624545e-15
5.000000000000000278e-02 5.708839680000000749e-01 1.965825560135326965e-15
5.000000000000000278e-02 6.405429759999999861e-01 1.749444792360840804e-15
5.000000000000000278e-02 7.187009920000000385e-01 1.526396438838819391e-15
5.000000000000000278e-02 8.063960320000000959e-01 1.333735986156129681e-15
5.000000000000000278e-02 9.047920000000000407e-01 1.157901889831997669e-15
5.000000000000000278e-02 1.015190020000000137e+00 1.015918803954894558e-15
5.000000000000000278e-02 1.139069950000000109e+00 9.086829021519286112e-16
5.000000000000000278e-02 1.278050050000000049e+00 8.294167264686705405e-16
5.000000000000000278e-02 1.434000000000000163e+00 6.884523095025766102e-16
5.000000000000000278e-02 1.608979970000000037e+00 6.035102463929748013e-16
5.000000000000000278e-02 1.680000000000000160e+00 5.722945546770508422e-16
5.000000000000000278e-02 1.700000000000000178e+00 5.636221456560498453e-16
5.000000000000000278e-02 1.800000000000000044e+00 5.225163602243875630e-16
5.000000000000000278e-02 1.900000000000000133e+00 4.816188489533084222e-16
5.000000000000000278e-02 2.000000000000000000e+00 4.560568800943567661e-16
5.000000000000000278e-02 2.100000000000000089e+00 4.324797149890963949e-16
5.000000000000000278e-02 2.200000000000000178e+00 4.103893335030748718e-16
5.000000000000000278e-02 2.300000000000000266e+00 3.904889179252768452e-16
5.000000000000000278e-02 2.400000000000000355e+00 3.728726957085490870e-16
5.000000000000000278e-02 2.500000000000000000e+00 3.579911623385964092e-16
5.000000000000000278e-02 2.600000000000000089e+00 3.435780810708819372e-16
5.000000000000000278e-02 2.750000130000000098e+00 3.227722908513594446e-16
5.000000000000000278e-02 3.000000000000000000e+00 2.964799335632945701e-16
5.000000000000000278e-02 3.249999870000000346e+00 2.721940065602853813e-16
5.000000000000000278e-02 3.500000000000000000e+00 2.490279022871799303e-16
5.000000000000000278e-02 3.750000130000000098e+00 2.313806284387382258e-16
5.000000000000000278e-02 4.000000000000000000e+00 2.158158336727381348e-16
5.000000000000000278e-02 4.249999869999999902e+00 1.971541325508484251e-16
5.000000000000000278e-02 4.499999740000000692e+00 1.865195538440519691e-16
5.000000000000000278e-02 4.750000130000000098e+00 1.780446076761765166e-16
5.000000000000000278e-02 5.000000000000000000e+00 1.701838021763249394e-16
5.000000000000000278e-02 5.249999869999999902e+00 1.627937131154339035e-16
5.000000000000000278e-02 5.500000260000000196e+00 1.559398995132589365e-16
5.000000000000000278e-02 5.750000130000000098e+00 1.496038671254201958e-16
5.000000000000000278e-02 6.000000000000000000e+00 1.437800359454984429e-16
5.000000000000000278e-02 6.249999870000000790e+00 1.383920755781813641e-16
5.000000000000000278e-02 6.499999740000000692e+00 1.334459886362926144e-16
5.000000000000000278e-02 6.750000130000000098e+00 1.287894903236465665e-16
5.000000000000000278e-02 7.000000000000000000e+00 1.245279065126274803e-16
5.000000000000000278e-02 7.249999870000000790e+00 1.204513308852591872e-16
5.000000000000000278e-02 7.500000260000000196e+00 1.159560343827056071e-16
5.000000000000000278e-02 7.750000130000000098e+00 1.087318951304642425e-16
5.000000000000000278e-02 8.000000000000000000e+00 1.060797041306680165e-16
5.000000000000000278e-02 8.249999869999999902e+00 1.035314913566588935e-16
5.000000000000000278e-02 8.499999739999999804e+00 1.010416965026484834e-16
5.000000000000000278e-02 8.750000130000000098e+00 9.863408560072221778e-17
5.000000000000000278e-02 8.999999490000000435e+00 9.625669217372867197e-17
5.000000000000000278e-02 9.249999869999999902e+00 9.399153991118649549e-17
5.000000000000000278e-02 9.500000260000000196e+00 9.179207484740917298e-17
5.000000000000000278e-02 9.749999620000000533e+00 8.966504353707849448e-17
5.000000000000000278e-02 1.000000000000000000e+01 8.752326592921960458e-17
5.000000000000000278e-02 1.025000040000000112e+01 8.553673854034083907e-17
5.000000000000000278e-02 1.049999970000000005e+01 8.356148812688068065e-17
5.000000000000000278e-02 1.075000010000000117e+01 8.171082377678648702e-17
5.000000000000000278e-02 1.100000050000000051e+01 7.987981873854513462e-17
5.000000000000000278e-02 1.124999990000000061e+01 7.809093304691331642e-17
5.000000000000000278e-02 1.150000029999999995e+01 7.633016093091537353e-17
5.000000000000000278e-02 1.174999960000000065e+01 7.464612674010299529e-17
5.000000000000000278e-02 1.200000000000000000e+01 7.300999573017074154e-17
5.000000000000000278e-02 1.225000040000000112e+01 7.142565908637089566e-17
5.000000000000000278e-02 1.249999970000000005e+01 6.991612447875730239e-17
5.000000000000000278e-02 1.275000010000000117e+01 6.846913623856191279e-17
5.000000000000000278e-02 1.299999950000000126e+01 6.705082105780735243e-17
5.000000000000000278e-02 1.324999990000000061e+01 6.570653776115524407e-17
5.000000000000000278e-02 1.350000029999999995e+01 6.438731955583863317e-17
5.000000000000000278e-02 1.374999960000000065e+01 6.315770840565941012e-17
5.000000000000000278e-02 1.400000000000000000e+01 6.194777950879641173e-17
5.000000000000000278e-02 1.425000040000000112e+01 6.079661019408737149e-17
5.000000000000000278e-02 1.449999970000000005e+01 5.967621167957302976e-17
5.000000000000000278e-02 1.475000010000000117e+01 5.860504115648661412e-17
5.000000000000000278e-02 1.500000050000000051e+01 5.756116104238520115e-17
5.000000000000000278e-02 1.524999990000000061e+01 5.656645809027633669e-17
5.000000000000000278e-02 1.550000030000000173e+01 5.560469062741991690e-17
5.000000000000000278e-02 1.574999960000000065e+01 5.467409536725991856e-17
5.000000000000000278e-02 1.600000000000000000e+01 5.374022771044781459e-17
5.000000000000000278e-02 1.625000040000000112e+01 5.287072989034263436e-17
5.000000000000000278e-02 1.649999970000000005e+01 5.201596972702688377e-17
5.000000000000000278e-02 1.675000010000000117e+01 5.118548263317932461e-17
5.000000000000000278e-02 1.699999950000000126e+01 5.045477442425442475e-17
5.000000000000000278e-02 1.725000089999999986e+01 5.015481641748495160e-17
5.000000000000000278e-02 1.750000029999999995e+01 5.014057396899504233e-17
5.000000000000000278e-02 1.774999960000000243e+01 4.956760084244601825e-17
5.000000000000000278e-02 1.799999900000000252e+01 4.894683452236290465e-17
5.000000000000000278e-02 1.825000040000000112e+01 4.837386620750643373e-17
5.000000000000000278e-02 1.849999970000000005e+01 4.778886821582548448e-17
5.000000000000000278e-02 1.874999910000000014e+01 4.723938609921599655e-17
5.000000000000000278e-02 1.900000050000000229e+01 4.667422420790313129e-17
5.000000000000000278e-02 1.924999990000000238e+01 4.615040390124486540e-17
5.000000000000000278e-02 1.949999920000000131e+01 4.559664959845582466e-17
5.000000000000000278e-02 1.975000059999999991e+01 4.504633813979308303e-17
5.000000000000000278e-02 2.000000000000000000e+01 4.452864300490609342e-17
1.000000000000000048e-04 0.000000000000000000e+00 3.133214984026586679e-14
1.000000000000000048e-04 1.258929999999999956e-04 3.133214984026586679e-14
1.000000000000000048e-04 1.412539999999999998e-04 3.133214984026586679e-14
1.000000000000000048e-04 1.584890000000000203e-04 3.133214984026586679e-14
1.000000000000000048e-04 1.778280000000000193e-04 3.133214984026586679e-14
1.000000000000000048e-04 1.995270000000000160e-04 3.133214984026586679e-14
1.000000000000000048e-04 2.238730000000000028e-04 3.133214984026586679e-14
1.000000000000000048e-04 2.511890000000000238e-04 3.165633045295629462e-14
1.000000000000000048e-04 2.818390000000000370e-04 3.165633045295629462e-14
1.000000000000000048e-04 3.162290000000000110e-04 3.165633045295629462e-14
1.000000000000000048e-04 3.548150000000000240e-04 3.165633045295629462e-14
1.000000000000000048e-04 3.981090000000000063e-04 3.145869540108557419e-14
1.000000000000000048e-04 4.466860000000000123e-04 3.143934490364810077e-14
1.000000000000000048e-04 5.011899999999999905e-04 3.143134682150154824e-14
1.000000000000000048e-04 5.623439999999999949e-04 3.141623469190272111e-14
1.000000000000000048e-04 6.309610000000000869e-04 3.141836725281385016e-14
1.000000000000000048e-04 7.079500000000000506e-04 3.165823283040611070e-14
1.000000000000000048e-04 7.943340000000000557e-04 3.163481637898747556e-14
1.000000000000000048e-04 8.912570000000000084e-04 3.184576433106141729e-14
1.000000000000000048e-04 1.000000000000000021e-03 3.271350994911897585e-14
1.000000000000000048e-04 1.047130000000000066e-03 3.345972369001922398e-14
1.000000000000000048e-04 1.096480000000000154e-03 3.358677199427687655e-14
1.000000000000000048e-04 1.148150000000000125e-03 3.364458775856814478e-14
1.000000000000000048e-04 1.202260000000000134e-03 3.361574792189495905e-14
1.000000000000000048e-04 1.258930000000000118e-03 3.342655833637553171e-14
1.000000000000000048e-04 1.318260000000000135e-03 3.452779104361722301e-14
1.000000000000000048e-04 1.380380000000000062e-03 3.503086964047079660e-14
1.000000000000000048e-04 1.445440000000000093e-03 3.523843891853512961e-14
1.000000000000000048e-04 1.513560000000000166e-03 3.552970397768473815e-14
1.000000000000000048e-04 1.584890000000000040e-03 3.572677275140627870e-14
1.000000000000000048e-04 1.659590000000000067e-03 3.666901990104174410e-14
1.000000000000000048e-04 1.737800000000000065e-03 3.692252163087250303e-14
1.000000000000000048e-04 1.819700000000000050e-03 3.720728346422066456e-14
1.000000000000000048e-04 1.905460000000000096e-03 3.769731249100937824e-14
1.000000000000000048e-04 1.995260000000000002e-03 3.852461160788624795e-14
1.000000000000000048e-04 2.089290000000000157e-03 3.909792074427152793e-14
1.000000000000000048e-04 2.187759999999999965e-03 3.952427042141210158e-14
1.000000000000000048e-04 2.290869999999999972e-03 4.015240907618987102e-14
1.000000000000000048e-04 2.398830000000000233e-03 4.057511566784834688e-14
1.000000000000000048e-04 2.511880000000000189e-03 4.178328527959125157e-14
1.000000000000000048e-04 2.630270000000000091e-03 4.349630214470775543e-14
1.000000000000000048e-04 2.754230000000000306e-03 4.564766785590258711e-14
1.000000000000000048e-04 2.884030000000000100e-03 5.077701290648536177e-14
1.000000000000000048e-04 3.019949999999999978e-03 1.004097839455148154e-13
1.000000000000000048e-04 3.162270000000000011e-03 2.405833944183068646e-13
1.000000000000000048e-04 3.311310000000000035e-03 2.636277529921735183e-13
1.000000000000000048e-04 3.467360000000000060e-03 2.635332350435403947e-13
1.000000000000000048e-04 3.630780000000000118e-03 2.584010886494330048e-13
1.000000000000000048e-04 3.801890000000000044e-03 2.466450337206287723e-13
1.000000000000000048e-04 3.981070000000000615e-03 2.204244188625162382e-13
1.000000000000000048e-04 4.168690000000000069e-03 1.846627134699373687e-13
1.000000000000000048e-04 4.365149999999999933e-03 1.696879242243528261e-13
1.000000000000000048e-04 4.570880000000000255e-03 1.531807626117871141e-13
1.000000000000000048e-04 4.786290000000000336e-03 1.307100782368616629e-13
1.000000000000000048e-04 5.011859999999999926e-03 1.010940105085175982e-13
1.000000000000000048e-04 5.248070000000000512e-03 6.655307725045286060e-14
1.000000000000000048e-04 5.495400000000000111e-03 4.878284901327496360e-14
1.000000000000000048e-04 5.754390000000000720e-03 4.581701795559007302e-14
1.000000000000000048e-04 6.025590000000000807e-03 4.359584270602119142e-14
1.000000000000000048e-04 6.309560000000000515e-03 4.115236287173368186e-14
1.000000000000000048e-04 6.606920000000000501e-03 3.845175390761520187e-14
1.000000000000000048e-04 6.918300000000000491e-03 3.542635452710248101e-14
1.000000000000000048e-04 7.244350000000000095e-03 3.395962485875765384e-14
1.000000000000000048e-04 7.585760000000000419e-03 3.330830068174694389e-14
1.000000000000000048e-04 7.943270000000000539e-03 3.249954838147649796e-14
1.000000000000000048e-04 8.317620000000001262e-03 3.151168010094046113e-14
1.000000000000000048e-04 8.709620000000001250e-03 3.030614110245551223e-14
1.000000000000000048e-04 9.120090000000000835e-03 2.886851912396421787e-14
1.000000000000000048e-04 9.549900000000000055e-03 2.719825023916164251e-14
1.000000000000000048e-04 9.999980000000000327e-03 2.523420489133922275e-14
1.000000000000000048e-04 1.047130000000000109e-02 2.329933009962702959e-14
1.000000000000000048e-04 1.096480000000000024e-02 2.240468319971749358e-14
1.000000000000000048e-04 1.148150000000000039e-02 2.204635570448966413e-14
1.000000000000000048e-04 1.202260000000000134e-02 2.170407047205072201e-14
1.000000000000000048e-04 1.258920000000000004e-02 2.133323507798966728e-14
1.000000000000000048e-04 1.318250000000000151e-02 2.097786354081505011e-14
1.000000000000000048e-04 1.380380000000000149e-02 2.065608982802456527e-14
1.000000000000000048e-04 1.445440000000000093e-02 2.010789637187832266e-14
1.000000000000000048e-04 1.513560000000000079e-02 1.937706439815690553e-14
1.000000000000000048e-04 1.584890000000000257e-02 1.888695555756259449e-14
1.000000000000000048e-04 1.659580000000000083e-02 1.861229660923119248e-14
1.000000000000000048e-04 1.737800000000000109e-02 1.833232129685946371e-14
1.000000000000000048e-04 1.819700000000000137e-02 1.804644935698835126e-14
1.000000000000000048e-04 1.905460000000000140e-02 1.776307688643689641e-14
1.000000000000000048e-04 1.995260000000000089e-02 1.732579828035288859e-14
1.000000000000000048e-04 2.089290000000000244e-02 1.699626888986266699e-14
1.000000000000000048e-04 2.187760000000000052e-02 1.713272525097158820e-14
1.000000000000000048e-04 2.290860000000000118e-02 1.735849382028365651e-14
1.000000000000000048e-04 2.398830000000000059e-02 1.753869443401362668e-14
1.000000000000000048e-04 2.511880000000000016e-02 1.766912748779265644e-14
1.000000000000000048e-04 2.630260000000000237e-02 1.774690875720237866e-14
1.000000000000000048e-04 2.754220000000000279e-02 1.777991764826635986e-14
1.000000000000000048e-04 2.900000000000000147e-02 1.773466887892581373e-14
1.000000000000000048e-04 3.000000000000000236e-02 1.765129306099996951e-14
1.000000000000000048e-04 3.100000000000000325e-02 1.752806458511358280e-14
1.000000000000000048e-04 3.200000000000000067e-02 1.717825942162846460e-14
1.000000000000000048e-04 3.300000000000000155e-02 1.672959398006312369e-14
1.000000000000000048e-04 3.400000000000000244e-02 1.642241057695022829e-14
1.000000000000000048e-04 3.500000000000000333e-02 1.631950159105035245e-14
1.000000000000000048e-04 3.600000000000000422e-02 1.620813748792466827e-14
1.000000000000000048e-04 3.700000000000000511e-02 1.609022307031073548e-14
1.000000000000000048e-04 3.799999999999999906e-02 1.597034040469833152e-14
1.000000000000000048e-04 3.899999999999999994e-02 1.584338852182774096e-14
1.000000000000000048e-04 4.000000000000000083e-02 1.570818250112004594e-14
1.000000000000000048e-04 4.250000000000000305e-02 1.534345882458269146e-14
1.000000000000000048e-04 4.500000000000000527e-02 1.495006475982844458e-14
1.000000000000000048e-04 4.750000000000000056e-02 1.452237042836073606e-14
1.000000000000000048e-04 5.000000000000000278e-02 1.387439151517497008e-14
1.000000000000000048e-04 5.250000000000000500e-02 1.347793341589641446e-14
1.000000000000000048e-04 5.500000000000000028e-02 1.344418731032463612e-14
1.000000000000000048e-04 5.708800000000000680e-02 1.341197031973588940e-14
1.000000000000000048e-04 6.405380000000000795e-02 1.323888981327696457e-14
1.000000000000000048e-04 7.186960000000000570e-02 1.294011315694565499e-14
1.000000000000000048e-04 8.063900000000000234e-02 1.249806355701738668e-14
1.000000000000000048e-04 9.047849600000000547e-02 1.187673651056201412e-14
1.000000000000000048e-04 1.015180000000000110e-01 1.105103080706492456e-14
1.000000000000000048e-04 1.139060000000000072e-01 9.986158112937710999e-15
1.000000000000000048e-04 1.278040000000000009e-01 8.645040654968416017e-15
1.000000000000000048e-04 1.433990080000000222e-01 6.970502236076108390e-15
1.000000000000000048e-04 1.608960000000000112e-01 6.577174154405332573e-15
1.000000000000000048e-04 1.805289919999999992e-01 6.532191900647174191e-15
1.000000000000000048e-04 2.025569920000000190e-01 6.375309021992364487e-15
1.000000000000000048e-04 2.272720000000000018e-01 6.088040930081945342e-15
1.000000000000000048e-04 2.550040000000000084e-01 5.618450612223119982e-15
1.000000000000000048e-04 2.861190080000000080e-01 5.024781579070871822e-15
1.000000000000000048e-04 3.210310080000000066e-01 4.742007036022539312e-15
1.000000000000000048e-04 3.602030080000000467e-01 4.402417573394097610e-15
1.000000000000000048e-04 4.041539840000000217e-01 3.985955438480247456e-15
1.000000000000000048e-04 4.534689920000000152e-01 3.639638968857255601e-15
1.000000000000000048e-04 5.088009920000000630e-01 3.422017609120233106e-15
1.000000000000000048e-04 5.708839680000000749e-01 3.177615780261730758e-15
1.000000000000000048e-04 6.405429759999999861e-01 2.908365033875379059e-15
1.000000000000000048e-04 7.187009920000000385e-01 2.615497683632956928e-15
1.000000000000000048e-04 8.063960320000000959e-01 2.362884577045882175e-15
1.000000000000000048e-04 9.047920000000000407e-01 2.217335131390038730e-15
1.000000000000000048e-04 1.015190020000000137e+00 2.220525933221602779e-15
1.000000000000000048e-04 1.139069950000000109e+00 1.870199646805379537e-15
1.000000000000000048e-04 1.278050050000000049e+00 1.707553454109647877e-15
1.000000000000000048e-04 1.434000000000000163e+00 1.588478693684211334e-15
1.000000000000000048e-04 1.608979970000000037e+00 1.339574496037568802e-15
1.000000000000000048e-04 1.680000000000000160e+00 1.287424163150576510e-15
1.000000000000000048e-04 1.700000000000000178e+00 1.276974567237087143e-15
1.000000000000000048e-04 1.800000000000000044e+00 1.227069436406334622e-15
1.000000000000000048e-04 1.900000000000000133e+00 1.183144758303227112e-15
1.000000000000000048e-04 2.000000000000000000e+00 1.147864132133529662e-15
1.000000000000000048e-04 2.100000000000000089e+00 1.109830822331996274e-15
1.000000000000000048e-04 2.200000000000000178e+00 1.071937919105750039e-15
1.000000000000000048e-04 2.300000000000000266e+00 1.034908481541717968e-15
1.000000000000000048e-04 2.400000000000000355e+00 9.966749504640945404e-16
1.000000000000000048e-04 2.500000000000000000e+00 9.480854689804643494e-16
1.000000000000000048e-04 2.600000000000000089e+00 9.159238966113521244e-16
1.000000000000000048e-04 2.750000130000000098e+00 8.812096487715370263e-16
1.000000000000000048e-04 3.000000000000000000e+00 8.285648980633511152e-16
1.000000000000000048e-04 3.249999870000000346e+00 7.880104880843080601e-16
1.000000000000000048e-04 3.500000000000000000e+00 7.485180471454864409e-16
1.000000000000000048e-04 3.750000130000000098e+00 7.094479809091364465e-16
1.000000000000000048e-04 4.000000000000000000e+00 6.731638366256992230e-16
1.000000000000000048e-04 4.249999869999999902e+00 6.388790190611629489e-16
1.000000000000000048e-04 4.499999740000000692e+00 6.022350026221235692e-16
1.000000000000000048e-04 4.750000130000000098e+00 5.789043053111660988e-16
1.000000000000000048e-04 5.000000000000000000e+00 5.567118441424276248e-16
1.000000000000000048e-04 5.249999869999999902e+00 5.355500952911858932e-16
1.000000000000000048e-04 5.500000260000000196e+00 5.153467419842285181e-16
1.000000000000000048e-04 5.750000130000000098e+00 4.960249876610703209e-16
1.000000000000000048e-04 6.000000000000000000e+00 4.772704344559471706e-16
1.000000000000000048e-04 6.249999870000000790e+00 4.580849964223327078e-16
1.000000000000000048e-04 6.499999740000000692e+00 4.444003332515737404e-16
1.000000000000000048e-04 6.750000130000000098e+00 4.313312441488686558e-16
1.000000000000000048e-04 7.000000000000000000e+00 4.187745285579171737e-16
1.000000000000000048e-04 7.249999870000000790e+00 4.067551432444176787e-16
1.000000000000000048e-04 7.500000260000000196e+00 3.952447320591132082e-16
1.000000000000000048e-04 7.750000130000000098e+00 3.841518788223817818e-16
1.000000000000000048e-04 8.000000000000000000e+00 3.735421762476180386e-16
1.000000000000000048e-04 8.249999869999999902e+00 3.633184085025245183e-16
1.000000000000000048e-04 8.499999739999999804e+00 3.535735455129735641e-16
1.000000000000000048e-04 8.750000130000000098e+00 3.438182889217876225e-16
1.000000000000000048e-04 8.999999490000000435e+00 3.319048571536447449e-16
1.000000000000000048e-04 9.249999869999999902e+00 3.246599934520018620e-16
1.000000000000000048e-04 9.500000260000000196e+00 3.176526326630199933e-16
1.000000000000000048e-04 9.749999620000000533e+00 3.108754317285993169e-16
1.000000000000000048e-04 1.000000000000000000e+01 3.043496147644919129e-16
1.000000000000000048e-04 1.025000040000000112e+01 2.980254510529150972e-16
1.000000000000000048e-04 1.049999970000000005e+01 2.918810012561084350e-16
1.000000000000000048e-04 1.075000010000000117e+01 2.859528375196828921e-16
1.000000000000000048e-04 1.100000050000000051e+01 2.802307406971617264e-16
1.000000000000000048e-04 1.124999990000000061e+01 2.746685486345711106e-16
1.000000000000000048e-04 1.150000029999999995e+01 2.693196600757261782e-16
1.000000000000000048e-04 1.174999960000000065e+01 2.641583067767510683e-16
1.000000000000000048e-04 1.200000000000000000e+01 2.591316456288582020e-16
1.000000000000000048e-04 1.225000040000000112e+01 2.542375640236989498e-16
1.000000000000000048e-04 1.249999970000000005e+01 2.495261355251075686e-16
1.000000000000000048e-04 1.275000010000000117e+01 2.449893304780161677e-16
1.000000000000000048e-04 1.299999950000000126e+01 2.406069854140778021e-16
1.000000000000000048e-04 1.324999990000000061e+01 2.363792733455639215e-16
1.000000000000000048e-04 1.350000029999999995e+01 2.322321670271997497e-16
1.000000000000000048e-04 1.374999960000000065e+01 2.276980867511190895e-16
1.000000000000000048e-04 1.400000000000000000e+01 2.242815779318955079e-16
1.000000000000000048e-04 1.425000040000000112e+01 2.209410697105700661e-16
1.000000000000000048e-04 1.449999970000000005e+01 2.176696157046671517e-16
1.000000000000000048e-04 1.475000010000000117e+01 2.144878119894785677e-16
1.000000000000000048e-04 1.500000050000000051e+01 2.113345702256359274e-16
1.000000000000000048e-04 1.524999990000000061e+01 2.082721816709339670e-16
1.000000000000000048e-04 1.550000030000000173e+01 2.052711066657536623e-16
1.000000000000000048e-04 1.574999960000000065e+01 2.023413026552889086e-16
1.000000000000000048e-04 1.600000000000000000e+01 1.994703685774743428e-16
1.000000000000000048e-04 1.625000040000000112e+01 1.966531125746480164e-16
1.000000000000000048e-04 1.649999970000000005e+01 1.938904882569784183e-16
1.000000000000000048e-04 1.675000010000000117e+01 1.911478788126447976e-16
1.000000000000000048e-04 1.699999950000000126e+01 1.885144862947337246e-16
1.000000000000000048e-04 1.725000089999999986e+01 1.858933752874866584e-16
1.000000000000000048e-04 1.750000029999999995e+01 1.833747360403754690e-16
1.000000000000000048e-04 1.774999960000000243e+01 1.808670967000285544e-16
1.000000000000000048e-04 1.799999900000000252e+01 1.784586595063021403e-16
1.000000000000000048e-04 1.825000040000000112e+01 1.760558114405247836e-16
1.000000000000000048e-04 1.849999970000000005e+01 1.736899904807344685e-16
1.000000000000000048e-04 1.874999910000000014e+01 1.714009760320592591e-16
1.000000000000000048e-04 1.900000050000000229e+01 1.691517223954006756e-16
1.000000000000000048e-04 1.924999990000000238e+01 1.669546919918874180e-16
1.000000000000000048e-04 1.949999920000000131e+01 1.647632351636661784e-16
1.000000000000000048e-04 1.975000059999999991e+01 1.626607802633077403e-16
1.000000000000000048e-04 2.000000000000000000e+01 1.605744976145072209e-16
4.000000000000000083e-03 0.000000000000000000e+00 4.649988329996372144e-14
4.000000000000000083e-03 1.258929999999999956e-04 4.649988329996372144e-14
4.000000000000000083e-03 1.412539999999999998e-04 4.649988329996372144e-14
4.000000000000000083e-03 1.584890000000000203e-04 4.649988329996372144e-14
4.000000000000000083e-03 1.778280000000000193e-04 4.649988329996372144e-14
4.000000000000000083e-03 1.995270000000000160e-04 4.649988329996372144e-14
4.000000000000000083e-03 2.238730000000000028e-04 4.649988329996372144e-14
4.000000000000000083e-03 2.511890000000000238e-04 4.649988329996372144e-14
4.000000000000000083e-03 2.818390000000000370e-04 4.649988329996372144e-14
4.000000000000000083e-03 3.162290000000000110e-04 4.649988329996372144e-14
4.000000000000000083e-03 3.548150000000000240e-04 4.649988329996372144e-14
4.000000000000000083e-03 3.981090000000000063e-04 4.649988329996372144e-14
4.000000000000000083e-03 4.466860000000000123e-04 4.649988329996372144e-14
4.000000000000000083e-03 5.011899999999999905e-04 4.649988329996372144e-14
4.000000000000000083e-03 5.623439999999999949e-04 4.649988329996372144e-14
4.000000000000000083e-03 6.309610000000000869e-04 4.649988329996372144e-14
4.000000000000000083e-03 7.079500000000000506e-04 4.649988329996372144e-14
4.000000000000000083e-03 7.943340000000000557e-04 4.649988329996372144e-14
4.000000000000000083e-03 8.912570000000000084e-04 4.649988329996372144e-14
4.000000000000000083e-03 1.000000000000000021e-03 4.649988329996372144e-14
4.000000000000000083e-03 1.047130000000000066e-03 4.649988329996372144e-14
4.000000000000000083e-03 1.096480000000000154e-03 4.649988329996372144e-14
4.000000000000000083e-03 1.148150000000000125e-03 4.649988329996372144e-14
4.000000000000000083e-03 1.202260000000000134e-03 4.649988329996372144e-14
4.000000000000000083e-03 1.258930000000000118e-03 4.649988329996372144e-14
4.000000000000000083e-03 1.318260000000000135e-03 4.649988329996372144e-14
4.000000000000000083e-03 1.380380000000000062e-03 4.649988329996372144e-14
4.000000000000000083e-03 1.445440000000000093e-03 4.649988329996372144e-14
4.000000000000000083e-03 1.513560000000000166e-03 4.649988329996372144e-14
4.000000000000000083e-03 1.584890000000000040e-03 4.649988329996372144e-14
4.000000000000000083e-03 1.659590000000000067e-03 4.649988329996372144e-14
4.000000000000000083e-03 1.737800000000000065e-03 4.649988329996372144e-14
4.000000000000000083e-03 1.819700000000000050e-03 4.649988329996372144e-14
4.000000000000000083e-03 1.905460000000000096e-03 4.649988329996372144e-14
4.000000000000000083e-03 1.995260000000000002e-03 4.649988329996372144e-14
4.000000000000000083e-03 2.089290000000000157e-03 4.649988329996372144e-14
4.000000000000000083e-03 2.187759999999999965e-03 4.649988329996372144e-14
4.000000000000000083e-03 2.290869999999999972e-03 4.649988329996372144e-14
4.000000000000000083e-03 2.398830000000000233e-03 4.649988329996372144e-14
4.000000000000000083e-03 2.511880000000000189e-03 6.706156244245976592e-14
4.000000000000000083e-03 2.630270000000000091e-03 7.004274602029593486e-14
4.000000000000000083e-03 2.754230000000000306e-03 7.962141279987766078e-14
4.000000000000000083e-03 2.884030000000000100e-03 1.028787216719082206e-13
4.000000000000000083e-03 3.019949999999999978e-03 1.316687655021662313e-13
4.000000000000000083e-03 3.162270000000000011e-03 1.818039689049330257e-13
4.000000000000000083e-03 3.311310000000000035e-03 2.016817588204398822e-13
4.000000000000000083e-03 3.467360000000000060e-03 2.049943174607347716e-13
4.000000000000000083e-03 3.630780000000000118e-03 1.831272647165207558e-13
4.000000000000000083e-03 3.801890000000000044e-03 1.710366533467555989e-13
4.000000000000000083e-03 3.981070000000000615e-03 2.084070827219489158e-13
4.000000000000000083e-03 4.168690000000000069e-03 2.190757385496052834e-13
4.000000000000000083e-03 4.365149999999999933e-03 1.956130330688148126e-13
4.000000000000000083e-03 4.570880000000000255e-03 1.579001345038941320e-13
4.000000000000000083e-03 4.786290000000000336e-03 1.280710520468497711e-13
4.000000000000000083e-03 5.011859999999999926e-03 1.098314766199924647e-13
4.000000000000000083e-03 5.248070000000000512e-03 9.825522400460947601e-14
4.000000000000000083e-03 5.495400000000000111e-03 1.057212643253447307e-13
4.000000000000000083e-03 5.754390000000000720e-03 1.143323049580767370e-13
4.000000000000000083e-03 6.025590000000000807e-03 1.210946246189108247e-13
4.000000000000000083e-03 6.309560000000000515e-03 1.253166892127621215e-13
4.000000000000000083e-03 6.606920000000000501e-03 1.199144777254708565e-13
4.000000000000000083e-03 6.918300000000000491e-03 1.074882394046835867e-13
4.000000000000000083e-03 7.244350000000000095e-03 1.035993492036925495e-13
4.000000000000000083e-03 7.585760000000000419e-03 9.898282894549760020e-14
4.000000000000000083e-03 7.943270000000000539e-03 9.405454821886532042e-14
4.000000000000000083e-03 8.317620000000001262e-03 8.865439234947046536e-14
4.000000000000000083e-03 8.709620000000001250e-03 8.289630973917618060e-14
4.000000000000000083e-03 9.120090000000000835e-03 7.653484381007566786e-14
4.000000000000000083e-03 9.549900000000000055e-03 6.977375049833064938e-14
4.000000000000000083e-03 9.999980000000000327e-03 6.202500337961364953e-14
4.000000000000000083e-03 1.047130000000000109e-02 5.377341700801495082e-14
4.000000000000000083e-03 1.096480000000000024e-02 5.183285122162597437e-14
4.000000000000000083e-03 1.148150000000000039e-02 4.971034449541124804e-14
4.000000000000000083e-03 1.202260000000000134e-02 4.750277067934013921e-14
4.000000000000000083e-03 1.258920000000000004e-02 4.499703928766640323e-14
4.000000000000000083e-03 1.318250000000000151e-02 4.228128493560009015e-14
4.000000000000000083e-03 1.380380000000000149e-02 3.935240423139906875e-14
4.000000000000000083e-03 1.445440000000000093e-02 3.607375795867443901e-14
4.000000000000000083e-03 1.513560000000000079e-02 3.268768240259845561e-14
4.000000000000000083e-03 1.584890000000000257e-02 3.190604783206924511e-14
4.000000000000000083e-03 1.659580000000000083e-02 3.145391429799207129e-14
4.000000000000000083e-03 1.737800000000000109e-02 3.108380600020757893e-14
4.000000000000000083e-03 1.819700000000000137e-02 3.054609287801220581e-14
4.000000000000000083e-03 1.905460000000000140e-02 2.996053193975464669e-14
4.000000000000000083e-03 1.995260000000000089e-02 2.933085007079767693e-14
4.000000000000000083e-03 2.089290000000000244e-02 2.838302376249902574e-14
4.000000000000000083e-03 2.187760000000000052e-02 2.724590781017756688e-14
4.000000000000000083e-03 2.290860000000000118e-02 2.672543948479177854e-14
4.000000000000000083e-03 2.398830000000000059e-02 2.617311980142071367e-14
4.000000000000000083e-03 2.511880000000000016e-02 2.557377035139854602e-14
4.000000000000000083e-03 2.630260000000000237e-02 2.493571286646533451e-14
4.000000000000000083e-03 2.754220000000000279e-02 2.424229308143765795e-14
4.000000000000000083e-03 2.900000000000000147e-02 2.339823612643535890e-14
4.000000000000000083e-03 3.000000000000000236e-02 2.280480701703387080e-14
4.000000000000000083e-03 3.100000000000000325e-02 2.219853870616016180e-14
4.000000000000000083e-03 3.200000000000000067e-02 2.159079756055065425e-14
4.000000000000000083e-03 3.300000000000000155e-02 2.098581687152266687e-14
4.000000000000000083e-03 3.400000000000000244e-02 2.031246444022552776e-14
4.000000000000000083e-03 3.500000000000000333e-02 1.958226898318129812e-14
4.000000000000000083e-03 3.600000000000000422e-02 1.935255813969846363e-14
4.000000000000000083e-03 3.700000000000000511e-02 1.916776011581613228e-14
4.000000000000000083e-03 3.799999999999999906e-02 1.897604141309638589e-14
4.000000000000000083e-03 3.899999999999999994e-02 1.878178612036123218e-14
4.000000000000000083e-03 4.000000000000000083e-02 1.863568767788258386e-14
4.000000000000000083e-03 4.250000000000000305e-02 1.812723455981860625e-14
4.000000000000000083e-03 4.500000000000000527e-02 1.759058057279447533e-14
4.000000000000000083e-03 4.750000000000000056e-02 1.704569413945888830e-14
4.000000000000000083e-03 5.000000000000000278e-02 1.649441439088368804e-14
4.000000000000000083e-03 5.250000000000000500e-02 1.592843961452140342e-14
4.000000000000000083e-03 5.500000000000000028e-02 1.532281995901842509e-14
4.000000000000000083e-03 5.708800000000000680e-02 1.486786800789361941e-14
4.000000000000000083e-03 6.405380000000000795e-02 1.406660022150892229e-14
4.000000000000000083e-03 7.186960000000000570e-02 1.315973670947079516e-14
4.000000000000000083e-03 8.063900000000000234e-02 1.237641852854745733e-14
4.000000000000000083e-03 9.047849600000000547e-02 1.176104761759916742e-14
4.000000000000000083e-03 1.015180000000000110e-01 1.097667671729967204e-14
4.000000000000000083e-03 1.139060000000000072e-01 1.020527969531221862e-14
4.000000000000000083e-03 1.278040000000000009e-01 9.820882051485814756e-15
4.000000000000000083e-03 1.433990080000000222e-01 9.281947094548017230e-15
4.000000000000000083e-03 1.608960000000000112e-01 8.591772063356714385e-15
4.000000000000000083e-03 1.805289919999999992e-01 7.824985022721302188e-15
4.000000000000000083e-03 2.025569920000000190e-01 7.401715504517996442e-15
4.000000000000000083e-03 2.272720000000000018e-01 6.952059495564974783e-15
4.000000000000000083e-03 2.550040000000000084e-01 6.425833178022475546e-15
4.000000000000000083e-03 2.861190080000000080e-01 5.823498567294199527e-15
4.000000000000000083e-03 3.210310080000000066e-01 5.152618658357478731e-15
4.000000000000000083e-03 3.602030080000000467e-01 4.588039044845816028e-15
4.000000000000000083e-03 4.041539840000000217e-01 4.170750750594312070e-15
4.000000000000000083e-03 4.534689920000000152e-01 3.799142470360981952e-15
4.000000000000000083e-03 5.088009920000000630e-01 3.439906187753517231e-15
4.000000000000000083e-03 5.708839680000000749e-01 3.130190794000611784e-15
4.000000000000000083e-03 6.405429759999999861e-01 2.868491511829952511e-15
4.000000000000000083e-03 7.187009920000000385e-01 2.619054784452774443e-15
4.000000000000000083e-03 8.063960320000000959e-01 2.376969887294443820e-15
4.000000000000000083e-03 9.047920000000000407e-01 2.126286513708628704e-15
4.000000000000000083e-03 1.015190020000000137e+00 1.900979520424070388e-15
4.000000000000000083e-03 1.139069950000000109e+00 1.838875539412724639e-15
4.000000000000000083e-03 1.278050050000000049e+00 1.962687983661198043e-15
4.000000000000000083e-03 1.434000000000000163e+00 1.332319205748656874e-15
4.000000000000000083e-03 1.608979970000000037e+00 1.145444274442929652e-15
4.000000000000000083e-03 1.680000000000000160e+00 1.102144901084724276e-15
4.000000000000000083e-03 1.700000000000000178e+00 1.090355743457890140e-15
4.000000000000000083e-03 1.800000000000000044e+00 1.033665772735073118e-15
4.000000000000000083e-03 1.900000000000000133e+00 9.805080445217426125e-16
4.000000000000000083e-03 2.000000000000000000e+00 9.216519186865112391e-16
4.000000000000000083e-03 2.100000000000000089e+00 8.683287404441087523e-16
4.000000000000000083e-03 2.200000000000000178e+00 8.268477731985892071e-16
4.000000000000000083e-03 2.300000000000000266e+00 8.000208240341601039e-16
4.000000000000000083e-03 2.400000000000000355e+00 7.804990022083141876e-16
4.000000000000000083e-03 2.500000000000000000e+00 7.650370387430844939e-16
4.000000000000000083e-03 2.600000000000000089e+00 7.497022472309545744e-16
4.000000000000000083e-03 2.750000130000000098e+00 7.173480953886525976e-16
4.000000000000000083e-03 3.000000000000000000e+00 6.662255427855920970e-16
4.000000000000000083e-03 3.249999870000000346e+00 5.857888596075404249e-16
4.000000000000000083e-03 3.500000000000000000e+00 5.389607923593153752e-16
4.000000000000000083e-03 3.750000130000000098e+00 5.077338273928824216e-16
4.000000000000000083e-03 4.000000000000000000e+00 4.789437974602575376e-16
4.000000000000000083e-03 4.249999869999999902e+00 4.512803588665946703e-16
4.000000000000000083e-03 4.499999740000000692e+00 4.276427950796318330e-16
4.000000000000000083e-03 4.750000130000000098e+00 4.099891256121647319e-16
4.000000000000000083e-03 5.000000000000000000e+00 3.937592181213854447e-16
4.000000000000000083e-03 5.249999869999999902e+00 3.786578121658685695e-16
4.000000000000000083e-03 5.500000260000000196e+00 3.644740069516082571e-16
4.000000000000000083e-03 5.750000130000000098e+00 3.511794834900817833e-16
4.000000000000000083e-03 6.000000000000000000e+00 3.418020378838373626e-16
4.000000000000000083e-03 6.249999870000000790e+00 3.321377372558859302e-16
4.000000000000000083e-03 6.499999740000000692e+00 3.222074828843012057e-16
4.000000000000000083e-03 6.750000130000000098e+00 3.128292233110898114e-16
4.000000000000000083e-03 7.000000000000000000e+00 3.038342388729229931e-16
4.000000000000000083e-03 7.249999870000000790e+00 2.952243234120962171e-16
4.000000000000000083e-03 7.500000260000000196e+00 2.870402165187400481e-16
4.000000000000000083e-03 7.750000130000000098e+00 2.791389325640778705e-16
4.000000000000000083e-03 8.000000000000000000e+00 2.715126916176445393e-16
4.000000000000000083e-03 8.249999869999999902e+00 2.639996137938406696e-16
4.000000000000000083e-03 8.499999739999999804e+00 2.545588135208264954e-16
4.000000000000000083e-03 8.750000130000000098e+00 2.475901713977631284e-16
4.000000000000000083e-03 8.999999490000000435e+00 2.417396894633134381e-16
4.000000000000000083e-03 9.249999869999999902e+00 2.360759579448193575e-16
4.000000000000000083e-03 9.500000260000000196e+00 2.305943622407701197e-16
4.000000000000000083e-03 9.749999620000000533e+00 2.253185200443960576e-16
4.000000000000000083e-03 1.000000000000000000e+01 2.202323106519918957e-16
4.000000000000000083e-03 1.025000040000000112e+01 2.152861953692341746e-16
4.000000000000000083e-03 1.049999970000000005e+01 2.105482470711805708e-16
4.000000000000000083e-03 1.075000010000000117e+01 2.060027574663242588e-16
4.000000000000000083e-03 1.100000050000000051e+01 2.016035558059927829e-16
4.000000000000000083e-03 1.124999990000000061e+01 1.973699391064826208e-16
4.000000000000000083e-03 1.150000029999999995e+01 1.932815201748648784e-16
4.000000000000000083e-03 1.174999960000000065e+01 1.893105792068943405e-16
4.000000000000000083e-03 1.200000000000000000e+01 1.854785563725417981e-16
4.000000000000000083e-03 1.225000040000000112e+01 1.817849500885690019e-16
4.000000000000000083e-03 1.249999970000000005e+01 1.782820826381739964e-16
4.000000000000000083e-03 1.275000010000000117e+01 1.753343805437226072e-16
4.000000000000000083e-03 1.299999950000000126e+01 1.727263628509592741e-16
4.000000000000000083e-03 1.324999990000000061e+01 1.701653972380600948e-16
4.000000000000000083e-03 1.350000029999999995e+01 1.676862576609548676e-16
4.000000000000000083e-03 1.374999960000000065e+01 1.652314592219315582e-16
4.000000000000000083e-03 1.400000000000000000e+01 1.628359911721689432e-16
4.000000000000000083e-03 1.425000040000000112e+01 1.605378627131068852e-16
4.000000000000000083e-03 1.449999970000000005e+01 1.582322771600162524e-16
4.000000000000000083e-03 1.475000010000000117e+01 1.560102313109155705e-16
4.000000000000000083e-03 1.500000050000000051e+01 1.538374303627306395e-16
4.000000000000000083e-03 1.524999990000000061e+01 1.516924309501740482e-16
4.000000000000000083e-03 1.550000030000000173e+01 1.496196614763777282e-16
4.000000000000000083e-03 1.574999960000000065e+01 1.475558643788964855e-16
4.000000000000000083e-03 1.600000000000000000e+01 1.455501965130367524e-16
4.000000000000000083e-03 1.625000040000000112e+01 1.435870681537148007e-16
4.000000000000000083e-03 1.649999970000000005e+01 1.416714763140543696e-16
4.000000000000000083e-03 1.675000010000000117e+01 1.398195882141313202e-16
4.000000000000000083e-03 1.699999950000000126e+01 1.379632588942797333e-16
4.000000000000000083e-03 1.725000089999999986e+01 1.361760435999288008e-16
4.000000000000000083e-03 1.750000029999999995e+01 1.344088285440613652e-16
4.000000000000000083e-03 1.774999960000000243e+01 1.327012544332697163e-16
4.000000000000000083e-03 1.799999900000000252e+01 1.310000926058040380e-16
4.000000000000000083e-03 1.825000040000000112e+01 1.293440148952992640e-16
4.000000000000000083e-03 1.849999970000000005e+01 1.277486450491558237e-16
4.000000000000000083e-03 1.874999910000000014e+01 1.261837477889863017e-16
4.000000000000000083e-03 1.900000050000000229e+01 1.246136933482150149e-16
4.000000000000000083e-03 1.924999990000000238e+01 1.231163536330266278e-16
4.000000000000000083e-03 1.949999920000000131e+01 1.216534182677085030e-16
4.000000000000000083e-03 1.975000059999999991e+01 1.202903938523124060e-16
4.000000000000000083e-03 2.000000000000000000e+01 1.190926635516915773e-16
2.000000000000000042e-02 0.000000000000000000e+00 6.543834864015907605e-14
2.000000000000000042e-02 1.258929999999999956e-04 6.543834864015907605e-14
2.000000000000000042e-02 1.412539999999999998e-04 6.543834864015907605e-14
2.000000000000000042e-02 1.584890000000000203e-04 6.543834864015907605e-14
2.000000000000000042e-02 1.778280000000000193e-04 6.543834864015907605e-14
2.000000000000000042e-02 1.995270000000000160e-04 6.543834864015907605e-14
2.000000000000000042e-02 2.238730000000000028e-04 6.543834864015907605e-14
2.000000000000000042e-02 2.511890000000000238e-04 6.543834864015907605e-14
2.000000000000000042e-02 2.818390000000000370e-04 6.543834864015907605e-14
2.000000000000000042e-02 3.162290000000000110e-04 6.543834864015907605e-14
2.000000000000000042e-02 3.548150000000000240e-04 6.543834864015907605e-14
2.000000000000000042e-02 3.981090000000000063e-04 6.543834864015907605e-14
2.000000000000000042e-02 4.466860000000000123e-04 6.543834864015907605e-14
2.000000000000000042e-02 5.011899999999999905e-04 6.543834864015907605e-14
2.000000000000000042e-02 5.623439999999999949e-04 6.543834864015907605e-14
2.000000000000000042e-02 6.309610000000000869e-04 6.543834864015907605e-14
2.000000000000000042e-02 7.079500000000000506e-04 6.543834864015907605e-14
2.000000000000000042e-02 7.943340000000000557e-04 6.543834864015907605e-14
2.000000000000000042e-02 8.912570000000000084e-04 6.543834864015907605e-14
2.000000000000000042e-02 1.000000000000000021e-03 8.372856428826769134e-14
2.000000000000000042e-02 1.047130000000000066e-03 8.366005595336021732e-14
2.000000000000000042e-02 1.096480000000000154e-03 8.354391320702643354e-14
2.000000000000000042e-02 1.148150000000000125e-03 8.362355719661587948e-14
2.000000000000000042e-02 1.202260000000000134e-03 8.373890359098576860e-14
2.000000000000000042e-02 1.258930000000000118e-03 8.394315656904099569e-14
2.000000000000000042e-02 1.318260000000000135e-03 8.333685534635753999e-14
2.000000000000000042e-02 1.380380000000000062e-03 8.374494081305605052e-14
2.000000000000000042e-02 1.445440000000000093e-03 8.408367549580571260e-14
2.000000000000000042e-02 1.513560000000000166e-03 8.435058318350741512e-14
2.000000000000000042e-02 1.584890000000000040e-03 8.454486680714856258e-14
2.000000000000000042e-02 1.659590000000000067e-03 8.254355602550650914e-14
2.000000000000000042e-02 1.737800000000000065e-03 8.694919209381247950e-14
2.000000000000000042e-02 1.819700000000000050e-03 8.452613546120527115e-14
2.000000000000000042e-02 1.905460000000000096e-03 8.190913546245011601e-14
2.000000000000000042e-02 1.995260000000000002e-03 7.908198005919800221e-14
2.000000000000000042e-02 2.089290000000000157e-03 8.659097940458470228e-14
2.000000000000000042e-02 2.187759999999999965e-03 8.284936518997646431e-14
2.000000000000000042e-02 2.290869999999999972e-03 8.826132115050320293e-14
2.000000000000000042e-02 2.398830000000000233e-03 8.266523089485083337e-14
2.000000000000000042e-02 2.511880000000000189e-03 1.096827134201973919e-13
2.000000000000000042e-02 2.630270000000000091e-03 9.862612750880238604e-14
2.000000000000000042e-02 2.754230000000000306e-03 1.110054300827673502e-13
2.000000000000000042e-02 2.884030000000000100e-03 8.401848652016671400e-14
2.000000000000000042e-02 3.019949999999999978e-03 1.521729669628372793e-13
2.000000000000000042e-02 3.162270000000000011e-03 1.560647766481398245e-13
2.000000000000000042e-02 3.311310000000000035e-03 1.590201597713637592e-13
2.000000000000000042e-02 3.467360000000000060e-03 1.612644441162765011e-13
2.000000000000000042e-02 3.630780000000000118e-03 1.640486697329971068e-13
2.000000000000000042e-02 3.801890000000000044e-03 1.697944825982248191e-13
2.000000000000000042e-02 3.981070000000000615e-03 1.712479875285685048e-13
2.000000000000000042e-02 4.168690000000000069e-03 1.680779416332790944e-13
2.000000000000000042e-02 4.365149999999999933e-03 1.576421440751728054e-13
2.000000000000000042e-02 4.570880000000000255e-03 1.459675149908794879e-13
2.000000000000000042e-02 4.786290000000000336e-03 1.461729953103170990e-13
2.000000000000000042e-02 5.011859999999999926e-03 1.435386841455830779e-13
2.000000000000000042e-02 5.248070000000000512e-03 1.416003204071595025e-13
2.000000000000000042e-02 5.495400000000000111e-03 1.388168624390081925e-13
2.000000000000000042e-02 5.754390000000000720e-03 1.376713497063571731e-13
2.000000000000000042e-02 6.025590000000000807e-03 1.298921424245841702e-13
2.000000000000000042e-02 6.309560000000000515e-03 1.178530617353922621e-13
2.000000000000000042e-02 6.606920000000000501e-03 1.108010343886662226e-13
2.000000000000000042e-02 6.918300000000000491e-03 1.031477088523834976e-13
2.000000000000000042e-02 7.244350000000000095e-03 9.476000295362262538e-14
2.000000000000000042e-02 7.585760000000000419e-03 8.571252488423377999e-14
2.000000000000000042e-02 7.943270000000000539e-03 7.574347764063454664e-14
2.000000000000000042e-02 8.317620000000001262e-03 6.516937499870511366e-14
2.000000000000000042e-02 8.709620000000001250e-03 5.487713763122758883e-14
2.000000000000000042e-02 9.120090000000000835e-03 5.002279090965097825e-14
2.000000000000000042e-02 9.549900000000000055e-03 5.024042542407501387e-14
2.000000000000000042e-02 9.999980000000000327e-03 5.033180779155720798e-14
2.000000000000000042e-02 1.047130000000000109e-02 5.002975841667441973e-14
2.000000000000000042e-02 1.096480000000000024e-02 4.948044074556705501e-14
2.000000000000000042e-02 1.148150000000000039e-02 4.835918087213635452e-14
2.000000000000000042e-02 1.202260000000000134e-02 4.680246452724052947e-14
2.000000000000000042e-02 1.258920000000000004e-02 4.473117626514236526e-14
2.000000000000000042e-02 1.318250000000000151e-02 4.096498677497878484e-14
2.000000000000000042e-02 1.380380000000000149e-02 3.900841439044286567e-14
2.000000000000000042e-02 1.445440000000000093e-02 3.716141869320312052e-14
2.000000000000000042e-02 1.513560000000000079e-02 3.523910850664948161e-14
2.000000000000000042e-02 1.584890000000000257e-02 3.337585256823093772e-14
2.000000000000000042e-02 1.659580000000000083e-02 3.137426682681930010e-14
2.000000000000000042e-02 1.737800000000000109e-02 2.930767157860075296e-14
2.000000000000000042e-02 1.819700000000000137e-02 2.727916306703592373e-14
2.000000000000000042e-02 1.905460000000000140e-02 2.593697394698994814e-14
2.000000000000000042e-02 1.995260000000000089e-02 2.531939317567731522e-14
2.000000000000000042e-02 2.089290000000000244e-02 2.468852511953898392e-14
2.000000000000000042e-02 2.187760000000000052e-02 2.403350668577433494e-14
2.000000000000000042e-02 2.290860000000000118e-02 2.337838800742328880e-14
2.000000000000000042e-02 2.398830000000000059e-02 2.270944968797791749e-14
2.000000000000000042e-02 2.511880000000000016e-02 2.203927478412377788e-14
2.000000000000000042e-02 2.630260000000000237e-02 2.136413351245744576e-14
2.000000000000000042e-02 2.754220000000000279e-02 2.067690199875090741e-14
2.000000000000000042e-02 2.900000000000000147e-02 2.000009939594156094e-14
2.000000000000000042e-02 3.000000000000000236e-02 1.948502511176150304e-14
2.000000000000000042e-02 3.100000000000000325e-02 1.902839977583447971e-14
2.000000000000000042e-02 3.200000000000000067e-02 1.855626955126243596e-14
2.000000000000000042e-02 3.300000000000000155e-02 1.833069032314986915e-14
2.000000000000000042e-02 3.400000000000000244e-02 1.810536058592510932e-14
2.000000000000000042e-02 3.500000000000000333e-02 1.787512655370741951e-14
2.000000000000000042e-02 3.600000000000000422e-02 1.764268543658762790e-14
2.000000000000000042e-02 3.700000000000000511e-02 1.740681458234159880e-14
2.000000000000000042e-02 3.799999999999999906e-02 1.717463646650232722e-14
2.000000000000000042e-02 3.899999999999999994e-02 1.693771597288219894e-14
2.000000000000000042e-02 4.000000000000000083e-02 1.671988408862911189e-14
2.000000000000000042e-02 4.250000000000000305e-02 1.610361234756492222e-14
2.000000000000000042e-02 4.500000000000000527e-02 1.548685211497992034e-14
2.000000000000000042e-02 4.750000000000000056e-02 1.487084731667017979e-14
2.000000000000000042e-02 5.000000000000000278e-02 1.425667428391476307e-14
2.000000000000000042e-02 5.250000000000000500e-02 1.368817475283558740e-14
2.000000000000000042e-02 5.500000000000000028e-02 1.334184429056863371e-14
2.000000000000000042e-02 5.708800000000000680e-02 1.307012415577655025e-14
2.000000000000000042e-02 6.405380000000000795e-02 1.212793185315041493e-14
2.000000000000000042e-02 7.186960000000000570e-02 1.108590294223404383e-14
2.000000000000000042e-02 8.063900000000000234e-02 1.042882049463057923e-14
2.000000000000000042e-02 9.047849600000000547e-02 9.771551827884867151e-15
2.000000000000000042e-02 1.015180000000000110e-01 9.029403387259399924e-15
2.000000000000000042e-02 1.139060000000000072e-01 8.316034049387140689e-15
2.000000000000000042e-02 1.278040000000000009e-01 7.831086037372203287e-15
2.000000000000000042e-02 1.433990080000000222e-01 7.315242268606632329e-15
2.000000000000000042e-02 1.608960000000000112e-01 6.765973578201489353e-15
2.000000000000000042e-02 1.805289919999999992e-01 6.207918449034218489e-15
2.000000000000000042e-02 2.025569920000000190e-01 5.736161187093553512e-15
2.000000000000000042e-02 2.272720000000000018e-01 5.370967897351084921e-15
2.000000000000000042e-02 2.550040000000000084e-01 4.985440456820275168e-15
2.000000000000000042e-02 2.861190080000000080e-01 4.584492775988460036e-15
2.000000000000000042e-02 3.210310080000000066e-01 4.164616027961650613e-15
2.000000000000000042e-02 3.602030080000000467e-01 3.744838946795559162e-15
2.000000000000000042e-02 4.041539840000000217e-01 3.382722705200390566e-15
2.000000000000000042e-02 4.534689920000000152e-01 3.054818577272874390e-15
2.000000000000000042e-02 5.088009920000000630e-01 2.750729054907422640e-15
2.000000000000000042e-02 5.708839680000000749e-01 2.471568192244237072e-15
2.000000000000000042e-02 6.405429759999999861e-01 2.201489415083675966e-15
2.000000000000000042e-02 7.187009920000000385e-01 1.957242759426080938e-15
2.000000000000000042e-02 8.063960320000000959e-01 1.730742388933563160e-15
2.000000000000000042e-02 9.047920000000000407e-01 1.534475571495468711e-15
2.000000000000000042e-02 1.015190020000000137e+00 1.388474474524299165e-15
2.000000000000000042e-02 1.139069950000000109e+00 1.317032180503937192e-15
2.000000000000000042e-02 1.278050050000000049e+00 1.042889214209255704e-15
2.000000000000000042e-02 1.434000000000000163e+00 8.956578912887859522e-16
2.000000000000000042e-02 1.608979970000000037e+00 7.892045947155818667e-16
2.000000000000000042e-02 1.680000000000000160e+00 7.513418655168750330e-16
2.000000000000000042e-02 1.700000000000000178e+00 7.408729914065554622e-16
2.000000000000000042e-02 1.800000000000000044e+00 6.960174816095260963e-16
2.000000000000000042e-02 1.900000000000000133e+00 6.571613401324922149e-16
2.000000000000000042e-02 2.000000000000000000e+00 6.212490586461614101e-16
2.000000000000000042e-02 2.100000000000000089e+00 5.886374176953957261e-16
2.000000000000000042e-02 2.200000000000000178e+00 5.579498347379849330e-16
2.000000000000000042e-02 2.300000000000000266e+00 5.261243064331157887e-16
2.000000000000000042e-02 2.400000000000000355e+00 4.953800686177237666e-16
2.000000000000000042e-02 2.500000000000000000e+00 4.744225243786764517e-16
2.000000000000000042e-02 2.600000000000000089e+00 4.620216069783629339e-16
2.000000000000000042e-02 2.750000130000000098e+00 4.418155015355889174e-16
2.000000000000000042e-02 3.000000000000000000e+00 3.999012043150738658e-16
2.000000000000000042e-02 3.249999870000000346e+00 3.754889666745803243e-16
2.000000000000000042e-02 3.500000000000000000e+00 3.477319058618738616e-16
2.000000000000000042e-02 3.750000130000000098e+00 3.196757305205408922e-16
2.000000000000000042e-02 4.000000000000000000e+00 3.016854858034729283e-16
2.000000000000000042e-02 4.249999869999999902e+00 2.852593589990168050e-16
2.000000000000000042e-02 4.499999740000000692e+00 2.696203261506024624e-16
2.000000000000000042e-02 4.750000130000000098e+00 2.537005413429736296e-16
2.000000000000000042e-02 5.000000000000000000e+00 2.434883672755487460e-16
2.000000000000000042e-02 5.249999869999999902e+00 2.340818048179826423e-16
2.000000000000000042e-02 5.500000260000000196e+00 2.253819324606583955e-16
2.000000000000000042e-02 5.750000130000000098e+00 2.171420611878115437e-16
2.000000000000000042e-02 6.000000000000000000e+00 2.092610783262157377e-16
2.000000000000000042e-02 6.249999870000000790e+00 2.009991941294158998e-16
2.000000000000000042e-02 6.499999740000000692e+00 1.942013770687357125e-16
2.000000000000000042e-02 6.750000130000000098e+00 1.884480176642456204e-16
2.000000000000000042e-02 7.000000000000000000e+00 1.828550818051758015e-16
2.000000000000000042e-02 7.249999870000000790e+00 1.775866074537981048e-16
2.000000000000000042e-02 7.500000260000000196e+00 1.724063408021891967e-16
2.000000000000000042e-02 7.750000130000000098e+00 1.673953191091089820e-16
2.000000000000000042e-02 8.000000000000000000e+00 1.626531082200944929e-16
2.000000000000000042e-02 8.249999869999999902e+00 1.580359672198351242e-16
2.000000000000000042e-02 8.499999739999999804e+00 1.536666213043221770e-16
2.000000000000000042e-02 8.750000130000000098e+00 1.494923213911957636e-16
2.000000000000000042e-02 8.999999490000000435e+00 1.454683493654158839e-16
2.000000000000000042e-02 9.249999869999999902e+00 1.415677746399244715e-16
2.000000000000000042e-02 9.500000260000000196e+00 1.379263384696417170e-16
2.000000000000000042e-02 9.749999620000000533e+00 1.344591139808343645e-16
2.000000000000000042e-02 1.000000000000000000e+01 1.311014697033596117e-16
2.000000000000000042e-02 1.025000040000000112e+01 1.279126717294866967e-16
2.000000000000000042e-02 1.049999970000000005e+01 1.248245905307345600e-16
2.000000000000000042e-02 1.075000010000000117e+01 1.219116991826107611e-16
2.000000000000000042e-02 1.100000050000000051e+01 1.191593260982506691e-16
2.000000000000000042e-02 1.124999990000000061e+01 1.164105033241000472e-16
2.000000000000000042e-02 1.150000029999999995e+01 1.138552923512845582e-16
2.000000000000000042e-02 1.174999960000000065e+01 1.112923715480745167e-16
2.000000000000000042e-02 1.200000000000000000e+01 1.088936184306173313e-16
2.000000000000000042e-02 1.225000040000000112e+01 1.064195537802391148e-16
2.000000000000000042e-02 1.249999970000000005e+01 1.035964091577771931e-16
2.000000000000000042e-02 1.275000010000000117e+01 1.015451905815736721e-16
2.000000000000000042e-02 1.299999950000000126e+01 9.981714226504295347e-17
2.000000000000000042e-02 1.324999990000000061e+01 9.814084092218801231e-17
2.000000000000000042e-02 1.350000029999999995e+01 9.650077958671734730e-17
2.000000000000000042e-02 1.374999960000000065e+01 9.489497386155913549e-17
2.000000000000000042e-02 1.400000000000000000e+01 9.334356782386930023e-17
2.000000000000000042e-02 1.425000040000000112e+01 9.180338571466913091e-17
2.000000000000000042e-02 1.449999970000000005e+01 9.031673431774288803e-17
2.000000000000000042e-02 1.475000010000000117e+01 8.889914401146823675e-17
2.000000000000000042e-02 1.500000050000000051e+01 8.746787291633234522e-17
2.000000000000000042e-02 1.524999990000000061e+01 8.612512459066317888e-17
2.000000000000000042e-02 1.550000030000000173e+01 8.478465783962501293e-17
2.000000000000000042e-02 1.574999960000000065e+01 8.350854346463453838e-17
2.000000000000000042e-02 1.600000000000000000e+01 8.223219760965052526e-17
2.000000000000000042e-02 1.625000040000000112e+01 8.103461523521272306e-17
2.000000000000000042e-02 1.649999970000000005e+01 7.982724198522049478e-17
2.000000000000000042e-02 1.675000010000000117e+01 7.868229859534258333e-17
2.000000000000000042e-02 1.699999950000000126e+01 7.753479213329080943e-17
2.000000000000000042e-02 1.725000089999999986e+01 7.644934280998459108e-17
2.000000000000000042e-02 1.750000029999999995e+01 7.538509581326320691e-17
2.000000000000000042e-02 1.774999960000000243e+01 7.434228723211903128e-17
2.000000000000000042e-02 1.799999900000000252e+01 7.331603543002340076e-17
2.000000000000000042e-02 1.825000040000000112e+01 7.232130656884404029e-17
2.000000000000000042e-02 1.849999970000000005e+01 7.140350891235007247e-17
2.000000000000000042e-02 1.874999910000000014e+01 7.066052315763903651e-17
2.000000000000000042e-02 1.900000050000000229e+01 7.005984783521443753e-17
2.000000000000000042e-02 1.924999990000000238e+01 6.924381883843712015e-17
2.000000000000000042e-02 1.949999920000000131e+01 6.849366978441270567e-17
2.000000000000000042e-02 1.975000059999999991e+01 6.769879253731900383e-17
2.000000000000000042e-02 2.000000000000000000e+01 6.699430229747916085e-17
