4.000000000000000192e-04 0.000000000000000000e+00 3.801204174315389782e-15
4.000000000000000192e-04 1.258929999999999956e-04 3.801204174315389782e-15
4.000000000000000192e-04 1.412539999999999998e-04 3.801204174315389782e-15
4.000000000000000192e-04 1.584890000000000203e-04 3.801204174315389782e-15
4.000000000000000192e-04 1.778280000000000193e-04 3.801204174315389782e-15
4.000000000000000192e-04 1.995270000000000160e-04 3.801204174315389782e-15
4.000000000000000192e-04 2.238730000000000028e-04 3.801204174315389782e-15
4.000000000000000192e-04 2.511890000000000238e-04 3.801204174315389782e-15
4.000000000000000192e-04 2.818390000000000370e-04 3.801204174315389782e-15
4.000000000000000192e-04 3.162290000000000110e-04 3.801204174315389782e-15
4.000000000000000192e-04 3.548150000000000240e-04 3.801204174315389782e-15
4.000000000000000192e-04 3.981090000000000063e-04 3.801204174315389782e-15
4.000000000000000192e-04 4.466860000000000123e-04 3.801204174315389782e-15
4.000000000000000192e-04 5.011899999999999905e-04 3.801204174315389782e-15
4.000000000000000192e-04 5.623439999999999949e-04 3.801204174315389782e-15
4.000000000000000192e-04 6.309610000000000869e-04 3.801204174315389782e-15
4.000000000000000192e-04 7.079500000000000506e-04 3.801204174315389782e-15
4.000000000000000192e-04 7.943340000000000557e-04 3.801204174315389782e-15
4.000000000000000192e-04 8.912570000000000084e-04 3.801204174315389782e-15
4.000000000000000192e-04 1.000000000000000021e-03 3.801204174315389782e-15
4.000000000000000192e-04 1.047130000000000066e-03 3.801204174315389782e-15
4.000000000000000192e-04 1.096480000000000154e-03 3.801204174315389782e-15
4.000000000000000192e-04 1.148150000000000125e-03 3.801204174315389782e-15
4.000000000000000192e-04 1.202260000000000134e-03 3.801204174315389782e-15
4.000000000000000192e-04 1.258930000000000118e-03 3.801204174315389782e-15
4.000000000000000192e-04 1.318260000000000135e-03 3.801204174315389782e-15
4.000000000000000192e-04 1.380380000000000062e-03 3.801204174315389782e-15
4.000000000000000192e-04 1.445440000000000093e-03 3.801204174315389782e-15
4.000000000000000192e-04 1.513560000000000166e-03 3.854143961595208514e-15
4.000000000000000192e-04 1.584890000000000040e-03 3.701674413711713673e-15
4.000000000000000192e-04 1.659590000000000067e-03 3.553738447319601632e-15
4.000000000000000192e-04 1.737800000000000065e-03 3.411306925124257001e-15
4.000000000000000192e-04 1.819700000000000050e-03 3.275481722939769655e-15
4.000000000000000192e-04 1.905460000000000096e-03 3.771551811616711251e-15
4.000000000000000192e-04 1.995260000000000002e-03 3.488275459722586002e-15
4.000000000000000192e-04 2.089290000000000157e-03 4.141265877173601596e-15
4.000000000000000192e-04 2.187759999999999965e-03 3.654143235341615486e-15
4.000000000000000192e-04 2.290869999999999972e-03 3.939683003436577481e-15
4.000000000000000192e-04 2.398830000000000233e-03 3.427834501143309429e-15
4.000000000000000192e-04 2.511880000000000189e-03 3.257634366302167220e-15
4.000000000000000192e-04 2.630270000000000091e-03 3.806872774967052203e-15
4.000000000000000192e-04 2.754230000000000306e-03 5.920592103161566608e-15
4.000000000000000192e-04 2.884030000000000100e-03 9.266187686298470202e-15
4.000000000000000192e-04 3.019949999999999978e-03 1.632305164883658296e-14
4.000000000000000192e-04 3.162270000000000011e-03 3.550918014871657621e-14
4.000000000000000192e-04 3.311310000000000035e-03 4.381626531086598783e-14
4.000000000000000192e-04 3.467360000000000060e-03 5.189431379059469528e-14
4.000000000000000192e-04 3.630780000000000118e-03 5.893663229887377459e-14
4.000000000000000192e-04 3.801890000000000044e-03 6.184446926148643940e-14
4.000000000000000192e-04 3.981070000000000615e-03 6.200345344137421852e-14
4.000000000000000192e-04 4.168690000000000069e-03 6.285190628988495335e-14
4.000000000000000192e-04 4.365149999999999933e-03 4.505121585870802252e-14
4.000000000000000192e-04 4.570880000000000255e-03 3.535887017058755009e-14
4.000000000000000192e-04 4.786290000000000336e-03 2.635061291473170240e-14
4.000000000000000192e-04 5.011859999999999926e-03 1.853052567127457457e-14
4.000000000000000192e-04 5.248070000000000512e-03 1.247733837619928593e-14
4.000000000000000192e-04 5.495400000000000111e-03 8.591984454781950587e-15
4.000000000000000192e-04 5.754390000000000720e-03 8.276026544815618290e-15
4.000000000000000192e-04 6.025590000000000807e-03 7.869948501183206448e-15
4.000000000000000192e-04 6.309560000000000515e-03 7.356721152105479171e-15
4.000000000000000192e-04 6.606920000000000501e-03 6.690446161290909717e-15
4.000000000000000192e-04 6.918300000000000491e-03 5.694931560854345179e-15
4.000000000000000192e-04 7.244350000000000095e-03 5.700642585985784059e-15
4.000000000000000192e-04 7.585760000000000419e-03 5.688597807454163416e-15
4.000000000000000192e-04 7.943270000000000539e-03 5.654656525474163090e-15
4.000000000000000192e-04 8.317620000000001262e-03 5.599868396909053952e-15
4.000000000000000192e-04 8.709620000000001250e-03 5.521030683656908671e-15
4.000000000000000192e-04 9.120090000000000835e-03 5.406782325781128732e-15
4.000000000000000192e-04 9.549900000000000055e-03 5.261811622530565506e-15
4.000000000000000192e-04 9.999980000000000327e-03 5.063672587464243725e-15
4.000000000000000192e-04 1.047130000000000109e-02 5.413416327818603353e-15
4.000000000000000192e-04 1.096480000000000024e-02 6.049051951336013641e-15
4.000000000000000192e-04 1.148150000000000039e-02 6.942032539065289022e-15
4.000000000000000192e-04 1.202260000000000134e-02 7.773897125654643410e-15
4.000000000000000192e-04 1.258920000000000004e-02 8.535284480530342613e-15
4.000000000000000192e-04 1.318250000000000151e-02 9.197032277656468453e-15
4.000000000000000192e-04 1.380380000000000149e-02 9.746522956007673486e-15
4.000000000000000192e-04 1.445440000000000093e-02 1.016538926852633469e-14
4.000000000000000192e-04 1.513560000000000079e-02 9.901268358470376181e-15
4.000000000000000192e-04 1.584890000000000257e-02 9.744088932062595494e-15
4.000000000000000192e-04 1.659580000000000083e-02 9.815604299189620946e-15
4.000000000000000192e-04 1.737800000000000109e-02 9.838184711008698289e-15
4.000000000000000192e-04 1.819700000000000137e-02 9.816193938511349999e-15
4.000000000000000192e-04 1.905460000000000140e-02 9.723348418015016133e-15
4.000000000000000192e-04 1.995260000000000089e-02 9.561211690096268150e-15
4.000000000000000192e-04 2.089290000000000244e-02 8.935549570347722684e-15
4.000000000000000192e-04 2.187760000000000052e-02 8.824712892234264756e-15
4.000000000000000192e-04 2.290860000000000118e-02 8.959037635374029881e-15
4.000000000000000192e-04 2.398830000000000059e-02 9.057574311159107435e-15
4.000000000000000192e-04 2.511880000000000016e-02 9.115040144262076509e-15
4.000000000000000192e-04 2.630260000000000237e-02 9.128292331960770030e-15
4.000000000000000192e-04 2.754220000000000279e-02 9.091647309228718683e-15
4.000000000000000192e-04 2.900000000000000147e-02 8.985422685722637104e-15
4.000000000000000192e-04 3.000000000000000236e-02 8.873962020382219643e-15
4.000000000000000192e-04 3.100000000000000325e-02 8.732426203364977379e-15
4.000000000000000192e-04 3.200000000000000067e-02 8.561603594917899566e-15
4.000000000000000192e-04 3.300000000000000155e-02 8.223126497681074549e-15
4.000000000000000192e-04 3.400000000000000244e-02 8.144852332842071172e-15
4.000000000000000192e-04 3.500000000000000333e-02 8.009316526463942417e-15
4.000000000000000192e-04 3.600000000000000422e-02 7.982262495557600026e-15
4.000000000000000192e-04 3.700000000000000511e-02 7.945386809419664317e-15
4.000000000000000192e-04 3.799999999999999906e-02 7.898516339688939794e-15
4.000000000000000192e-04 3.899999999999999994e-02 7.842465289479273580e-15
4.000000000000000192e-04 4.000000000000000083e-02 7.777005502656155165e-15
4.000000000000000192e-04 4.250000000000000305e-02 7.573488254165931297e-15
4.000000000000000192e-04 4.500000000000000527e-02 7.316699166038258593e-15
4.000000000000000192e-04 4.750000000000000056e-02 7.009124594463470998e-15
4.000000000000000192e-04 5.000000000000000278e-02 6.570690379489681358e-15
4.000000000000000192e-04 5.250000000000000500e-02 6.314428450879209755e-15
4.000000000000000192e-04 5.500000000000000028e-02 6.141420469400699437e-15
4.000000000000000192e-04 5.708800000000000680e-02 6.093205226665386675e-15
4.000000000000000192e-04 6.405380000000000795e-02 5.818851872076980770e-15
4.000000000000000192e-04 7.186960000000000570e-02 5.655275616049345798e-15
4.000000000000000192e-04 8.063900000000000234e-02 5.602247685546461591e-15
4.000000000000000192e-04 9.047849600000000547e-02 5.374332907663970827e-15
4.000000000000000192e-04 1.015180000000000110e-01 5.067748576152483796e-15
4.000000000000000192e-04 1.139060000000000072e-01 7.140239794978969240e-15
4.000000000000000192e-04 1.278040000000000009e-01 6.687828929044069246e-15
4.000000000000000192e-04 1.433990080000000222e-01 6.093824472673593250e-15
4.000000000000000192e-04 1.608960000000000112e-01 5.529258604195008954e-15
4.000000000000000192e-04 1.805289919999999992e-01 5.286042951521954536e-15
4.000000000000000192e-04 2.025569920000000190e-01 5.147676092955419235e-15
4.000000000000000192e-04 2.272720000000000018e-01 4.924529964589593121e-15
4.000000000000000192e-04 2.550040000000000084e-01 4.600526924543096886e-15
4.000000000000000192e-04 2.861190080000000080e-01 4.199188308770141209e-15
4.000000000000000192e-04 3.210310080000000066e-01 3.847942231867066089e-15
4.000000000000000192e-04 3.602030080000000467e-01 3.628951747119466921e-15
4.000000000000000192e-04 4.041539840000000217e-01 3.317781936244291696e-15
4.000000000000000192e-04 4.534689920000000152e-01 2.985412496107675958e-15
4.000000000000000192e-04 5.088009920000000630e-01 2.716783598420975863e-15
4.000000000000000192e-04 5.708839680000000749e-01 2.621910696466150366e-15
4.000000000000000192e-04 6.405429759999999861e-01 2.518888171100891807e-15
4.000000000000000192e-04 7.187009920000000385e-01 2.390888195251279034e-15
4.000000000000000192e-04 8.063960320000000959e-01 2.267288856742883663e-15
4.000000000000000192e-04 9.047920000000000407e-01 2.131653539127181408e-15
4.000000000000000192e-04 1.015190020000000137e+00 2.274625431058999301e-15
4.000000000000000192e-04 1.139069950000000109e+00 2.598041069086786723e-15
4.000000000000000192e-04 1.278050050000000049e+00 2.340177394958655969e-15
4.000000000000000192e-04 1.434000000000000163e+00 2.313558665294644589e-15
4.000000000000000192e-04 1.608979970000000037e+00 2.236979033754084220e-15
4.000000000000000192e-04 1.680000000000000160e+00 2.259364429039836063e-15
4.000000000000000192e-04 1.700000000000000178e+00 2.301186372981082572e-15
4.000000000000000192e-04 1.800000000000000044e+00 2.317618750729930834e-15
4.000000000000000192e-04 1.900000000000000133e+00 2.309825550499817850e-15
4.000000000000000192e-04 2.000000000000000000e+00 2.243419443207990217e-15
4.000000000000000192e-04 2.100000000000000089e+00 2.099891894782993381e-15
4.000000000000000192e-04 2.200000000000000178e+00 1.949081298136660719e-15
4.000000000000000192e-04 2.300000000000000266e+00 1.898559362714457701e-15
4.000000000000000192e-04 2.400000000000000355e+00 1.848827174022010308e-15
4.000000000000000192e-04 2.500000000000000000e+00 1.799718477646184468e-15
4.000000000000000192e-04 2.600000000000000089e+00 1.748817616595071743e-15
4.000000000000000192e-04 2.750000130000000098e+00 1.647355574125815326e-15
4.000000000000000192e-04 3.000000000000000000e+00 1.557259167515033853e-15
4.000000000000000192e-04 3.249999870000000346e+00 1.495401392968121449e-15
4.000000000000000192e-04 3.500000000000000000e+00 1.417985300568084426e-15
4.000000000000000192e-04 3.750000130000000098e+00 1.350040518758582854e-15
4.000000000000000192e-04 4.000000000000000000e+00 1.306741170120470889e-15
4.000000000000000192e-04 4.249999869999999902e+00 1.262700903934688138e-15
4.000000000000000192e-04 4.499999740000000692e+00 1.217706727345849103e-15
4.000000000000000192e-04 4.750000130000000098e+00 1.168309164505864233e-15
4.000000000000000192e-04 5.000000000000000000e+00 1.119923434115608863e-15
4.000000000000000192e-04 5.249999869999999902e+00 1.084628275626163619e-15
4.000000000000000192e-04 5.500000260000000196e+00 1.049851122477880030e-15
4.000000000000000192e-04 5.750000130000000098e+00 1.016421976427650782e-15
4.000000000000000192e-04 6.000000000000000000e+00 9.833684237741369059e-16
4.000000000000000192e-04 6.249999870000000790e+00 9.507800446226598555e-16
4.000000000000000192e-04 6.499999740000000692e+00 9.188498926848842961e-16
4.000000000000000192e-04 6.750000130000000098e+00 8.763468139545072721e-16
4.000000000000000192e-04 7.000000000000000000e+00 8.501486346763410879e-16
4.000000000000000192e-04 7.249999870000000790e+00 8.334745594346703067e-16
4.000000000000000192e-04 7.500000260000000196e+00 8.170895690512346318e-16
4.000000000000000192e-04 7.750000130000000098e+00 8.006894048545914476e-16
4.000000000000000192e-04 8.000000000000000000e+00 7.844745432721372273e-16
4.000000000000000192e-04 8.249999869999999902e+00 7.683973752204219380e-16
4.000000000000000192e-04 8.499999739999999804e+00 7.525021700659414787e-16
4.000000000000000192e-04 8.750000130000000098e+00 7.367768963795008655e-16
4.000000000000000192e-04 8.999999490000000435e+00 7.211056834092996378e-16
4.000000000000000192e-04 9.249999869999999902e+00 7.054502701887738286e-16
4.000000000000000192e-04 9.500000260000000196e+00 6.901209424593938664e-16
4.000000000000000192e-04 9.749999620000000533e+00 6.750221190715545796e-16
4.000000000000000192e-04 1.000000000000000000e+01 6.602849582431114569e-16
4.000000000000000192e-04 1.025000040000000112e+01 6.498233793342624924e-16
4.000000000000000192e-04 1.049999970000000005e+01 6.406454188766343656e-16
4.000000000000000192e-04 1.075000010000000117e+01 6.316021205918109068e-16
4.000000000000000192e-04 1.100000050000000051e+01 6.225720228224222509e-16
4.000000000000000192e-04 1.124999990000000061e+01 6.138705886529847483e-16
4.000000000000000192e-04 1.150000029999999995e+01 6.052221637421023252e-16
4.000000000000000192e-04 1.174999960000000065e+01 5.967957724247031540e-16
4.000000000000000192e-04 1.200000000000000000e+01 5.884753702932303416e-16
4.000000000000000192e-04 1.225000040000000112e+01 5.803886368571516266e-16
4.000000000000000192e-04 1.249999970000000005e+01 5.722639064713432677e-16
4.000000000000000192e-04 1.275000010000000117e+01 5.642731374816746859e-16
4.000000000000000192e-04 1.299999950000000126e+01 5.564609270822403710e-16
4.000000000000000192e-04 1.324999990000000061e+01 5.487991390738206182e-16
4.000000000000000192e-04 1.350000029999999995e+01 5.412329010149479391e-16
4.000000000000000192e-04 1.374999960000000065e+01 5.337359394425998702e-16
4.000000000000000192e-04 1.400000000000000000e+01 5.263243885503483174e-16
4.000000000000000192e-04 1.425000040000000112e+01 5.191194437349021332e-16
4.000000000000000192e-04 1.449999970000000005e+01 5.119186886802807525e-16
4.000000000000000192e-04 1.475000010000000117e+01 5.046768669189569277e-16
4.000000000000000192e-04 1.500000050000000051e+01 4.976272996781168007e-16
4.000000000000000192e-04 1.524999990000000061e+01 4.903270114713651850e-16
4.000000000000000192e-04 1.550000030000000173e+01 4.788584162462144973e-16
4.000000000000000192e-04 1.574999960000000065e+01 4.741051298628889893e-16
4.000000000000000192e-04 1.600000000000000000e+01 4.696369908422593187e-16
4.000000000000000192e-04 1.625000040000000112e+01 4.651153903783621392e-16
4.000000000000000192e-04 1.649999970000000005e+01 4.606517426425708144e-16
4.000000000000000192e-04 1.675000010000000117e+01 4.564679761760635872e-16
4.000000000000000192e-04 1.699999950000000126e+01 4.520504486450558984e-16
4.000000000000000192e-04 1.725000089999999986e+01 4.478032555363890342e-16
4.000000000000000192e-04 1.750000029999999995e+01 4.438506406599863136e-16
4.000000000000000192e-04 1.774999960000000243e+01 4.395213712968865794e-16
4.000000000000000192e-04 1.799999900000000252e+01 4.355515934715330928e-16
4.000000000000000192e-04 1.825000040000000112e+01 4.314956920309204259e-16
4.000000000000000192e-04 1.849999970000000005e+01 4.275641259967081390e-16
4.000000000000000192e-04 1.874999910000000014e+01 4.235424313854813695e-16
4.000000000000000192e-04 1.900000050000000229e+01 4.198477042451869504e-16
4.000000000000000192e-04 1.924999990000000238e+01 4.160535959478221162e-16
4.000000000000000192e-04 1.949999920000000131e+01 4.121068999668764416e-16
4.000000000000000192e-04 1.975000059999999991e+01 4.086052295498250054e-16
4.000000000000000192e-04 2.000000000000000000e+01 4.049892908471036688e-16
8.000000000000000167e-03 0.000000000000000000e+00 6.160678741129179427e-15
8.000000000000000167e-03 1.258929999999999956e-04 6.160678741129179427e-15
8.000000000000000167e-03 1.412539999999999998e-04 6.160678741129179427e-15
8.000000000000000167e-03 1.584890000000000203e-04 6.160678741129179427e-15
8.000000000000000167e-03 1.778280000000000193e-04 6.160678741129179427e-15
8.000000000000000167e-03 1.995270000000000160e-04 6.160678741129179427e-15
8.000000000000000167e-03 2.238730000000000028e-04 6.160678741129179427e-15
8.000000000000000167e-03 2.511890000000000238e-04 6.160678741129179427e-15
8.000000000000000167e-03 2.818390000000000370e-04 6.160678741129179427e-15
8.000000000000000167e-03 3.162290000000000110e-04 6.160678741129179427e-15
8.000000000000000167e-03 3.548150000000000240e-04 6.160678741129179427e-15
8.000000000000000167e-03 3.981090000000000063e-04 6.160678741129179427e-15
8.000000000000000167e-03 4.466860000000000123e-04 6.160678741129179427e-15
8.000000000000000167e-03 5.011899999999999905e-04 6.160678741129179427e-15
8.000000000000000167e-03 5.623439999999999949e-04 6.160678741129179427e-15
8.000000000000000167e-03 6.309610000000000869e-04 6.160678741129179427e-15
8.000000000000000167e-03 7.079500000000000506e-04 6.160678741129179427e-15
8.000000000000000167e-03 7.943340000000000557e-04 6.160678741129179427e-15
8.000000000000000167e-03 8.912570000000000084e-04 6.160678741129179427e-15
8.000000000000000167e-03 1.000000000000000021e-03 6.160678741129179427e-15
8.000000000000000167e-03 1.047130000000000066e-03 6.160678741129179427e-15
8.000000000000000167e-03 1.096480000000000154e-03 6.160678741129179427e-15
8.000000000000000167e-03 1.148150000000000125e-03 6.160678741129179427e-15
8.000000000000000167e-03 1.202260000000000134e-03 6.160678741129179427e-15
8.000000000000000167e-03 1.258930000000000118e-03 6.160678741129179427e-15
8.000000000000000167e-03 1.318260000000000135e-03 6.160678741129179427e-15
8.000000000000000167e-03 1.380380000000000062e-03 6.160678741129179427e-15
8.000000000000000167e-03 1.445440000000000093e-03 6.160678741129179427e-15
8.000000000000000167e-03 1.513560000000000166e-03 6.160678741129179427e-15
8.000000000000000167e-03 1.584890000000000040e-03 6.160678741129179427e-15
8.000000000000000167e-03 1.659590000000000067e-03 6.160678741129179427e-15
8.000000000000000167e-03 1.737800000000000065e-03 7.364542031784522470e-15
8.000000000000000167e-03 1.819700000000000050e-03 7.367704845098692915e-15
8.000000000000000167e-03 1.905460000000000096e-03 7.386661425977444166e-15
8.000000000000000167e-03 1.995260000000000002e-03 7.456520434322636540e-15
8.000000000000000167e-03 2.089290000000000157e-03 7.591780950658345744e-15
8.000000000000000167e-03 2.187759999999999965e-03 8.427625327568093381e-15
8.000000000000000167e-03 2.290869999999999972e-03 8.645388187104470450e-15
8.000000000000000167e-03 2.398830000000000233e-03 9.166203614096470143e-15
8.000000000000000167e-03 2.511880000000000189e-03 9.881600711483768622e-15
8.000000000000000167e-03 2.630270000000000091e-03 1.016336013153748233e-14
8.000000000000000167e-03 2.754230000000000306e-03 1.102414734002724209e-14
8.000000000000000167e-03 2.884030000000000100e-03 1.189551226201853441e-14
8.000000000000000167e-03 3.019949999999999978e-03 1.289533486430593686e-14
8.000000000000000167e-03 3.162270000000000011e-03 1.578935001821126586e-14
8.000000000000000167e-03 3.311310000000000035e-03 1.689463403479810587e-14
8.000000000000000167e-03 3.467360000000000060e-03 1.784128742586687345e-14
8.000000000000000167e-03 3.630780000000000118e-03 1.847423081413782107e-14
8.000000000000000167e-03 3.801890000000000044e-03 1.938593251463914759e-14
8.000000000000000167e-03 3.981070000000000615e-03 1.790420208927169574e-14
8.000000000000000167e-03 4.168690000000000069e-03 1.854427085532132921e-14
8.000000000000000167e-03 4.365149999999999933e-03 1.942838401952938100e-14
8.000000000000000167e-03 4.570880000000000255e-03 2.068737836115877673e-14
8.000000000000000167e-03 4.786290000000000336e-03 2.269204812100947015e-14
8.000000000000000167e-03 5.011859999999999926e-03 2.296276699308449618e-14
8.000000000000000167e-03 5.248070000000000512e-03 2.835458842047103615e-14
8.000000000000000167e-03 5.495400000000000111e-03 3.740061646345730889e-14
8.000000000000000167e-03 5.754390000000000720e-03 5.104397067175346986e-14
8.000000000000000167e-03 6.025590000000000807e-03 7.006994347776259068e-14
8.000000000000000167e-03 6.309560000000000515e-03 8.542654519070088139e-14
8.000000000000000167e-03 6.606920000000000501e-03 8.934122756849080741e-14
8.000000000000000167e-03 6.918300000000000491e-03 8.347656466852869522e-14
8.000000000000000167e-03 7.244350000000000095e-03 8.079000293522781276e-14
8.000000000000000167e-03 7.585760000000000419e-03 7.776072426730550235e-14
8.000000000000000167e-03 7.943270000000000539e-03 7.435729800742088899e-14
8.000000000000000167e-03 8.317620000000001262e-03 7.057882862353706312e-14
8.000000000000000167e-03 8.709620000000001250e-03 6.641395780369791973e-14
8.000000000000000167e-03 9.120090000000000835e-03 6.183498875516736672e-14
8.000000000000000167e-03 9.549900000000000055e-03 5.161885757806315638e-14
8.000000000000000167e-03 9.999980000000000327e-03 4.646105845395654326e-14
8.000000000000000167e-03 1.047130000000000109e-02 4.111284034755430010e-14
8.000000000000000167e-03 1.096480000000000024e-02 4.013823684042297635e-14
8.000000000000000167e-03 1.148150000000000039e-02 3.909851555810998488e-14
8.000000000000000167e-03 1.202260000000000134e-02 3.798838923790477649e-14
8.000000000000000167e-03 1.258920000000000004e-02 3.681008924638846648e-14
8.000000000000000167e-03 1.318250000000000151e-02 3.556056726701434687e-14
8.000000000000000167e-03 1.380380000000000149e-02 3.424343893348807663e-14
8.000000000000000167e-03 1.445440000000000093e-02 3.051392355197680614e-14
8.000000000000000167e-03 1.513560000000000079e-02 2.992075876312141148e-14
8.000000000000000167e-03 1.584890000000000257e-02 3.062618475408815977e-14
8.000000000000000167e-03 1.659580000000000083e-02 3.123049000994563325e-14
8.000000000000000167e-03 1.737800000000000109e-02 3.171838372230456899e-14
8.000000000000000167e-03 1.819700000000000137e-02 3.207531284441183915e-14
8.000000000000000167e-03 1.905460000000000140e-02 3.228447890398150776e-14
8.000000000000000167e-03 1.995260000000000089e-02 3.185077874013485091e-14
8.000000000000000167e-03 2.089290000000000244e-02 3.007711912000539984e-14
8.000000000000000167e-03 2.187760000000000052e-02 2.952698840204169280e-14
8.000000000000000167e-03 2.290860000000000118e-02 2.930135109258861880e-14
8.000000000000000167e-03 2.398830000000000059e-02 2.899864748310359340e-14
8.000000000000000167e-03 2.511880000000000016e-02 2.858220428207075090e-14
8.000000000000000167e-03 2.630260000000000237e-02 2.805838887277550983e-14
8.000000000000000167e-03 2.754220000000000279e-02 2.742217136009428642e-14
8.000000000000000167e-03 2.900000000000000147e-02 2.656187818630413652e-14
8.000000000000000167e-03 3.000000000000000236e-02 2.590538134364082841e-14
8.000000000000000167e-03 3.100000000000000325e-02 2.519667067678957509e-14
8.000000000000000167e-03 3.200000000000000067e-02 2.443838721596802898e-14
8.000000000000000167e-03 3.300000000000000155e-02 2.268116087322645548e-14
8.000000000000000167e-03 3.400000000000000244e-02 2.150991664328087613e-14
8.000000000000000167e-03 3.500000000000000333e-02 2.081561380232505465e-14
8.000000000000000167e-03 3.600000000000000422e-02 2.054907136078040254e-14
8.000000000000000167e-03 3.700000000000000511e-02 2.026796425589972398e-14
8.000000000000000167e-03 3.799999999999999906e-02 1.997369561796156717e-14
8.000000000000000167e-03 3.899999999999999994e-02 1.966657651329989274e-14
8.000000000000000167e-03 4.000000000000000083e-02 1.934658970803471825e-14
8.000000000000000167e-03 4.250000000000000305e-02 1.849678390866959561e-14
8.000000000000000167e-03 4.500000000000000527e-02 1.758095524713281491e-14
8.000000000000000167e-03 4.750000000000000056e-02 1.660410508799945903e-14
8.000000000000000167e-03 5.000000000000000278e-02 1.557080673737004195e-14
8.000000000000000167e-03 5.250000000000000500e-02 1.446898508096277965e-14
8.000000000000000167e-03 5.500000000000000028e-02 1.325227952899698401e-14
8.000000000000000167e-03 5.708800000000000680e-02 1.273193589441293199e-14
8.000000000000000167e-03 6.405380000000000795e-02 1.179208086787551116e-14
8.000000000000000167e-03 7.186960000000000570e-02 1.057355494261168802e-14
8.000000000000000167e-03 8.063900000000000234e-02 9.646531089207141134e-15
8.000000000000000167e-03 9.047849600000000547e-02 9.137735111829193458e-15
8.000000000000000167e-03 1.015180000000000110e-01 8.441087231546097728e-15
8.000000000000000167e-03 1.139060000000000072e-01 7.734054271637024763e-15
8.000000000000000167e-03 1.278040000000000009e-01 1.017894050660639967e-14
8.000000000000000167e-03 1.433990080000000222e-01 9.414519488885535061e-15
8.000000000000000167e-03 1.608960000000000112e-01 8.501412403890645999e-15
8.000000000000000167e-03 1.805289919999999992e-01 7.482479804322186344e-15
8.000000000000000167e-03 2.025569920000000190e-01 6.663007584999283530e-15
8.000000000000000167e-03 2.272720000000000018e-01 6.649476973553669166e-15
8.000000000000000167e-03 2.550040000000000084e-01 6.507318705935202134e-15
8.000000000000000167e-03 2.861190080000000080e-01 6.217451448685120156e-15
8.000000000000000167e-03 3.210310080000000066e-01 5.748534526958438236e-15
8.000000000000000167e-03 3.602030080000000467e-01 5.215835729369794747e-15
8.000000000000000167e-03 4.041539840000000217e-01 4.851394211889083003e-15
8.000000000000000167e-03 4.534689920000000152e-01 4.642540255053464903e-15
8.000000000000000167e-03 5.088009920000000630e-01 4.588980784632811803e-15
8.000000000000000167e-03 5.708839680000000749e-01 4.409199064245282680e-15
8.000000000000000167e-03 6.405429759999999861e-01 4.266651289226598189e-15
8.000000000000000167e-03 7.187009920000000385e-01 4.203558536628964125e-15
8.000000000000000167e-03 8.063960320000000959e-01 3.922669336324594115e-15
8.000000000000000167e-03 9.047920000000000407e-01 3.620451628704825676e-15
8.000000000000000167e-03 1.015190020000000137e+00 3.437639639389476929e-15
8.000000000000000167e-03 1.139069950000000109e+00 3.562059104573123211e-15
8.000000000000000167e-03 1.278050050000000049e+00 6.182324839391876359e-15
8.000000000000000167e-03 1.434000000000000163e+00 3.488616861585044066e-15
8.000000000000000167e-03 1.608979970000000037e+00 3.089812660331366077e-15
8.000000000000000167e-03 1.680000000000000160e+00 3.052247350521822349e-15
8.000000000000000167e-03 1.700000000000000178e+00 3.048647497465440009e-15
8.000000000000000167e-03 1.800000000000000044e+00 3.021061354904567927e-15
8.000000000000000167e-03 1.900000000000000133e+00 2.762980329221781343e-15
8.000000000000000167e-03 2.000000000000000000e+00 2.479642571709982751e-15
8.000000000000000167e-03 2.100000000000000089e+00 2.440911490409907297e-15
8.000000000000000167e-03 2.200000000000000178e+00 2.390947589842926720e-15
8.000000000000000167e-03 2.300000000000000266e+00 2.360972398991293959e-15
8.000000000000000167e-03 2.400000000000000355e+00 2.319807630035143511e-15
8.000000000000000167e-03 2.500000000000000000e+00 2.282371314776782152e-15
8.000000000000000167e-03 2.600000000000000089e+00 2.230592435539092731e-15
8.000000000000000167e-03 2.750000130000000098e+00 2.142791004431934235e-15
8.000000000000000167e-03 3.000000000000000000e+00 2.012036953509752617e-15
8.000000000000000167e-03 3.249999870000000346e+00 1.948287176821698017e-15
8.000000000000000167e-03 3.500000000000000000e+00 1.844747514225723854e-15
8.000000000000000167e-03 3.750000130000000098e+00 1.517192996638157983e-15
8.000000000000000167e-03 4.000000000000000000e+00 1.393039913817937754e-15
8.000000000000000167e-03 4.249999869999999902e+00 1.345025301189378154e-15
8.000000000000000167e-03 4.499999740000000692e+00 1.298581609059520618e-15
8.000000000000000167e-03 4.750000130000000098e+00 1.253093650075100297e-15
8.000000000000000167e-03 5.000000000000000000e+00 1.216070399909495551e-15
8.000000000000000167e-03 5.249999869999999902e+00 1.326650824637348632e-15
8.000000000000000167e-03 5.500000260000000196e+00 1.308858930928959375e-15
8.000000000000000167e-03 5.750000130000000098e+00 1.286319656261266144e-15
8.000000000000000167e-03 6.000000000000000000e+00 1.258971934056077707e-15
8.000000000000000167e-03 6.249999870000000790e+00 1.227979676882619062e-15
8.000000000000000167e-03 6.499999740000000692e+00 1.192801551341463977e-15
8.000000000000000167e-03 6.750000130000000098e+00 1.153851171163755011e-15
8.000000000000000167e-03 7.000000000000000000e+00 1.086673966553000133e-15
8.000000000000000167e-03 7.249999870000000790e+00 1.045333830469241947e-15
8.000000000000000167e-03 7.500000260000000196e+00 1.026312300469059343e-15
8.000000000000000167e-03 7.750000130000000098e+00 1.007805011142116775e-15
8.000000000000000167e-03 8.000000000000000000e+00 9.897633486198159835e-16
8.000000000000000167e-03 8.249999869999999902e+00 9.723715240158646468e-16
8.000000000000000167e-03 8.499999739999999804e+00 9.550718558862418571e-16
8.000000000000000167e-03 8.750000130000000098e+00 9.380406352934578718e-16
8.000000000000000167e-03 8.999999490000000435e+00 9.215107133038243436e-16
8.000000000000000167e-03 9.249999869999999902e+00 9.053757386045653172e-16
8.000000000000000167e-03 9.500000260000000196e+00 8.892263399415658421e-16
8.000000000000000167e-03 9.749999620000000533e+00 8.740962455572083798e-16
8.000000000000000167e-03 1.000000000000000000e+01 8.591397004536821387e-16
8.000000000000000167e-03 1.025000040000000112e+01 8.474452192795408962e-16
8.000000000000000167e-03 1.049999970000000005e+01 8.356040608847903044e-16
8.000000000000000167e-03 1.075000010000000117e+01 8.237499184890545148e-16
8.000000000000000167e-03 1.100000050000000051e+01 8.121224446539922203e-16
8.000000000000000167e-03 1.124999990000000061e+01 8.003961240695815130e-16
8.000000000000000167e-03 1.150000029999999995e+01 7.889699754653298036e-16
8.000000000000000167e-03 1.174999960000000065e+01 7.775321600775773115e-16
8.000000000000000167e-03 1.200000000000000000e+01 7.660690951696173290e-16
8.000000000000000167e-03 1.225000040000000112e+01 7.547338838878942963e-16
8.000000000000000167e-03 1.249999970000000005e+01 7.434801917071459484e-16
8.000000000000000167e-03 1.275000010000000117e+01 7.323622601247844041e-16
8.000000000000000167e-03 1.299999950000000126e+01 7.212937965962484446e-16
8.000000000000000167e-03 1.324999990000000061e+01 7.102636455815489128e-16
8.000000000000000167e-03 1.350000029999999995e+01 6.994491284620738704e-16
8.000000000000000167e-03 1.374999960000000065e+01 6.885960693454736315e-16
8.000000000000000167e-03 1.400000000000000000e+01 6.776733927845513047e-16
8.000000000000000167e-03 1.425000040000000112e+01 6.671801721120577260e-16
8.000000000000000167e-03 1.449999970000000005e+01 6.565058173871241178e-16
8.000000000000000167e-03 1.475000010000000117e+01 6.460363309535732992e-16
8.000000000000000167e-03 1.500000050000000051e+01 6.358599447969454796e-16
8.000000000000000167e-03 1.524999990000000061e+01 6.304987824004486254e-16
8.000000000000000167e-03 1.550000030000000173e+01 6.238824518356651718e-16
8.000000000000000167e-03 1.574999960000000065e+01 6.170707386270420766e-16
8.000000000000000167e-03 1.600000000000000000e+01 6.105067579454074593e-16
8.000000000000000167e-03 1.625000040000000112e+01 6.041393575942780574e-16
8.000000000000000167e-03 1.649999970000000005e+01 5.977691439113205808e-16
8.000000000000000167e-03 1.675000010000000117e+01 5.915922598533379408e-16
8.000000000000000167e-03 1.699999950000000126e+01 5.854946923702625722e-16
8.000000000000000167e-03 1.725000089999999986e+01 5.793909212289407324e-16
8.000000000000000167e-03 1.750000029999999995e+01 5.732950779152276522e-16
8.000000000000000167e-03 1.774999960000000243e+01 5.674972206080074028e-16
8.000000000000000167e-03 1.799999900000000252e+01 5.617476727954810970e-16
8.000000000000000167e-03 1.825000040000000112e+01 5.561012744864372241e-16
8.000000000000000167e-03 1.849999970000000005e+01 5.505009711196603527e-16
8.000000000000000167e-03 1.874999910000000014e+01 5.449441516976926429e-16
8.000000000000000167e-03 1.900000050000000229e+01 5.393602956078852663e-16
8.000000000000000167e-03 1.924999990000000238e+01 5.341429968208816676e-16
8.000000000000000167e-03 1.949999920000000131e+01 5.287859890553997018e-16
8.000000000000000167e-03 1.975000059999999991e+01 5.236546059538355819e-16
8.000000000000000167e-03 2.000000000000000000e+01 5.184996290904550236e-16
5.000000000000000278e-02 0.000000000000000000e+00 9.928066087306930963e-15
5.000000000000000278e-02 1.258929999999999956e-04 9.928066087306930963e-15
5.000000000000000278e-02 1.412539999999999998e-04 1.068756899803322976e-14
5.000000000000000278e-02 1.584890000000000203e-04 1.053581020532257575e-14
5.000000000000000278e-02 1.778280000000000193e-04 1.038261007180503454e-14
5.000000000000000278e-02 1.995270000000000160e-04 1.022808225931915222e-14
5.000000000000000278e-02 2.238730000000000028e-04 1.070308834177099632e-14
5.000000000000000278e-02 2.511890000000000238e-04 1.051649312847594682e-14
5.000000000000000278e-02 2.818390000000000370e-04 1.032736104429828580e-14
5.000000000000000278e-02 3.162290000000000110e-04 1.066637280312395554e-14
5.000000000000000278e-02 3.548150000000000240e-04 1.045504260532800117e-14
5.000000000000000278e-02 3.981090000000000063e-04 1.100371702054612545e-14
5.000000000000000278e-02 4.466860000000000123e-04 1.075321622178676040e-14
5.000000000000000278e-02 5.011899999999999905e-04 1.100061402635411875e-14
5.000000000000000278e-02 5.623439999999999949e-04 1.133191530802455484e-14
5.000000000000000278e-02 6.309610000000000869e-04 1.109710823716041915e-14
5.000000000000000278e-02 7.079500000000000506e-04 1.238871990490606471e-14
5.000000000000000278e-02 7.943340000000000557e-04 1.191295131235034185e-14
5.000000000000000278e-02 8.912570000000000084e-04 1.277743574908497143e-14
5.000000000000000278e-02 1.000000000000000021e-03 1.241880568045837190e-14
5.000000000000000278e-02 1.047130000000000066e-03 1.329076329282435164e-14
5.000000000000000278e-02 1.096480000000000154e-03 1.297661392455768425e-14
5.000000000000000278e-02 1.148150000000000125e-03 1.259669607706339554e-14
5.000000000000000278e-02 1.202260000000000134e-03 1.371275311413630583e-14
5.000000000000000278e-02 1.258930000000000118e-03 1.351221927093641756e-14
5.000000000000000278e-02 1.318260000000000135e-03 1.327277238752067731e-14
5.000000000000000278e-02 1.380380000000000062e-03 1.464897483891129720e-14
5.000000000000000278e-02 1.445440000000000093e-03 1.420301662089550545e-14
5.000000000000000278e-02 1.513560000000000166e-03 1.545468731858789004e-14
5.000000000000000278e-02 1.584890000000000040e-03 1.475533565978313470e-14
5.000000000000000278e-02 1.659590000000000067e-03 1.587778609022088451e-14
5.000000000000000278e-02 1.737800000000000065e-03 1.694563536191511429e-14
5.000000000000000278e-02 1.819700000000000050e-03 1.634116412808575951e-14
5.000000000000000278e-02 1.905460000000000096e-03 1.749937610961105833e-14
5.000000000000000278e-02 1.995260000000000002e-03 1.817514870303898621e-14
5.000000000000000278e-02 2.089290000000000157e-03 1.886793927799715277e-14
5.000000000000000278e-02 2.187759999999999965e-03 1.938376957923832156e-14
5.000000000000000278e-02 2.290869999999999972e-03 1.971982004342294736e-14
5.000000000000000278e-02 2.398830000000000233e-03 1.961126897689054683e-14
5.000000000000000278e-02 2.511880000000000189e-03 2.176818775748965806e-14
5.000000000000000278e-02 2.630270000000000091e-03 1.859155876741399852e-14
5.000000000000000278e-02 2.754230000000000306e-03 1.842492721967096761e-14
5.000000000000000278e-02 2.884030000000000100e-03 2.027369931312958771e-14
5.000000000000000278e-02 3.019949999999999978e-03 2.358068507527700327e-14
5.000000000000000278e-02 3.162270000000000011e-03 2.761457000417674651e-14
5.000000000000000278e-02 3.311310000000000035e-03 2.989163495614368348e-14
5.000000000000000278e-02 3.467360000000000060e-03 2.952331327374575919e-14
5.000000000000000278e-02 3.630780000000000118e-03 2.704517368290123808e-14
5.000000000000000278e-02 3.801890000000000044e-03 2.751192214429796229e-14
5.000000000000000278e-02 3.981070000000000615e-03 3.507858959991017280e-14
5.000000000000000278e-02 4.168690000000000069e-03 4.957143687602483889e-14
5.000000000000000278e-02 4.365149999999999933e-03 7.267351032445684342e-14
5.000000000000000278e-02 4.570880000000000255e-03 1.006025459910352625e-13
5.000000000000000278e-02 4.786290000000000336e-03 1.291616870368112361e-13
5.000000000000000278e-02 5.011859999999999926e-03 1.579752712274044144e-13
5.000000000000000278e-02 5.248070000000000512e-03 1.865609450880458031e-13
5.000000000000000278e-02 5.495400000000000111e-03 2.143335331920594792e-13
5.000000000000000278e-02 5.754390000000000720e-03 2.406061975556896195e-13
5.000000000000000278e-02 6.025590000000000807e-03 2.645163081757765880e-13
5.000000000000000278e-02 6.309560000000000515e-03 2.851097206004636886e-13
5.000000000000000278e-02 6.606920000000000501e-03 2.701474082532152903e-13
5.000000000000000278e-02 6.918300000000000491e-03 2.068378537767077588e-13
5.000000000000000278e-02 7.244350000000000095e-03 1.833806151097129256e-13
5.000000000000000278e-02 7.585760000000000419e-03 1.811052755734812505e-13
5.000000000000000278e-02 7.943270000000000539e-03 1.782884768501583635e-13
5.000000000000000278e-02 8.317620000000001262e-03 1.748988702167592675e-13
5.000000000000000278e-02 8.709620000000001250e-03 1.709045607489926028e-13
5.000000000000000278e-02 9.120090000000000835e-03 1.662470872387768355e-13
5.000000000000000278e-02 9.549900000000000055e-03 1.499030487655142615e-13
5.000000000000000278e-02 9.999980000000000327e-03 1.309571869929854359e-13
5.000000000000000278e-02 1.047130000000000109e-02 1.294065644394090684e-13
5.000000000000000278e-02 1.096480000000000024e-02 1.270382164080326865e-13
5.000000000000000278e-02 1.148150000000000039e-02 1.237595619184291423e-13
5.000000000000000278e-02 1.202260000000000134e-02 1.194796227585551580e-13
5.000000000000000278e-02 1.258920000000000004e-02 1.141017051763785479e-13
5.000000000000000278e-02 1.318250000000000151e-02 1.035500268561013574e-13
5.000000000000000278e-02 1.380380000000000149e-02 8.927791595568245909e-14
5.000000000000000278e-02 1.445440000000000093e-02 8.437704984038355397e-14
5.000000000000000278e-02 1.513560000000000079e-02 8.212416017152551348e-14
5.000000000000000278e-02 1.584890000000000257e-02 7.962004059095753813e-14
5.000000000000000278e-02 1.659580000000000083e-02 7.682040041399180341e-14
5.000000000000000278e-02 1.737800000000000109e-02 7.372472313096153985e-14
5.000000000000000278e-02 1.819700000000000137e-02 7.031515799375478194e-14
5.000000000000000278e-02 1.905460000000000140e-02 6.657185175151201610e-14
5.000000000000000278e-02 1.995260000000000089e-02 6.248179647799934224e-14
5.000000000000000278e-02 2.089290000000000244e-02 5.802027527007473140e-14
5.000000000000000278e-02 2.187760000000000052e-02 5.272170080578422933e-14
5.000000000000000278e-02 2.290860000000000118e-02 4.518688103421036774e-14
5.000000000000000278e-02 2.398830000000000059e-02 4.171989154749717164e-14
5.000000000000000278e-02 2.511880000000000016e-02 4.080998108423973171e-14
5.000000000000000278e-02 2.630260000000000237e-02 3.975983879276906412e-14
5.000000000000000278e-02 2.754220000000000279e-02 3.856124061396844772e-14
5.000000000000000278e-02 2.900000000000000147e-02 3.702977338231671486e-14
5.000000000000000278e-02 3.000000000000000236e-02 3.590856283673849103e-14
5.000000000000000278e-02 3.100000000000000325e-02 3.473314236305316600e-14
5.000000000000000278e-02 3.200000000000000067e-02 3.350535574947776044e-14
5.000000000000000278e-02 3.300000000000000155e-02 3.223596045213061552e-14
5.000000000000000278e-02 3.400000000000000244e-02 3.091121198190306429e-14
5.000000000000000278e-02 3.500000000000000333e-02 2.954254016536242064e-14
5.000000000000000278e-02 3.600000000000000422e-02 2.813162225674274969e-14
5.000000000000000278e-02 3.700000000000000511e-02 2.658139089198154213e-14
5.000000000000000278e-02 3.799999999999999906e-02 2.482058864319667258e-14
5.000000000000000278e-02 3.899999999999999994e-02 2.359522350737998330e-14
5.000000000000000278e-02 4.000000000000000083e-02 2.255796563451369723e-14
5.000000000000000278e-02 4.250000000000000305e-02 2.177938699553457360e-14
5.000000000000000278e-02 4.500000000000000527e-02 2.097989737292965631e-14
5.000000000000000278e-02 4.750000000000000056e-02 2.007218408588022397e-14
5.000000000000000278e-02 5.000000000000000278e-02 1.906518922847719338e-14
5.000000000000000278e-02 5.250000000000000500e-02 1.786583692297022755e-14
5.000000000000000278e-02 5.500000000000000028e-02 1.675500913068501549e-14
5.000000000000000278e-02 5.708800000000000680e-02 1.610371405554185592e-14
5.000000000000000278e-02 6.405380000000000795e-02 1.515490290962247293e-14
5.000000000000000278e-02 7.186960000000000570e-02 1.393689923455316144e-14
5.000000000000000278e-02 8.063900000000000234e-02 1.223821578994925836e-14
5.000000000000000278e-02 9.047849600000000547e-02 1.065540635256266907e-14
5.000000000000000278e-02 1.015180000000000110e-01 1.213099713535566014e-14
5.000000000000000278e-02 1.139060000000000072e-01 1.146476793490429214e-14
5.000000000000000278e-02 1.278040000000000009e-01 1.050202884842391605e-14
5.000000000000000278e-02 1.433990080000000222e-01 9.169326138172007479e-15
5.000000000000000278e-02 1.608960000000000112e-01 8.267988465226951292e-15
5.000000000000000278e-02 1.805289919999999992e-01 7.959701756580111296e-15
5.000000000000000278e-02 2.025569920000000190e-01 7.935871780297543135e-15
5.000000000000000278e-02 2.272720000000000018e-01 7.798956586150924242e-15
5.000000000000000278e-02 2.550040000000000084e-01 7.529900727684413405e-15
5.000000000000000278e-02 2.861190080000000080e-01 7.109614547177028849e-15
5.000000000000000278e-02 3.210310080000000066e-01 6.520271090730468973e-15
5.000000000000000278e-02 3.602030080000000467e-01 6.149875600803134217e-15
5.000000000000000278e-02 4.041539840000000217e-01 5.932737404879125914e-15
5.000000000000000278e-02 4.534689920000000152e-01 5.888131575001890312e-15
5.000000000000000278e-02 5.088009920000000630e-01 5.805730259666238203e-15
5.000000000000000278e-02 5.708839680000000749e-01 5.681185772911610953e-15
5.000000000000000278e-02 6.405429759999999861e-01 5.602502384502796144e-15
5.000000000000000278e-02 7.187009920000000385e-01 5.538462165335239927e-15
5.000000000000000278e-02 8.063960320000000959e-01 5.157977369231101939e-15
5.000000000000000278e-02 9.047920000000000407e-01 4.752586997543663778e-15
5.000000000000000278e-02 1.015190020000000137e+00 4.327573858562291067e-15
5.000000000000000278e-02 1.139069950000000109e+00 4.062641342435521900e-15
5.000000000000000278e-02 1.278050050000000049e+00 3.888871193039781037e-15
5.000000000000000278e-02 1.434000000000000163e+00 3.660039770632790545e-15
5.000000000000000278e-02 1.608979970000000037e+00 3.600209722391036055e-15
5.000000000000000278e-02 1.680000000000000160e+00 3.532466852707657145e-15
5.000000000000000278e-02 1.700000000000000178e+00 3.507587437379436351e-15
5.000000000000000278e-02 1.800000000000000044e+00 3.364364481815310629e-15
5.000000000000000278e-02 1.900000000000000133e+00 3.008681550662394599e-15
5.000000000000000278e-02 2.000000000000000000e+00 2.940320696619188574e-15
5.000000000000000278e-02 2.100000000000000089e+00 2.868596412993878564e-15
5.000000000000000278e-02 2.200000000000000178e+00 2.792742300936196532e-15
5.000000000000000278e-02 2.300000000000000266e+00 2.714811621992895099e-15
5.000000000000000278e-02 2.400000000000000355e+00 2.634599238659971441e-15
5.000000000000000278e-02 2.500000000000000000e+00 2.554652033946721435e-15
5.000000000000000278e-02 2.600000000000000089e+00 2.477988961113360860e-15
5.000000000000000278e-02 2.750000130000000098e+00 2.347756942945327236e-15
5.000000000000000278e-02 3.000000000000000000e+00 2.275712758132864402e-15
5.000000000000000278e-02 3.249999870000000346e+00 2.197641006929806769e-15
5.000000000000000278e-02 3.500000000000000000e+00 2.113200988335060468e-15
5.000000000000000278e-02 3.750000130000000098e+00 2.025830868047918593e-15
5.000000000000000278e-02 4.000000000000000000e+00 1.932378119001711906e-15
5.000000000000000278e-02 4.249999869999999902e+00 1.749381521770184310e-15
5.000000000000000278e-02 4.499999740000000692e+00 1.644268151120141003e-15
5.000000000000000278e-02 4.750000130000000098e+00 1.609260356297726063e-15
5.000000000000000278e-02 5.000000000000000000e+00 1.573708507717516324e-15
5.000000000000000278e-02 5.249999869999999902e+00 1.538691385027700761e-15
5.000000000000000278e-02 5.500000260000000196e+00 1.503541407743117776e-15
5.000000000000000278e-02 5.750000130000000098e+00 1.468264766461626974e-15
5.000000000000000278e-02 6.000000000000000000e+00 1.433066035125740047e-15
5.000000000000000278e-02 6.249999870000000790e+00 1.397671321307343925e-15
5.000000000000000278e-02 6.499999740000000692e+00 1.362332770980522241e-15
5.000000000000000278e-02 6.750000130000000098e+00 1.327376823627661346e-15
5.000000000000000278e-02 7.000000000000000000e+00 1.292021800651985956e-15
5.000000000000000278e-02 7.249999870000000790e+00 1.256413528556344305e-15
5.000000000000000278e-02 7.500000260000000196e+00 1.217317025295228799e-15
5.000000000000000278e-02 7.750000130000000098e+00 1.081577217846781305e-15
5.000000000000000278e-02 8.000000000000000000e+00 1.064163012071458975e-15
5.000000000000000278e-02 8.249999869999999902e+00 1.046917431789431892e-15
5.000000000000000278e-02 8.499999739999999804e+00 1.030993897185372594e-15
5.000000000000000278e-02 8.750000130000000098e+00 1.014467966163252976e-15
5.000000000000000278e-02 8.999999490000000435e+00 9.986765156697550623e-16
5.000000000000000278e-02 9.249999869999999902e+00 9.829697962373574325e-16
5.000000000000000278e-02 9.500000260000000196e+00 9.677638542045214074e-16
5.000000000000000278e-02 9.749999620000000533e+00 9.528161777887769974e-16
5.000000000000000278e-02 1.000000000000000000e+01 9.381163070123364646e-16
5.000000000000000278e-02 1.025000040000000112e+01 9.241219652048639798e-16
5.000000000000000278e-02 1.049999970000000005e+01 9.099280156584865921e-16
5.000000000000000278e-02 1.075000010000000117e+01 8.961558066974355131e-16
5.000000000000000278e-02 1.100000050000000051e+01 8.822332956364931496e-16
5.000000000000000278e-02 1.124999990000000061e+01 8.687421784552215078e-16
5.000000000000000278e-02 1.150000029999999995e+01 8.546684963048706170e-16
5.000000000000000278e-02 1.174999960000000065e+01 8.409723297278245587e-16
5.000000000000000278e-02 1.200000000000000000e+01 8.271732260016289186e-16
5.000000000000000278e-02 1.225000040000000112e+01 8.138732741958520074e-16
5.000000000000000278e-02 1.249999970000000005e+01 8.009367053145153484e-16
5.000000000000000278e-02 1.275000010000000117e+01 7.879918388480854616e-16
5.000000000000000278e-02 1.299999950000000126e+01 7.755971126259947419e-16
5.000000000000000278e-02 1.324999990000000061e+01 7.632408494652040734e-16
5.000000000000000278e-02 1.350000029999999995e+01 7.510642675333648142e-16
5.000000000000000278e-02 1.374999960000000065e+01 7.392346211751569595e-16
5.000000000000000278e-02 1.400000000000000000e+01 7.276067909485916210e-16
5.000000000000000278e-02 1.425000040000000112e+01 7.160721237301962684e-16
5.000000000000000278e-02 1.449999970000000005e+01 7.047576659558572999e-16
5.000000000000000278e-02 1.475000010000000117e+01 6.937588548327051490e-16
5.000000000000000278e-02 1.500000050000000051e+01 6.829736025913439543e-16
5.000000000000000278e-02 1.524999990000000061e+01 6.724417364456408769e-16
5.000000000000000278e-02 1.550000030000000173e+01 6.619047955392308927e-16
5.000000000000000278e-02 1.574999960000000065e+01 6.516033809226440830e-16
5.000000000000000278e-02 1.600000000000000000e+01 6.413607402321461822e-16
5.000000000000000278e-02 1.625000040000000112e+01 6.314753258686174166e-16
5.000000000000000278e-02 1.649999970000000005e+01 6.219079870799269825e-16
5.000000000000000278e-02 1.675000010000000117e+01 6.125669814706486980e-16
5.000000000000000278e-02 1.699999950000000126e+01 6.036220774268249228e-16
5.000000000000000278e-02 1.725000089999999986e+01 6.118595207708840810e-16
5.000000000000000278e-02 1.750000029999999995e+01 6.166983004808407506e-16
5.000000000000000278e-02 1.774999960000000243e+01 6.108710227252708847e-16
5.000000000000000278e-02 1.799999900000000252e+01 6.051949122385291755e-16
5.000000000000000278e-02 1.825000040000000112e+01 5.996141596480249914e-16
5.000000000000000278e-02 1.849999970000000005e+01 5.940104023928479278e-16
5.000000000000000278e-02 1.874999910000000014e+01 5.884262143304878034e-16
5.000000000000000278e-02 1.900000050000000229e+01 5.831803532652628982e-16
5.000000000000000278e-02 1.924999990000000238e+01 5.776885953206312154e-16
5.000000000000000278e-02 1.949999920000000131e+01 5.724867197953032749e-16
5.000000000000000278e-02 1.975000059999999991e+01 5.672853647655650743e-16
5.000000000000000278e-02 2.000000000000000000e+01 5.622729605668579171e-16
1.000000000000000048e-04 0.000000000000000000e+00 3.518635102257446584e-15
1.000000000000000048e-04 1.258929999999999956e-04 3.518635102257446584e-15
1.000000000000000048e-04 1.412539999999999998e-04 3.518635102257446584e-15
1.000000000000000048e-04 1.584890000000000203e-04 3.518635102257446584e-15
1.000000000000000048e-04 1.778280000000000193e-04 3.518635102257446584e-15
1.000000000000000048e-04 1.995270000000000160e-04 3.518635102257446584e-15
1.000000000000000048e-04 2.238730000000000028e-04 3.518635102257446584e-15
1.000000000000000048e-04 2.511890000000000238e-04 3.552582356571842632e-15
1.000000000000000048e-04 2.818390000000000370e-04 3.552582356571842632e-15
1.000000000000000048e-04 3.162290000000000110e-04 3.552582356571842632e-15
1.000000000000000048e-04 3.548150000000000240e-04 3.552582356571842632e-15
1.000000000000000048e-04 3.981090000000000063e-04 3.535241681916008565e-15
1.000000000000000048e-04 4.466860000000000123e-04 3.534431496269254174e-15
1.000000000000000048e-04 5.011899999999999905e-04 3.535883805676051315e-15
1.000000000000000048e-04 5.623439999999999949e-04 3.536559521114076810e-15
1.000000000000000048e-04 6.309610000000000869e-04 3.539899030819586219e-15
1.000000000000000048e-04 7.079500000000000506e-04 3.573546836177194682e-15
1.000000000000000048e-04 7.943340000000000557e-04 3.577373731638166806e-15
1.000000000000000048e-04 8.912570000000000084e-04 3.602594108651287747e-15
1.000000000000000048e-04 1.000000000000000021e-03 3.704258998268021319e-15
1.000000000000000048e-04 1.047130000000000066e-03 3.790124767775988977e-15
1.000000000000000048e-04 1.096480000000000154e-03 3.796771502811224254e-15
1.000000000000000048e-04 1.148150000000000125e-03 3.794406979487476096e-15
1.000000000000000048e-04 1.202260000000000134e-03 3.781040492690981562e-15
1.000000000000000048e-04 1.258930000000000118e-03 3.748710127456785120e-15
1.000000000000000048e-04 1.318260000000000135e-03 3.896385168627633943e-15
1.000000000000000048e-04 1.380380000000000062e-03 3.951062678433283059e-15
1.000000000000000048e-04 1.445440000000000093e-03 3.964709209368027586e-15
1.000000000000000048e-04 1.513560000000000166e-03 3.984582216469980912e-15
1.000000000000000048e-04 1.584890000000000040e-03 4.001201602861060574e-15
1.000000000000000048e-04 1.659590000000000067e-03 4.115330711934557941e-15
1.000000000000000048e-04 1.737800000000000065e-03 4.138246614410509057e-15
1.000000000000000048e-04 1.819700000000000050e-03 4.160846461714253519e-15
1.000000000000000048e-04 1.905460000000000096e-03 4.211106293552491302e-15
1.000000000000000048e-04 1.995260000000000002e-03 4.294932601989945102e-15
1.000000000000000048e-04 2.089290000000000157e-03 4.340154662757183327e-15
1.000000000000000048e-04 2.187759999999999965e-03 4.358848429363639028e-15
1.000000000000000048e-04 2.290869999999999972e-03 4.385579076145302114e-15
1.000000000000000048e-04 2.398830000000000233e-03 4.369984050763631679e-15
1.000000000000000048e-04 2.511880000000000189e-03 4.448495244399242656e-15
1.000000000000000048e-04 2.630270000000000091e-03 4.584207671508515065e-15
1.000000000000000048e-04 2.754230000000000306e-03 4.744193385545353414e-15
1.000000000000000048e-04 2.884030000000000100e-03 5.210802623657327686e-15
1.000000000000000048e-04 3.019949999999999978e-03 1.832139476414566209e-14
1.000000000000000048e-04 3.162270000000000011e-03 1.658264410754921605e-13
1.000000000000000048e-04 3.311310000000000035e-03 1.983290250567612474e-13
1.000000000000000048e-04 3.467360000000000060e-03 2.152634528111026611e-13
1.000000000000000048e-04 3.630780000000000118e-03 2.341647370491021944e-13
1.000000000000000048e-04 3.801890000000000044e-03 2.552851627712905024e-13
1.000000000000000048e-04 3.981070000000000615e-03 2.569235244667032144e-13
1.000000000000000048e-04 4.168690000000000069e-03 2.157814376979641643e-13
1.000000000000000048e-04 4.365149999999999933e-03 1.898104916070643576e-13
1.000000000000000048e-04 4.570880000000000255e-03 1.611628534236918678e-13
1.000000000000000048e-04 4.786290000000000336e-03 1.246772585128933855e-13
1.000000000000000048e-04 5.011859999999999926e-03 7.905479629582205314e-14
1.000000000000000048e-04 5.248070000000000512e-03 2.860631129843699730e-14
1.000000000000000048e-04 5.495400000000000111e-03 6.131121431117126301e-15
1.000000000000000048e-04 5.754390000000000720e-03 5.480541146150904969e-15
1.000000000000000048e-04 6.025590000000000807e-03 5.225256374560405576e-15
1.000000000000000048e-04 6.309560000000000515e-03 4.941272385975822802e-15
1.000000000000000048e-04 6.606920000000000501e-03 4.620033673032708287e-15
1.000000000000000048e-04 6.918300000000000491e-03 4.259370795066421578e-15
1.000000000000000048e-04 7.244350000000000095e-03 4.048047007551092276e-15
1.000000000000000048e-04 7.585760000000000419e-03 3.998758611594466737e-15
1.000000000000000048e-04 7.943270000000000539e-03 3.929324526482943814e-15
1.000000000000000048e-04 8.317620000000001262e-03 3.837059759793326448e-15
1.000000000000000048e-04 8.709620000000001250e-03 3.717134402160712613e-15
1.000000000000000048e-04 9.120090000000000835e-03 3.567678035309533224e-15
1.000000000000000048e-04 9.549900000000000055e-03 3.386194397641062829e-15
1.000000000000000048e-04 9.999980000000000327e-03 3.163244943356111692e-15
1.000000000000000048e-04 1.047130000000000109e-02 2.950705943249664102e-15
1.000000000000000048e-04 1.096480000000000024e-02 2.851015623999232447e-15
1.000000000000000048e-04 1.148150000000000039e-02 2.858352348033915619e-15
1.000000000000000048e-04 1.202260000000000134e-02 2.869526471269593286e-15
1.000000000000000048e-04 1.258920000000000004e-02 2.878186174419520483e-15
1.000000000000000048e-04 1.318250000000000151e-02 2.889330441016909819e-15
1.000000000000000048e-04 1.380380000000000149e-02 2.904423026420808519e-15
1.000000000000000048e-04 1.445440000000000093e-02 2.878774612519186275e-15
1.000000000000000048e-04 1.513560000000000079e-02 2.832478299523988055e-15
1.000000000000000048e-04 1.584890000000000257e-02 2.765378774778945995e-15
1.000000000000000048e-04 1.659580000000000083e-02 2.764253661217187166e-15
1.000000000000000048e-04 1.737800000000000109e-02 2.763048541571826326e-15
1.000000000000000048e-04 1.819700000000000137e-02 2.761995334366018490e-15
1.000000000000000048e-04 1.905460000000000140e-02 2.762256174222441441e-15
1.000000000000000048e-04 1.995260000000000089e-02 2.730061215951685159e-15
1.000000000000000048e-04 2.089290000000000244e-02 2.749062341478504524e-15
1.000000000000000048e-04 2.187760000000000052e-02 2.840124158644199879e-15
1.000000000000000048e-04 2.290860000000000118e-02 2.983161916365872616e-15
1.000000000000000048e-04 2.398830000000000059e-02 3.126765808861448581e-15
1.000000000000000048e-04 2.511880000000000016e-02 3.270105893572255785e-15
1.000000000000000048e-04 2.630260000000000237e-02 3.413855776825236969e-15
1.000000000000000048e-04 2.754220000000000279e-02 3.558237287916713512e-15
1.000000000000000048e-04 2.900000000000000147e-02 3.718571505807316031e-15
1.000000000000000048e-04 3.000000000000000236e-02 3.822230177724652751e-15
1.000000000000000048e-04 3.100000000000000325e-02 3.921346760709011912e-15
1.000000000000000048e-04 3.200000000000000067e-02 3.955410436004313052e-15
1.000000000000000048e-04 3.300000000000000155e-02 3.906812221842546033e-15
1.000000000000000048e-04 3.400000000000000244e-02 3.843327507854531574e-15
1.000000000000000048e-04 3.500000000000000333e-02 3.857600647399061786e-15
1.000000000000000048e-04 3.600000000000000422e-02 3.868909706244839117e-15
1.000000000000000048e-04 3.700000000000000511e-02 3.877200016374087592e-15
1.000000000000000048e-04 3.799999999999999906e-02 3.883055649420816377e-15
1.000000000000000048e-04 3.899999999999999994e-02 3.886120645514129849e-15
1.000000000000000048e-04 4.000000000000000083e-02 3.886411286713194218e-15
1.000000000000000048e-04 4.250000000000000305e-02 3.875110777777202793e-15
1.000000000000000048e-04 4.500000000000000527e-02 3.848622660567569765e-15
1.000000000000000048e-04 4.750000000000000056e-02 3.807141854317277405e-15
1.000000000000000048e-04 5.000000000000000278e-02 3.685384559039810250e-15
1.000000000000000048e-04 5.250000000000000500e-02 3.653764194660308278e-15
1.000000000000000048e-04 5.500000000000000028e-02 3.686764914056366045e-15
1.000000000000000048e-04 5.708800000000000680e-02 3.744189318568864254e-15
1.000000000000000048e-04 6.405380000000000795e-02 3.923121140802643418e-15
1.000000000000000048e-04 7.186960000000000570e-02 4.105965832125586400e-15
1.000000000000000048e-04 8.063900000000000234e-02 4.291446033208200935e-15
1.000000000000000048e-04 9.047849600000000547e-02 4.477058305298608041e-15
1.000000000000000048e-04 1.015180000000000110e-01 4.661253715271256018e-15
1.000000000000000048e-04 1.139060000000000072e-01 4.841675448396308344e-15
1.000000000000000048e-04 1.278040000000000009e-01 5.015961454364776950e-15
1.000000000000000048e-04 1.433990080000000222e-01 5.074015062239298099e-15
1.000000000000000048e-04 1.608960000000000112e-01 5.552705650951985754e-15
1.000000000000000048e-04 1.805289919999999992e-01 4.968235707066934326e-15
1.000000000000000048e-04 2.025569920000000190e-01 4.440298089726317666e-15
1.000000000000000048e-04 2.272720000000000018e-01 3.998185000411608396e-15
1.000000000000000048e-04 2.550040000000000084e-01 3.655274994027518131e-15
1.000000000000000048e-04 2.861190080000000080e-01 3.361014131072821057e-15
1.000000000000000048e-04 3.210310080000000066e-01 3.220456051639860970e-15
1.000000000000000048e-04 3.602030080000000467e-01 3.055636015348698230e-15
1.000000000000000048e-04 4.041539840000000217e-01 2.782379185956646306e-15
1.000000000000000048e-04 4.534689920000000152e-01 2.479079566229704506e-15
1.000000000000000048e-04 5.088009920000000630e-01 2.354474299547237417e-15
1.000000000000000048e-04 5.708839680000000749e-01 2.213001906208946613e-15
1.000000000000000048e-04 6.405429759999999861e-01 2.047543595502623002e-15
1.000000000000000048e-04 7.187009920000000385e-01 1.848001098890579009e-15
1.000000000000000048e-04 8.063960320000000959e-01 1.694606291431760274e-15
1.000000000000000048e-04 9.047920000000000407e-01 1.684116402538725080e-15
1.000000000000000048e-04 1.015190020000000137e+00 1.793598752386701454e-15
1.000000000000000048e-04 1.139069950000000109e+00 2.354463357421494327e-15
1.000000000000000048e-04 1.278050050000000049e+00 2.280771227792212182e-15
1.000000000000000048e-04 1.434000000000000163e+00 2.414040947376656769e-15
1.000000000000000048e-04 1.608979970000000037e+00 2.181461208348658072e-15
1.000000000000000048e-04 1.680000000000000160e+00 2.007871419988045766e-15
1.000000000000000048e-04 1.700000000000000178e+00 1.996162079192116600e-15
1.000000000000000048e-04 1.800000000000000044e+00 1.938015781645812196e-15
1.000000000000000048e-04 1.900000000000000133e+00 1.890393929781409424e-15
1.000000000000000048e-04 2.000000000000000000e+00 1.863133725118532745e-15
1.000000000000000048e-04 2.100000000000000089e+00 1.830977185609713097e-15
1.000000000000000048e-04 2.200000000000000178e+00 1.788198792546252855e-15
1.000000000000000048e-04 2.300000000000000266e+00 1.742118579630382827e-15
1.000000000000000048e-04 2.400000000000000355e+00 1.684415939172699290e-15
1.000000000000000048e-04 2.500000000000000000e+00 1.598192720568380934e-15
1.000000000000000048e-04 2.600000000000000089e+00 1.530264275474480468e-15
1.000000000000000048e-04 2.750000130000000098e+00 1.487718986456590669e-15
1.000000000000000048e-04 3.000000000000000000e+00 1.418715918594771947e-15
1.000000000000000048e-04 3.249999870000000346e+00 1.375535501779239173e-15
1.000000000000000048e-04 3.500000000000000000e+00 1.330041088772844243e-15
1.000000000000000048e-04 3.750000130000000098e+00 1.277429678074494651e-15
1.000000000000000048e-04 4.000000000000000000e+00 1.225499822351225297e-15
1.000000000000000048e-04 4.249999869999999902e+00 1.173091708419620699e-15
1.000000000000000048e-04 4.499999740000000692e+00 1.101946016882457808e-15
1.000000000000000048e-04 4.750000130000000098e+00 1.068752830575871759e-15
1.000000000000000048e-04 5.000000000000000000e+00 1.035824030146198804e-15
1.000000000000000048e-04 5.249999869999999902e+00 1.002549657419204426e-15
1.000000000000000048e-04 5.500000260000000196e+00 9.701265758556991905e-16
1.000000000000000048e-04 5.750000130000000098e+00 9.370113244856206562e-16
1.000000000000000048e-04 6.000000000000000000e+00 9.031640294643767881e-16
1.000000000000000048e-04 6.249999870000000790e+00 8.634412523360419226e-16
1.000000000000000048e-04 6.499999740000000692e+00 8.422468117516837954e-16
1.000000000000000048e-04 6.750000130000000098e+00 8.215471639259543659e-16
1.000000000000000048e-04 7.000000000000000000e+00 8.018183015361320690e-16
1.000000000000000048e-04 7.249999870000000790e+00 7.824907911172838912e-16
1.000000000000000048e-04 7.500000260000000196e+00 7.640033698545288963e-16
1.000000000000000048e-04 7.750000130000000098e+00 7.460324813500241733e-16
1.000000000000000048e-04 8.000000000000000000e+00 7.284864637222062376e-16
1.000000000000000048e-04 8.249999869999999902e+00 7.116729145592586330e-16
1.000000000000000048e-04 8.499999739999999804e+00 6.949577310785267549e-16
1.000000000000000048e-04 8.750000130000000098e+00 6.777853229207816305e-16
1.000000000000000048e-04 8.999999490000000435e+00 6.538767963638164295e-16
1.000000000000000048e-04 9.249999869999999902e+00 6.429348578399096030e-16
1.000000000000000048e-04 9.500000260000000196e+00 6.323004102408458063e-16
1.000000000000000048e-04 9.749999620000000533e+00 6.220688938414539966e-16
1.000000000000000048e-04 1.000000000000000000e+01 6.117728723489138636e-16
1.000000000000000048e-04 1.025000040000000112e+01 6.019475223830489074e-16
1.000000000000000048e-04 1.049999970000000005e+01 5.922700130441534476e-16
1.000000000000000048e-04 1.075000010000000117e+01 5.828678662424551692e-16
1.000000000000000048e-04 1.100000050000000051e+01 5.734873867839902548e-16
1.000000000000000048e-04 1.124999990000000061e+01 5.645871553882144153e-16
1.000000000000000048e-04 1.150000029999999995e+01 5.555964505117250405e-16
1.000000000000000048e-04 1.174999960000000065e+01 5.467824208478104498e-16
1.000000000000000048e-04 1.200000000000000000e+01 5.383350481258732605e-16
1.000000000000000048e-04 1.225000040000000112e+01 5.300079594324065722e-16
1.000000000000000048e-04 1.249999970000000005e+01 5.217821650569077108e-16
1.000000000000000048e-04 1.275000010000000117e+01 5.138287447623157541e-16
1.000000000000000048e-04 1.299999950000000126e+01 5.057572653129505457e-16
1.000000000000000048e-04 1.324999990000000061e+01 4.979011638842797577e-16
1.000000000000000048e-04 1.350000029999999995e+01 4.901919137842407387e-16
1.000000000000000048e-04 1.374999960000000065e+01 4.814711844983508230e-16
1.000000000000000048e-04 1.400000000000000000e+01 4.766952865118590210e-16
1.000000000000000048e-04 1.425000040000000112e+01 4.720803247736127092e-16
1.000000000000000048e-04 1.449999970000000005e+01 4.674135560383194185e-16
1.000000000000000048e-04 1.475000010000000117e+01 4.628696837148438451e-16
1.000000000000000048e-04 1.500000050000000051e+01 4.583633407658093122e-16
1.000000000000000048e-04 1.524999990000000061e+01 4.539459083534479627e-16
1.000000000000000048e-04 1.550000030000000173e+01 4.495437739062486095e-16
1.000000000000000048e-04 1.574999960000000065e+01 4.452296967992886745e-16
1.000000000000000048e-04 1.600000000000000000e+01 4.409721077065884813e-16
1.000000000000000048e-04 1.625000040000000112e+01 4.366082100812883057e-16
1.000000000000000048e-04 1.649999970000000005e+01 4.325835738837121876e-16
1.000000000000000048e-04 1.675000010000000117e+01 4.285064401936401435e-16
1.000000000000000048e-04 1.699999950000000126e+01 4.242604895316478333e-16
1.000000000000000048e-04 1.725000089999999986e+01 4.203571730116134793e-16
1.000000000000000048e-04 1.750000029999999995e+01 4.162599545822235458e-16
1.000000000000000048e-04 1.774999960000000243e+01 4.122971013611398948e-16
1.000000000000000048e-04 1.799999900000000252e+01 4.083758915928390892e-16
1.000000000000000048e-04 1.825000040000000112e+01 4.043534941457193185e-16
1.000000000000000048e-04 1.849999970000000005e+01 4.006762681161351915e-16
1.000000000000000048e-04 1.874999910000000014e+01 3.968733421127798028e-16
1.000000000000000048e-04 1.900000050000000229e+01 3.931069811340666280e-16
1.000000000000000048e-04 1.924999990000000238e+01 3.893229706731038418e-16
1.000000000000000048e-04 1.949999920000000131e+01 3.857339459984983617e-16
1.000000000000000048e-04 1.975000059999999991e+01 3.820453168354739969e-16
1.000000000000000048e-04 2.000000000000000000e+01 3.783532830056944766e-16
4.000000000000000083e-03 0.000000000000000000e+00 5.465870063951112197e-15
4.000000000000000083e-03 1.258929999999999956e-04 5.465870063951112197e-15
4.000000000000000083e-03 1.412539999999999998e-04 5.465870063951112197e-15
4.000000000000000083e-03 1.584890000000000203e-04 5.465870063951112197e-15
4.000000000000000083e-03 1.778280000000000193e-04 5.465870063951112197e-15
4.000000000000000083e-03 1.995270000000000160e-04 5.465870063951112197e-15
4.000000000000000083e-03 2.238730000000000028e-04 5.465870063951112197e-15
4.000000000000000083e-03 2.511890000000000238e-04 5.465870063951112197e-15
4.000000000000000083e-03 2.818390000000000370e-04 5.465870063951112197e-15
4.000000000000000083e-03 3.162290000000000110e-04 5.465870063951112197e-15
4.000000000000000083e-03 3.548150000000000240e-04 5.465870063951112197e-15
4.000000000000000083e-03 3.981090000000000063e-04 5.465870063951112197e-15
4.000000000000000083e-03 4.466860000000000123e-04 5.465870063951112197e-15
4.000000000000000083e-03 5.011899999999999905e-04 5.465870063951112197e-15
4.000000000000000083e-03 5.623439999999999949e-04 5.465870063951112197e-15
4.000000000000000083e-03 6.309610000000000869e-04 5.465870063951112197e-15
4.000000000000000083e-03 7.079500000000000506e-04 5.465870063951112197e-15
4.000000000000000083e-03 7.943340000000000557e-04 5.465870063951112197e-15
4.000000000000000083e-03 8.912570000000000084e-04 5.465870063951112197e-15
4.000000000000000083e-03 1.000000000000000021e-03 5.465870063951112197e-15
4.000000000000000083e-03 1.047130000000000066e-03 5.465870063951112197e-15
4.000000000000000083e-03 1.096480000000000154e-03 5.465870063951112197e-15
4.000000000000000083e-03 1.148150000000000125e-03 5.465870063951112197e-15
4.000000000000000083e-03 1.202260000000000134e-03 5.465870063951112197e-15
4.000000000000000083e-03 1.258930000000000118e-03 5.465870063951112197e-15
4.000000000000000083e-03 1.318260000000000135e-03 5.465870063951112197e-15
4.000000000000000083e-03 1.380380000000000062e-03 5.465870063951112197e-15
4.000000000000000083e-03 1.445440000000000093e-03 5.465870063951112197e-15
4.000000000000000083e-03 1.513560000000000166e-03 5.465870063951112197e-15
4.000000000000000083e-03 1.584890000000000040e-03 5.465870063951112197e-15
4.000000000000000083e-03 1.659590000000000067e-03 5.465870063951112197e-15
4.000000000000000083e-03 1.737800000000000065e-03 5.465870063951112197e-15
4.000000000000000083e-03 1.819700000000000050e-03 5.465870063951112197e-15
4.000000000000000083e-03 1.905460000000000096e-03 5.465870063951112197e-15
4.000000000000000083e-03 1.995260000000000002e-03 5.465870063951112197e-15
4.000000000000000083e-03 2.089290000000000157e-03 5.465870063951112197e-15
4.000000000000000083e-03 2.187759999999999965e-03 5.465870063951112197e-15
4.000000000000000083e-03 2.290869999999999972e-03 5.465870063951112197e-15
4.000000000000000083e-03 2.398830000000000233e-03 5.465870063951112197e-15
4.000000000000000083e-03 2.511880000000000189e-03 7.515613694585462260e-15
4.000000000000000083e-03 2.630270000000000091e-03 9.023750097213628831e-15
4.000000000000000083e-03 2.754230000000000306e-03 1.373868914687845310e-14
4.000000000000000083e-03 2.884030000000000100e-03 2.159627256599371439e-14
4.000000000000000083e-03 3.019949999999999978e-03 3.114665952738522156e-14
4.000000000000000083e-03 3.162270000000000011e-03 4.834529128266648799e-14
4.000000000000000083e-03 3.311310000000000035e-03 5.432704591044808311e-14
4.000000000000000083e-03 3.467360000000000060e-03 5.444623988198667934e-14
4.000000000000000083e-03 3.630780000000000118e-03 4.621623416844450398e-14
4.000000000000000083e-03 3.801890000000000044e-03 3.726411773779540254e-14
4.000000000000000083e-03 3.981070000000000615e-03 5.017868011114422055e-14
4.000000000000000083e-03 4.168690000000000069e-03 5.724822258772919322e-14
4.000000000000000083e-03 4.365149999999999933e-03 5.200320809713510879e-14
4.000000000000000083e-03 4.570880000000000255e-03 3.818036601276860194e-14
4.000000000000000083e-03 4.786290000000000336e-03 2.671479609281975181e-14
4.000000000000000083e-03 5.011859999999999926e-03 2.169349473629936725e-14
4.000000000000000083e-03 5.248070000000000512e-03 1.853921523180601816e-14
4.000000000000000083e-03 5.495400000000000111e-03 2.151354571478994002e-14
4.000000000000000083e-03 5.754390000000000720e-03 2.638068242913412626e-14
4.000000000000000083e-03 6.025590000000000807e-03 3.136534863593339147e-14
4.000000000000000083e-03 6.309560000000000515e-03 3.640628462302800429e-14
4.000000000000000083e-03 6.606920000000000501e-03 4.157738338109790401e-14
4.000000000000000083e-03 6.918300000000000491e-03 4.054653637794100699e-14
4.000000000000000083e-03 7.244350000000000095e-03 4.371917388448585368e-14
4.000000000000000083e-03 7.585760000000000419e-03 4.682940097290146184e-14
4.000000000000000083e-03 7.943270000000000539e-03 4.989812296953126142e-14
4.000000000000000083e-03 8.317620000000001262e-03 5.287733042365671939e-14
4.000000000000000083e-03 8.709620000000001250e-03 5.574492703903697175e-14
4.000000000000000083e-03 9.120090000000000835e-03 5.842722026007890068e-14
4.000000000000000083e-03 9.549900000000000055e-03 6.090088404082476645e-14
4.000000000000000083e-03 9.999980000000000327e-03 5.781063824474048025e-14
4.000000000000000083e-03 1.047130000000000109e-02 5.100275370334200295e-14
4.000000000000000083e-03 1.096480000000000024e-02 4.679552626586162232e-14
4.000000000000000083e-03 1.148150000000000039e-02 4.301912389475633357e-14
4.000000000000000083e-03 1.202260000000000134e-02 3.932707931025526768e-14
4.000000000000000083e-03 1.258920000000000004e-02 3.572560525458438981e-14
4.000000000000000083e-03 1.318250000000000151e-02 3.227199790450292631e-14
4.000000000000000083e-03 1.380380000000000149e-02 2.901239010463058478e-14
4.000000000000000083e-03 1.445440000000000093e-02 2.474802693123626071e-14
4.000000000000000083e-03 1.513560000000000079e-02 2.260330289829938763e-14
4.000000000000000083e-03 1.584890000000000257e-02 2.349408824084243269e-14
4.000000000000000083e-03 1.659580000000000083e-02 2.490090908844100766e-14
4.000000000000000083e-03 1.737800000000000109e-02 2.624632266074795175e-14
4.000000000000000083e-03 1.819700000000000137e-02 2.747938253184141196e-14
4.000000000000000083e-03 1.905460000000000140e-02 2.860300229894783460e-14
4.000000000000000083e-03 1.995260000000000089e-02 2.959879320143681638e-14
4.000000000000000083e-03 2.089290000000000244e-02 2.807460361186882412e-14
4.000000000000000083e-03 2.187760000000000052e-02 2.795978272728668572e-14
4.000000000000000083e-03 2.290860000000000118e-02 2.828827770721638858e-14
4.000000000000000083e-03 2.398830000000000059e-02 2.855144162565319621e-14
4.000000000000000083e-03 2.511880000000000016e-02 2.874014041474244003e-14
4.000000000000000083e-03 2.630260000000000237e-02 2.884938827157382435e-14
4.000000000000000083e-03 2.754220000000000279e-02 2.886696599601767682e-14
4.000000000000000083e-03 2.900000000000000147e-02 2.876939339013307497e-14
4.000000000000000083e-03 3.000000000000000236e-02 2.863075635558823828e-14
4.000000000000000083e-03 3.100000000000000325e-02 2.843651222631585062e-14
4.000000000000000083e-03 3.200000000000000067e-02 2.818910372638388664e-14
4.000000000000000083e-03 3.300000000000000155e-02 2.789146098559774480e-14
4.000000000000000083e-03 3.400000000000000244e-02 2.676704323464281857e-14
4.000000000000000083e-03 3.500000000000000333e-02 2.620306373310412699e-14
4.000000000000000083e-03 3.600000000000000422e-02 2.539296563000155930e-14
4.000000000000000083e-03 3.700000000000000511e-02 2.494340228936327899e-14
4.000000000000000083e-03 3.799999999999999906e-02 2.448032912273244152e-14
4.000000000000000083e-03 3.899999999999999994e-02 2.400428290630706038e-14
4.000000000000000083e-03 4.000000000000000083e-02 2.352664103086872739e-14
4.000000000000000083e-03 4.250000000000000305e-02 2.225427258258083157e-14
4.000000000000000083e-03 4.500000000000000527e-02 2.091406406633757257e-14
4.000000000000000083e-03 4.750000000000000056e-02 1.951344608614717169e-14
4.000000000000000083e-03 5.000000000000000278e-02 1.805765436582516693e-14
4.000000000000000083e-03 5.250000000000000500e-02 1.655108958414492032e-14
4.000000000000000083e-03 5.500000000000000028e-02 1.486477166899445798e-14
4.000000000000000083e-03 5.708800000000000680e-02 1.424320885543505519e-14
4.000000000000000083e-03 6.405380000000000795e-02 1.312691530858660736e-14
4.000000000000000083e-03 7.186960000000000570e-02 1.157126134292610909e-14
4.000000000000000083e-03 8.063900000000000234e-02 1.068559476637511717e-14
4.000000000000000083e-03 9.047849600000000547e-02 1.005194017558312181e-14
4.000000000000000083e-03 1.015180000000000110e-01 9.110665532365445382e-15
4.000000000000000083e-03 1.139060000000000072e-01 1.105971985990454527e-14
4.000000000000000083e-03 1.278040000000000009e-01 1.037739549632357941e-14
4.000000000000000083e-03 1.433990080000000222e-01 9.494355459602304401e-15
4.000000000000000083e-03 1.608960000000000112e-01 8.387852125986671350e-15
4.000000000000000083e-03 1.805289919999999992e-01 7.320921790620661877e-15
4.000000000000000083e-03 2.025569920000000190e-01 7.383011201073139375e-15
4.000000000000000083e-03 2.272720000000000018e-01 7.655351931956351072e-15
4.000000000000000083e-03 2.550040000000000084e-01 7.621345130139780601e-15
4.000000000000000083e-03 2.861190080000000080e-01 7.221635469212878106e-15
4.000000000000000083e-03 3.210310080000000066e-01 6.389430293358886233e-15
4.000000000000000083e-03 3.602030080000000467e-01 5.484136378125147290e-15
4.000000000000000083e-03 4.041539840000000217e-01 5.020012027368856733e-15
4.000000000000000083e-03 4.534689920000000152e-01 4.876968473194702392e-15
4.000000000000000083e-03 5.088009920000000630e-01 4.602244304544718818e-15
4.000000000000000083e-03 5.708839680000000749e-01 4.406612891788926205e-15
4.000000000000000083e-03 6.405429759999999861e-01 4.232364487766203863e-15
4.000000000000000083e-03 7.187009920000000385e-01 4.061076865873520556e-15
4.000000000000000083e-03 8.063960320000000959e-01 3.864981144899393939e-15
4.000000000000000083e-03 9.047920000000000407e-01 3.525589952763748319e-15
4.000000000000000083e-03 1.015190020000000137e+00 3.253345397293848894e-15
4.000000000000000083e-03 1.139069950000000109e+00 3.555074548350118292e-15
4.000000000000000083e-03 1.278050050000000049e+00 6.148512656422152631e-15
4.000000000000000083e-03 1.434000000000000163e+00 3.356764187231667163e-15
4.000000000000000083e-03 1.608979970000000037e+00 2.740025693395745701e-15
4.000000000000000083e-03 1.680000000000000160e+00 2.683725610523951876e-15
4.000000000000000083e-03 1.700000000000000178e+00 2.669934466404502514e-15
4.000000000000000083e-03 1.800000000000000044e+00 2.603772988886787849e-15
4.000000000000000083e-03 1.900000000000000133e+00 2.546137688366822861e-15
4.000000000000000083e-03 2.000000000000000000e+00 2.427379220337449604e-15
4.000000000000000083e-03 2.100000000000000089e+00 2.339485703246201341e-15
4.000000000000000083e-03 2.200000000000000178e+00 2.232170023024030968e-15
4.000000000000000083e-03 2.300000000000000266e+00 2.194903431582081453e-15
4.000000000000000083e-03 2.400000000000000355e+00 2.161432038657682298e-15
4.000000000000000083e-03 2.500000000000000000e+00 2.145898466562687208e-15
4.000000000000000083e-03 2.600000000000000089e+00 2.185840321894030951e-15
4.000000000000000083e-03 2.750000130000000098e+00 2.180891786772687894e-15
4.000000000000000083e-03 3.000000000000000000e+00 2.075619009970458907e-15
4.000000000000000083e-03 3.249999870000000346e+00 1.801277594681231558e-15
4.000000000000000083e-03 3.500000000000000000e+00 1.659178633749391318e-15
4.000000000000000083e-03 3.750000130000000098e+00 1.599034686936437588e-15
4.000000000000000083e-03 4.000000000000000000e+00 1.530076385424406443e-15
4.000000000000000083e-03 4.249999869999999902e+00 1.450077748677961714e-15
4.000000000000000083e-03 4.499999740000000692e+00 1.382774625754449944e-15
4.000000000000000083e-03 4.750000130000000098e+00 1.341117873898157324e-15
4.000000000000000083e-03 5.000000000000000000e+00 1.300404329051186106e-15
4.000000000000000083e-03 5.249999869999999902e+00 1.261103345120529181e-15
4.000000000000000083e-03 5.500000260000000196e+00 1.223109731669102786e-15
4.000000000000000083e-03 5.750000130000000098e+00 1.186777780116094819e-15
4.000000000000000083e-03 6.000000000000000000e+00 1.171064425127556574e-15
4.000000000000000083e-03 6.249999870000000790e+00 1.155569105913306596e-15
4.000000000000000083e-03 6.499999740000000692e+00 1.136277440772887915e-15
4.000000000000000083e-03 6.750000130000000098e+00 1.116107204660380803e-15
4.000000000000000083e-03 7.000000000000000000e+00 1.094866701117905816e-15
4.000000000000000083e-03 7.249999870000000790e+00 1.073216584592033618e-15
4.000000000000000083e-03 7.500000260000000196e+00 1.050298171491718678e-15
4.000000000000000083e-03 7.750000130000000098e+00 1.027183588562370423e-15
4.000000000000000083e-03 8.000000000000000000e+00 1.003463616134903892e-15
4.000000000000000083e-03 8.249999869999999902e+00 9.783444991640910520e-16
4.000000000000000083e-03 8.499999739999999804e+00 9.400156450356249916e-16
4.000000000000000083e-03 8.750000130000000098e+00 9.169011528079122896e-16
4.000000000000000083e-03 8.999999490000000435e+00 9.010205763654126091e-16
4.000000000000000083e-03 9.249999869999999902e+00 8.852201773571966350e-16
4.000000000000000083e-03 9.500000260000000196e+00 8.696695940296226571e-16
4.000000000000000083e-03 9.749999620000000533e+00 8.542610017887504040e-16
4.000000000000000083e-03 1.000000000000000000e+01 8.388132630070617653e-16
4.000000000000000083e-03 1.025000040000000112e+01 8.237271328726094749e-16
4.000000000000000083e-03 1.049999970000000005e+01 8.087844922821192601e-16
4.000000000000000083e-03 1.075000010000000117e+01 7.939986465027490928e-16
4.000000000000000083e-03 1.100000050000000051e+01 7.794144583033109278e-16
4.000000000000000083e-03 1.124999990000000061e+01 7.648814728151345956e-16
4.000000000000000083e-03 1.150000029999999995e+01 7.506611745799584281e-16
4.000000000000000083e-03 1.174999960000000065e+01 7.363848741699233376e-16
4.000000000000000083e-03 1.200000000000000000e+01 7.225561792233103788e-16
4.000000000000000083e-03 1.225000040000000112e+01 7.086192344617707602e-16
4.000000000000000083e-03 1.249999970000000005e+01 6.954534387770290985e-16
4.000000000000000083e-03 1.275000010000000117e+01 6.852300929057636000e-16
4.000000000000000083e-03 1.299999950000000126e+01 6.762786082620743153e-16
4.000000000000000083e-03 1.324999990000000061e+01 6.677678032060540806e-16
4.000000000000000083e-03 1.350000029999999995e+01 6.592284289670076993e-16
4.000000000000000083e-03 1.374999960000000065e+01 6.510010803417786518e-16
4.000000000000000083e-03 1.400000000000000000e+01 6.426621317302876923e-16
4.000000000000000083e-03 1.425000040000000112e+01 6.345454303246218447e-16
4.000000000000000083e-03 1.449999970000000005e+01 6.266512544630046396e-16
4.000000000000000083e-03 1.475000010000000117e+01 6.188465796113640387e-16
4.000000000000000083e-03 1.500000050000000051e+01 6.110256831641382287e-16
4.000000000000000083e-03 1.524999990000000061e+01 6.035241144652636756e-16
4.000000000000000083e-03 1.550000030000000173e+01 5.960542170232558781e-16
4.000000000000000083e-03 1.574999960000000065e+01 5.885801925808931064e-16
4.000000000000000083e-03 1.600000000000000000e+01 5.813483811667187369e-16
4.000000000000000083e-03 1.625000040000000112e+01 5.742563771383243819e-16
4.000000000000000083e-03 1.649999970000000005e+01 5.671290804281149864e-16
4.000000000000000083e-03 1.675000010000000117e+01 5.599230134339426659e-16
4.000000000000000083e-03 1.699999950000000126e+01 5.531131559972331417e-16
4.000000000000000083e-03 1.725000089999999986e+01 5.463977281927885716e-16
4.000000000000000083e-03 1.750000029999999995e+01 5.396536354096010752e-16
4.000000000000000083e-03 1.774999960000000243e+01 5.330598496953394094e-16
4.000000000000000083e-03 1.799999900000000252e+01 5.265564989301018359e-16
4.000000000000000083e-03 1.825000040000000112e+01 5.200793624631927152e-16
4.000000000000000083e-03 1.849999970000000005e+01 5.138821326942573832e-16
4.000000000000000083e-03 1.874999910000000014e+01 5.075853945449047349e-16
4.000000000000000083e-03 1.900000050000000229e+01 5.014035599926527196e-16
4.000000000000000083e-03 1.924999990000000238e+01 4.954015711781365827e-16
4.000000000000000083e-03 1.949999920000000131e+01 4.893807465230134590e-16
4.000000000000000083e-03 1.975000059999999991e+01 4.847881972037316157e-16
4.000000000000000083e-03 2.000000000000000000e+01 4.815982136533296343e-16
2.000000000000000042e-02 0.000000000000000000e+00 7.722020918070859421e-15
2.000000000000000042e-02 1.258929999999999956e-04 7.722020918070859421e-15
2.000000000000000042e-02 1.412539999999999998e-04 7.722020918070859421e-15
2.000000000000000042e-02 1.584890000000000203e-04 7.722020918070859421e-15
2.000000000000000042e-02 1.778280000000000193e-04 7.722020918070859421e-15
2.000000000000000042e-02 1.995270000000000160e-04 7.722020918070859421e-15
2.000000000000000042e-02 2.238730000000000028e-04 7.722020918070859421e-15
2.000000000000000042e-02 2.511890000000000238e-04 7.722020918070859421e-15
2.000000000000000042e-02 2.818390000000000370e-04 7.722020918070859421e-15
2.000000000000000042e-02 3.162290000000000110e-04 7.722020918070859421e-15
2.000000000000000042e-02 3.548150000000000240e-04 7.722020918070859421e-15
2.000000000000000042e-02 3.981090000000000063e-04 7.722020918070859421e-15
2.000000000000000042e-02 4.466860000000000123e-04 7.722020918070859421e-15
2.000000000000000042e-02 5.011899999999999905e-04 7.722020918070859421e-15
2.000000000000000042e-02 5.623439999999999949e-04 7.722020918070859421e-15
2.000000000000000042e-02 6.309610000000000869e-04 7.722020918070859421e-15
2.000000000000000042e-02 7.079500000000000506e-04 7.722020918070859421e-15
2.000000000000000042e-02 7.943340000000000557e-04 7.722020918070859421e-15
2.000000000000000042e-02 8.912570000000000084e-04 7.722020918070859421e-15
2.000000000000000042e-02 1.000000000000000021e-03 9.644753626155964153e-15
2.000000000000000042e-02 1.047130000000000066e-03 9.638221153303667868e-15
2.000000000000000042e-02 1.096480000000000154e-03 9.626745842406643880e-15
2.000000000000000042e-02 1.148150000000000125e-03 9.635595969484718974e-15
2.000000000000000042e-02 1.202260000000000134e-03 9.647051444646527381e-15
2.000000000000000042e-02 1.258930000000000118e-03 9.666954665322099577e-15
2.000000000000000042e-02 1.318260000000000135e-03 9.604278258606587116e-15
2.000000000000000042e-02 1.380380000000000062e-03 9.646100453619802071e-15
2.000000000000000042e-02 1.445440000000000093e-03 9.681472501370593226e-15
2.000000000000000042e-02 1.513560000000000166e-03 9.710245931320157449e-15
2.000000000000000042e-02 1.584890000000000040e-03 9.732457948446156178e-15
2.000000000000000042e-02 1.659590000000000067e-03 9.529076590702594668e-15
2.000000000000000042e-02 1.737800000000000065e-03 9.987140629333394290e-15
2.000000000000000042e-02 1.819700000000000050e-03 9.743448791736357411e-15
2.000000000000000042e-02 1.905460000000000096e-03 9.478291977750560836e-15
2.000000000000000042e-02 1.995260000000000002e-03 9.189726081583554898e-15
2.000000000000000042e-02 2.089290000000000157e-03 9.994054069449964384e-15
2.000000000000000042e-02 2.187759999999999965e-03 9.614841562970107429e-15
2.000000000000000042e-02 2.290869999999999972e-03 1.020080919365549736e-14
2.000000000000000042e-02 2.398830000000000233e-03 9.628864652823760730e-15
2.000000000000000042e-02 2.511880000000000189e-03 1.251648164002888563e-14
2.000000000000000042e-02 2.630270000000000091e-03 1.137190445954334187e-14
2.000000000000000042e-02 2.754230000000000306e-03 1.275661909352836693e-14
2.000000000000000042e-02 2.884030000000000100e-03 9.817592041674343738e-15
2.000000000000000042e-02 3.019949999999999978e-03 1.791849713154095941e-14
2.000000000000000042e-02 3.162270000000000011e-03 1.879873019752867948e-14
2.000000000000000042e-02 3.311310000000000035e-03 1.992485268879532798e-14
2.000000000000000042e-02 3.467360000000000060e-03 2.161290291932280086e-14
2.000000000000000042e-02 3.630780000000000118e-03 2.386571519419950111e-14
2.000000000000000042e-02 3.801890000000000044e-03 2.655461359543184883e-14
2.000000000000000042e-02 3.981070000000000615e-03 2.808141514769998880e-14
2.000000000000000042e-02 4.168690000000000069e-03 2.819119391952875712e-14
2.000000000000000042e-02 4.365149999999999933e-03 2.640082676007663871e-14
2.000000000000000042e-02 4.570880000000000255e-03 2.481583388175330733e-14
2.000000000000000042e-02 4.786290000000000336e-03 2.779541806686721433e-14
2.000000000000000042e-02 5.011859999999999926e-03 3.319063566696820803e-14
2.000000000000000042e-02 5.248070000000000512e-03 4.187432690009176932e-14
2.000000000000000042e-02 5.495400000000000111e-03 5.505291746906250791e-14
2.000000000000000042e-02 5.754390000000000720e-03 6.401176309023162820e-14
2.000000000000000042e-02 6.025590000000000807e-03 6.086212145876653586e-14
2.000000000000000042e-02 6.309560000000000515e-03 6.446013418425411399e-14
2.000000000000000042e-02 6.606920000000000501e-03 7.080704904196935463e-14
2.000000000000000042e-02 6.918300000000000491e-03 7.827738947215332541e-14
2.000000000000000042e-02 7.244350000000000095e-03 8.700995941996811506e-14
2.000000000000000042e-02 7.585760000000000419e-03 9.718656697520908678e-14
2.000000000000000042e-02 7.943270000000000539e-03 1.089618787687990363e-13
2.000000000000000042e-02 8.317620000000001262e-03 1.225833221191256848e-13
2.000000000000000042e-02 8.709620000000001250e-03 1.294583157470420052e-13
2.000000000000000042e-02 9.120090000000000835e-03 1.137205748746654238e-13
2.000000000000000042e-02 9.549900000000000055e-03 1.059534428644375959e-13
2.000000000000000042e-02 9.999980000000000327e-03 1.013471335116482131e-13
2.000000000000000042e-02 1.047130000000000109e-02 9.662733594712916710e-14
2.000000000000000042e-02 1.096480000000000024e-02 9.184254608111412299e-14
2.000000000000000042e-02 1.148150000000000039e-02 8.698250994088648861e-14
2.000000000000000042e-02 1.202260000000000134e-02 8.210264097529606612e-14
2.000000000000000042e-02 1.258920000000000004e-02 7.553087497122215981e-14
2.000000000000000042e-02 1.318250000000000151e-02 6.570201186662624319e-14
2.000000000000000042e-02 1.380380000000000149e-02 6.239270092819102615e-14
2.000000000000000042e-02 1.445440000000000093e-02 6.180889424024935661e-14
2.000000000000000042e-02 1.513560000000000079e-02 6.100253881243440667e-14
2.000000000000000042e-02 1.584890000000000257e-02 5.997281202402470918e-14
2.000000000000000042e-02 1.659580000000000083e-02 5.866497432620403132e-14
2.000000000000000042e-02 1.737800000000000109e-02 5.706962416477644063e-14
2.000000000000000042e-02 1.819700000000000137e-02 5.244133624866512682e-14
2.000000000000000042e-02 1.905460000000000140e-02 4.746118685936996971e-14
2.000000000000000042e-02 1.995260000000000089e-02 4.639899609448686325e-14
2.000000000000000042e-02 2.089290000000000244e-02 4.521406966821245850e-14
2.000000000000000042e-02 2.187760000000000052e-02 4.389788797632358577e-14
2.000000000000000042e-02 2.290860000000000118e-02 4.244622090098788768e-14
2.000000000000000042e-02 2.398830000000000059e-02 4.084886587833691065e-14
2.000000000000000042e-02 2.511880000000000016e-02 3.909984241450128479e-14
2.000000000000000042e-02 2.630260000000000237e-02 3.719001347936047479e-14
2.000000000000000042e-02 2.754220000000000279e-02 3.510837384048534261e-14
2.000000000000000042e-02 2.900000000000000147e-02 3.258201458200245581e-14
2.000000000000000042e-02 3.000000000000000236e-02 3.056654399662426220e-14
2.000000000000000042e-02 3.100000000000000325e-02 2.764882934419798028e-14
2.000000000000000042e-02 3.200000000000000067e-02 2.584360135961276895e-14
2.000000000000000042e-02 3.300000000000000155e-02 2.544170715801145079e-14
2.000000000000000042e-02 3.400000000000000244e-02 2.502461047835746548e-14
2.000000000000000042e-02 3.500000000000000333e-02 2.459321470271607754e-14
2.000000000000000042e-02 3.600000000000000422e-02 2.414775632968922196e-14
2.000000000000000042e-02 3.700000000000000511e-02 2.368930528962170809e-14
2.000000000000000042e-02 3.799999999999999906e-02 2.321865947725660308e-14
2.000000000000000042e-02 3.899999999999999994e-02 2.273628564877131217e-14
2.000000000000000042e-02 4.000000000000000083e-02 2.224782804912128588e-14
2.000000000000000042e-02 4.250000000000000305e-02 2.096391035077163320e-14
2.000000000000000042e-02 4.500000000000000527e-02 1.961982554759297472e-14
2.000000000000000042e-02 4.750000000000000056e-02 1.822141863224141142e-14
2.000000000000000042e-02 5.000000000000000278e-02 1.665190379107049369e-14
2.000000000000000042e-02 5.250000000000000500e-02 1.532892581104461153e-14
2.000000000000000042e-02 5.500000000000000028e-02 1.467170925761074903e-14
2.000000000000000042e-02 5.708800000000000680e-02 1.439547147765875089e-14
2.000000000000000042e-02 6.405380000000000795e-02 1.331497750947433043e-14
2.000000000000000042e-02 7.186960000000000570e-02 1.178714571416312254e-14
2.000000000000000042e-02 8.063900000000000234e-02 1.089064613828099821e-14
2.000000000000000042e-02 9.047849600000000547e-02 1.021448429146783851e-14
2.000000000000000042e-02 1.015180000000000110e-01 9.226198489522488484e-15
2.000000000000000042e-02 1.139060000000000072e-01 8.177891599507314314e-15
2.000000000000000042e-02 1.278040000000000009e-01 9.358694832611215330e-15
2.000000000000000042e-02 1.433990080000000222e-01 8.812287608523314605e-15
2.000000000000000042e-02 1.608960000000000112e-01 8.054216857058302112e-15
2.000000000000000042e-02 1.805289919999999992e-01 7.069704429878061501e-15
2.000000000000000042e-02 2.025569920000000190e-01 6.581315232303695800e-15
2.000000000000000042e-02 2.272720000000000018e-01 6.455040169864965193e-15
2.000000000000000042e-02 2.550040000000000084e-01 6.456954730826702631e-15
2.000000000000000042e-02 2.861190080000000080e-01 6.297642482202069581e-15
2.000000000000000042e-02 3.210310080000000066e-01 5.950186495117696073e-15
2.000000000000000042e-02 3.602030080000000467e-01 5.378156844780815378e-15
2.000000000000000042e-02 4.041539840000000217e-01 4.917942841770049924e-15
2.000000000000000042e-02 4.534689920000000152e-01 4.665889255610047349e-15
2.000000000000000042e-02 5.088009920000000630e-01 4.619917028730812025e-15
2.000000000000000042e-02 5.708839680000000749e-01 4.553962837492536814e-15
2.000000000000000042e-02 6.405429759999999861e-01 4.328627929508760409e-15
2.000000000000000042e-02 7.187009920000000385e-01 4.095356089475359638e-15
2.000000000000000042e-02 8.063960320000000959e-01 3.882603397488417353e-15
2.000000000000000042e-02 9.047920000000000407e-01 3.657573166012759561e-15
2.000000000000000042e-02 1.015190020000000137e+00 3.548654774428638021e-15
2.000000000000000042e-02 1.139069950000000109e+00 4.524054742802159123e-15
2.000000000000000042e-02 1.278050050000000049e+00 3.836433592694759942e-15
2.000000000000000042e-02 1.434000000000000163e+00 2.908744291143063421e-15
2.000000000000000042e-02 1.608979970000000037e+00 2.785975295607364542e-15
2.000000000000000042e-02 1.680000000000000160e+00 2.728571398779916392e-15
2.000000000000000042e-02 1.700000000000000178e+00 2.712060377397133392e-15
2.000000000000000042e-02 1.800000000000000044e+00 2.633629199527474987e-15
2.000000000000000042e-02 1.900000000000000133e+00 2.601326697035414384e-15
2.000000000000000042e-02 2.000000000000000000e+00 2.559969669510594366e-15
2.000000000000000042e-02 2.100000000000000089e+00 2.510728979404028466e-15
2.000000000000000042e-02 2.200000000000000178e+00 2.451170897268536561e-15
2.000000000000000042e-02 2.300000000000000266e+00 2.344830039983917764e-15
2.000000000000000042e-02 2.400000000000000355e+00 2.242718472441613411e-15
2.000000000000000042e-02 2.500000000000000000e+00 2.175758532554954758e-15
2.000000000000000042e-02 2.600000000000000089e+00 2.139953247534983418e-15
2.000000000000000042e-02 2.750000130000000098e+00 2.095138598072115669e-15
2.000000000000000042e-02 3.000000000000000000e+00 2.070845202530817040e-15
2.000000000000000042e-02 3.249999870000000346e+00 1.996755865575920608e-15
2.000000000000000042e-02 3.500000000000000000e+00 1.882608660357465892e-15
2.000000000000000042e-02 3.750000130000000098e+00 1.689416178983657292e-15
2.000000000000000042e-02 4.000000000000000000e+00 1.622060872335499441e-15
2.000000000000000042e-02 4.249999869999999902e+00 1.552770155658684220e-15
2.000000000000000042e-02 4.499999740000000692e+00 1.480104694039836641e-15
2.000000000000000042e-02 4.750000130000000098e+00 1.381449654748146549e-15
2.000000000000000042e-02 5.000000000000000000e+00 1.350838934858519838e-15
2.000000000000000042e-02 5.249999869999999902e+00 1.318557273436043388e-15
2.000000000000000042e-02 5.500000260000000196e+00 1.285550827094284501e-15
2.000000000000000042e-02 5.750000130000000098e+00 1.251539877516744206e-15
2.000000000000000042e-02 6.000000000000000000e+00 1.216553418626464573e-15
2.000000000000000042e-02 6.249999870000000790e+00 1.169466646758441819e-15
2.000000000000000042e-02 6.499999740000000692e+00 1.140456806156914986e-15
2.000000000000000042e-02 6.750000130000000098e+00 1.123066543864069638e-15
2.000000000000000042e-02 7.000000000000000000e+00 1.105566881666522212e-15
2.000000000000000042e-02 7.249999870000000790e+00 1.088146851814835764e-15
2.000000000000000042e-02 7.500000260000000196e+00 1.071201898230749847e-15
2.000000000000000042e-02 7.750000130000000098e+00 1.054182550231148510e-15
2.000000000000000042e-02 8.000000000000000000e+00 1.037156434979235925e-15
2.000000000000000042e-02 8.249999869999999902e+00 1.020462712267312780e-15
2.000000000000000042e-02 8.499999739999999804e+00 1.004301819812556825e-15
2.000000000000000042e-02 8.750000130000000098e+00 9.877672648162845254e-16
2.000000000000000042e-02 8.999999490000000435e+00 9.716135704065905198e-16
2.000000000000000042e-02 9.249999869999999902e+00 9.555783302296241406e-16
2.000000000000000042e-02 9.500000260000000196e+00 9.399732320067536527e-16
2.000000000000000042e-02 9.749999620000000533e+00 9.237705050717194158e-16
2.000000000000000042e-02 1.000000000000000000e+01 9.079456571562133178e-16
2.000000000000000042e-02 1.025000040000000112e+01 8.924956785738171823e-16
2.000000000000000042e-02 1.049999970000000005e+01 8.770966871020576356e-16
2.000000000000000042e-02 1.075000010000000117e+01 8.619553207978970728e-16
2.000000000000000042e-02 1.100000050000000051e+01 8.465549130592394930e-16
2.000000000000000042e-02 1.124999990000000061e+01 8.317948627436197374e-16
2.000000000000000042e-02 1.150000029999999995e+01 8.167672918661144205e-16
2.000000000000000042e-02 1.174999960000000065e+01 8.022594362070647141e-16
2.000000000000000042e-02 1.200000000000000000e+01 7.875324902326157982e-16
2.000000000000000042e-02 1.225000040000000112e+01 7.722871049749472577e-16
2.000000000000000042e-02 1.249999970000000005e+01 7.492567337086464986e-16
2.000000000000000042e-02 1.275000010000000117e+01 7.358503487141844845e-16
2.000000000000000042e-02 1.299999950000000126e+01 7.276557995245096933e-16
2.000000000000000042e-02 1.324999990000000061e+01 7.195289948690271619e-16
2.000000000000000042e-02 1.350000029999999995e+01 7.116322608661286241e-16
2.000000000000000042e-02 1.374999960000000065e+01 7.037742085087619243e-16
2.000000000000000042e-02 1.400000000000000000e+01 6.959440892087434992e-16
2.000000000000000042e-02 1.425000040000000112e+01 6.885316615745957174e-16
2.000000000000000042e-02 1.449999970000000005e+01 6.808561590410402569e-16
2.000000000000000042e-02 1.475000010000000117e+01 6.734227099449211502e-16
2.000000000000000042e-02 1.500000050000000051e+01 6.661782408913142460e-16
2.000000000000000042e-02 1.524999990000000061e+01 6.588373827022361789e-16
2.000000000000000042e-02 1.550000030000000173e+01 6.518050840777053754e-16
2.000000000000000042e-02 1.574999960000000065e+01 6.448085001320407153e-16
2.000000000000000042e-02 1.600000000000000000e+01 6.379531824921432033e-16
2.000000000000000042e-02 1.625000040000000112e+01 6.310120662363149347e-16
2.000000000000000042e-02 1.649999970000000005e+01 6.243253431648811396e-16
2.000000000000000042e-02 1.675000010000000117e+01 6.176625071442441479e-16
2.000000000000000042e-02 1.699999950000000126e+01 6.111001686382158256e-16
2.000000000000000042e-02 1.725000089999999986e+01 6.045247671684182331e-16
2.000000000000000042e-02 1.750000029999999995e+01 5.981864675842050921e-16
2.000000000000000042e-02 1.774999960000000243e+01 5.918064209417723226e-16
2.000000000000000042e-02 1.799999900000000252e+01 5.856310682917213322e-16
2.000000000000000042e-02 1.825000040000000112e+01 5.795936837892938957e-16
2.000000000000000042e-02 1.849999970000000005e+01 5.738305736399976789e-16
2.000000000000000042e-02 1.874999910000000014e+01 5.720973120523635991e-16
2.000000000000000042e-02 1.900000050000000229e+01 5.694650936806312777e-16
2.000000000000000042e-02 1.924999990000000238e+01 5.650052094322346782e-16
2.000000000000000042e-02 1.949999920000000131e+01 5.605635791426906474e-16
2.000000000000000042e-02 1.975000059999999991e+01 5.564515402097373267e-16
2.000000000000000042e-02 2.000000000000000000e+01 5.521145586576079006e-16
