4.000000000000000192e-04 0.000000000000000000e+00 1.442417049184692706e-14
4.000000000000000192e-04 1.258929999999999956e-04 1.442417049184692706e-14
4.000000000000000192e-04 1.412539999999999998e-04 1.442417049184692706e-14
4.000000000000000192e-04 1.584890000000000203e-04 1.442417049184692706e-14
4.000000000000000192e-04 1.778280000000000193e-04 1.442417049184692706e-14
4.000000000000000192e-04 1.995270000000000160e-04 1.442417049184692706e-14
4.000000000000000192e-04 2.238730000000000028e-04 1.442417049184692706e-14
4.000000000000000192e-04 2.511890000000000238e-04 1.442417049184692706e-14
4.000000000000000192e-04 2.818390000000000370e-04 1.442417049184692706e-14
4.000000000000000192e-04 3.162290000000000110e-04 1.442417049184692706e-14
4.000000000000000192e-04 3.548150000000000240e-04 1.442417049184692706e-14
4.000000000000000192e-04 3.981090000000000063e-04 1.442417049184692706e-14
4.000000000000000192e-04 4.466860000000000123e-04 1.442417049184692706e-14
4.000000000000000192e-04 5.011899999999999905e-04 1.442417049184692706e-14
4.000000000000000192e-04 5.623439999999999949e-04 1.442417049184692706e-14
4.000000000000000192e-04 6.309610000000000869e-04 1.442417049184692706e-14
4.000000000000000192e-04 7.079500000000000506e-04 1.442417049184692706e-14
4.000000000000000192e-04 7.943340000000000557e-04 1.442417049184692706e-14
4.000000000000000192e-04 8.912570000000000084e-04 1.442417049184692706e-14
4.000000000000000192e-04 1.000000000000000021e-03 1.442417049184692706e-14
4.000000000000000192e-04 1.047130000000000066e-03 1.442417049184692706e-14
4.000000000000000192e-04 1.096480000000000154e-03 1.442417049184692706e-14
4.000000000000000192e-04 1.148150000000000125e-03 1.442417049184692706e-14
4.000000000000000192e-04 1.202260000000000134e-03 1.442417049184692706e-14
4.000000000000000192e-04 1.258930000000000118e-03 1.442417049184692706e-14
4.000000000000000192e-04 1.318260000000000135e-03 1.442417049184692706e-14
4.000000000000000192e-04 1.380380000000000062e-03 1.442417049184692706e-14
4.000000000000000192e-04 1.445440000000000093e-03 1.442417049184692706e-14
4.000000000000000192e-04 1.513560000000000166e-03 1.456212014536958057e-14
4.000000000000000192e-04 1.584890000000000040e-03 1.391036260145748700e-14
4.000000000000000192e-04 1.659590000000000067e-03 1.328155754518013723e-14
4.000000000000000192e-04 1.737800000000000065e-03 1.268028207910012965e-14
4.000000000000000192e-04 1.819700000000000050e-03 1.211172114096591374e-14
4.000000000000000192e-04 1.905460000000000096e-03 1.416295902397085312e-14
4.000000000000000192e-04 1.995260000000000002e-03 1.297904965629575631e-14
4.000000000000000192e-04 2.089290000000000157e-03 1.568995250443503244e-14
4.000000000000000192e-04 2.187759999999999965e-03 1.353024015638152294e-14
4.000000000000000192e-04 2.290869999999999972e-03 1.454286642167193255e-14
4.000000000000000192e-04 2.398830000000000233e-03 1.252989458733934229e-14
4.000000000000000192e-04 2.511880000000000189e-03 1.185993248673428838e-14
4.000000000000000192e-04 2.630270000000000091e-03 1.399936238252946822e-14
4.000000000000000192e-04 2.754230000000000306e-03 2.228292372537961616e-14
4.000000000000000192e-04 2.884030000000000100e-03 3.480103345675313763e-14
4.000000000000000192e-04 3.019949999999999978e-03 5.914285053730623140e-14
4.000000000000000192e-04 3.162270000000000011e-03 9.874261557767459262e-14
4.000000000000000192e-04 3.311310000000000035e-03 1.130712936792771623e-13
4.000000000000000192e-04 3.467360000000000060e-03 1.216421063805934655e-13
4.000000000000000192e-04 3.630780000000000118e-03 1.289670154656075099e-13
4.000000000000000192e-04 3.801890000000000044e-03 1.263398616006538781e-13
4.000000000000000192e-04 3.981070000000000615e-03 1.098444643242053541e-13
4.000000000000000192e-04 4.168690000000000069e-03 1.000289104948597899e-13
4.000000000000000192e-04 4.365149999999999933e-03 7.923574842641893323e-14
4.000000000000000192e-04 4.570880000000000255e-03 6.827593969597882504e-14
4.000000000000000192e-04 4.786290000000000336e-03 5.741096746405016750e-14
4.000000000000000192e-04 5.011859999999999926e-03 4.710902769501045067e-14
4.000000000000000192e-04 5.248070000000000512e-03 3.774668106897855416e-14
4.000000000000000192e-04 5.495400000000000111e-03 2.920602730865037879e-14
4.000000000000000192e-04 5.754390000000000720e-03 2.810079765131819428e-14
4.000000000000000192e-04 6.025590000000000807e-03 2.669998491923819262e-14
4.000000000000000192e-04 6.309560000000000515e-03 2.495027574998976019e-14
4.000000000000000192e-04 6.606920000000000501e-03 2.268392239799846895e-14
4.000000000000000192e-04 6.918300000000000491e-03 1.963120574740408569e-14
4.000000000000000192e-04 7.244350000000000095e-03 1.951312974818900892e-14
4.000000000000000192e-04 7.585760000000000419e-03 1.932266813796343804e-14
4.000000000000000192e-04 7.943270000000000539e-03 1.904384146602848408e-14
4.000000000000000192e-04 8.317620000000001262e-03 1.868328872658298446e-14
4.000000000000000192e-04 8.709620000000001250e-03 1.822884933062203467e-14
4.000000000000000192e-04 9.120090000000000835e-03 1.764261006323468443e-14
4.000000000000000192e-04 9.549900000000000055e-03 1.694367738421052509e-14
4.000000000000000192e-04 9.999980000000000327e-03 1.604813240594063092e-14
4.000000000000000192e-04 1.047130000000000109e-02 1.575692665221326922e-14
4.000000000000000192e-04 1.096480000000000024e-02 1.661532695300780978e-14
4.000000000000000192e-04 1.148150000000000039e-02 1.792162307633032217e-14
4.000000000000000192e-04 1.202260000000000134e-02 1.902300714491236818e-14
4.000000000000000192e-04 1.258920000000000004e-02 1.989573939147864507e-14
4.000000000000000192e-04 1.318250000000000151e-02 2.045296960960221924e-14
4.000000000000000192e-04 1.380380000000000149e-02 2.066631252281719258e-14
4.000000000000000192e-04 1.445440000000000093e-02 2.049005897126018645e-14
4.000000000000000192e-04 1.513560000000000079e-02 1.956211863548652710e-14
4.000000000000000192e-04 1.584890000000000257e-02 1.888057910235519845e-14
4.000000000000000192e-04 1.659580000000000083e-02 1.865122591374955991e-14
4.000000000000000192e-04 1.737800000000000109e-02 1.836709936708075546e-14
4.000000000000000192e-04 1.819700000000000137e-02 1.806258793245602090e-14
4.000000000000000192e-04 1.905460000000000140e-02 1.765870222133666245e-14
4.000000000000000192e-04 1.995260000000000089e-02 1.718359665574598712e-14
4.000000000000000192e-04 2.089290000000000244e-02 1.611239846795571662e-14
4.000000000000000192e-04 2.187760000000000052e-02 1.577075005521927505e-14
4.000000000000000192e-04 2.290860000000000118e-02 1.584276527131205015e-14
4.000000000000000192e-04 2.398830000000000059e-02 1.587542775957283862e-14
4.000000000000000192e-04 2.511880000000000016e-02 1.586240774073972132e-14
4.000000000000000192e-04 2.630260000000000237e-02 1.580276532690272566e-14
4.000000000000000192e-04 2.754220000000000279e-02 1.569063820737871384e-14
4.000000000000000192e-04 2.900000000000000147e-02 1.549550402316726580e-14
4.000000000000000192e-04 3.000000000000000236e-02 1.532380715781411113e-14
4.000000000000000192e-04 3.100000000000000325e-02 1.512276760295076246e-14
4.000000000000000192e-04 3.200000000000000067e-02 1.489325288481955028e-14
4.000000000000000192e-04 3.300000000000000155e-02 1.446808934483779728e-14
4.000000000000000192e-04 3.400000000000000244e-02 1.425084740514607229e-14
4.000000000000000192e-04 3.500000000000000333e-02 1.405293418266883733e-14
4.000000000000000192e-04 3.600000000000000422e-02 1.398789817874244872e-14
4.000000000000000192e-04 3.700000000000000511e-02 1.391157795405348358e-14
4.000000000000000192e-04 3.799999999999999906e-02 1.382353369802614946e-14
4.000000000000000192e-04 3.899999999999999994e-02 1.372519431933265453e-14
4.000000000000000192e-04 4.000000000000000083e-02 1.361578778861446119e-14
4.000000000000000192e-04 4.250000000000000305e-02 1.329482809407118597e-14
4.000000000000000192e-04 4.500000000000000527e-02 1.291224927102346268e-14
4.000000000000000192e-04 4.750000000000000056e-02 1.247154029207782951e-14
4.000000000000000192e-04 5.000000000000000278e-02 1.190914869158315716e-14
4.000000000000000192e-04 5.250000000000000500e-02 1.140043988180811055e-14
4.000000000000000192e-04 5.500000000000000028e-02 1.115423338617193728e-14
4.000000000000000192e-04 5.708800000000000680e-02 1.107244638835810135e-14
4.000000000000000192e-04 6.405380000000000795e-02 1.061515649412945585e-14
4.000000000000000192e-04 7.186960000000000570e-02 1.016156666132423849e-14
4.000000000000000192e-04 8.063900000000000234e-02 9.960468564586896595e-15
4.000000000000000192e-04 9.047849600000000547e-02 9.535052946920557268e-15
4.000000000000000192e-04 1.015180000000000110e-01 8.884781750470504711e-15
4.000000000000000192e-04 1.139060000000000072e-01 9.937606764085576858e-15
4.000000000000000192e-04 1.278040000000000009e-01 9.457393347691823580e-15
4.000000000000000192e-04 1.433990080000000222e-01 8.786289859485203828e-15
4.000000000000000192e-04 1.608960000000000112e-01 8.068258181394834085e-15
4.000000000000000192e-04 1.805289919999999992e-01 7.775615998118580794e-15
4.000000000000000192e-04 2.025569920000000190e-01 7.502502254530578379e-15
4.000000000000000192e-04 2.272720000000000018e-01 7.118368798592926907e-15
4.000000000000000192e-04 2.550040000000000084e-01 6.607069596587864559e-15
4.000000000000000192e-04 2.861190080000000080e-01 5.988150391358005132e-15
4.000000000000000192e-04 3.210310080000000066e-01 5.533892935581265001e-15
4.000000000000000192e-04 3.602030080000000467e-01 5.226798915216745696e-15
4.000000000000000192e-04 4.041539840000000217e-01 4.811717195136199726e-15
4.000000000000000192e-04 4.534689920000000152e-01 4.357896639066368018e-15
4.000000000000000192e-04 5.088009920000000630e-01 4.070663529056074205e-15
4.000000000000000192e-04 5.708839680000000749e-01 3.905743253149163149e-15
4.000000000000000192e-04 6.405429759999999861e-01 3.698727409259420267e-15
4.000000000000000192e-04 7.187009920000000385e-01 3.426291072359579319e-15
4.000000000000000192e-04 8.063960320000000959e-01 3.154939439188177373e-15
4.000000000000000192e-04 9.047920000000000407e-01 2.938210066513057758e-15
4.000000000000000192e-04 1.015190020000000137e+00 2.969132385261051975e-15
4.000000000000000192e-04 1.139069950000000109e+00 3.196652954110788737e-15
4.000000000000000192e-04 1.278050050000000049e+00 2.607748593410635075e-15
4.000000000000000192e-04 1.434000000000000163e+00 2.438795966540490381e-15
4.000000000000000192e-04 1.608979970000000037e+00 2.303399474697560997e-15
4.000000000000000192e-04 1.680000000000000160e+00 2.296070472294654150e-15
4.000000000000000192e-04 1.700000000000000178e+00 2.320120246135679536e-15
4.000000000000000192e-04 1.800000000000000044e+00 2.303654185283995356e-15
4.000000000000000192e-04 1.900000000000000133e+00 2.248709117307017773e-15
4.000000000000000192e-04 2.000000000000000000e+00 2.164207794521698763e-15
4.000000000000000192e-04 2.100000000000000089e+00 2.022821287956621255e-15
4.000000000000000192e-04 2.200000000000000178e+00 1.891204031185832386e-15
4.000000000000000192e-04 2.300000000000000266e+00 1.833745647141100102e-15
4.000000000000000192e-04 2.400000000000000355e+00 1.777889389166857467e-15
4.000000000000000192e-04 2.500000000000000000e+00 1.723413520399533881e-15
4.000000000000000192e-04 2.600000000000000089e+00 1.668703645733174832e-15
4.000000000000000192e-04 2.750000130000000098e+00 1.567972254411092166e-15
4.000000000000000192e-04 3.000000000000000000e+00 1.483212859301868131e-15
4.000000000000000192e-04 3.249999870000000346e+00 1.415277974198750590e-15
4.000000000000000192e-04 3.500000000000000000e+00 1.338032533271618880e-15
4.000000000000000192e-04 3.750000130000000098e+00 1.272769697057953733e-15
4.000000000000000192e-04 4.000000000000000000e+00 1.227493382077001873e-15
4.000000000000000192e-04 4.249999869999999902e+00 1.183109151448652891e-15
4.000000000000000192e-04 4.499999740000000692e+00 1.140374214494339628e-15
4.000000000000000192e-04 4.750000130000000098e+00 1.096287490358924780e-15
4.000000000000000192e-04 5.000000000000000000e+00 1.054177330634429344e-15
4.000000000000000192e-04 5.249999869999999902e+00 1.021613902769258477e-15
4.000000000000000192e-04 5.500000260000000196e+00 9.903992107877456776e-16
4.000000000000000192e-04 5.750000130000000098e+00 9.604620396334613604e-16
4.000000000000000192e-04 6.000000000000000000e+00 9.316878796214891018e-16
4.000000000000000192e-04 6.249999870000000790e+00 9.039586967116323675e-16
4.000000000000000192e-04 6.499999740000000692e+00 8.771567978852632216e-16
4.000000000000000192e-04 6.750000130000000098e+00 8.427618408377242076e-16
4.000000000000000192e-04 7.000000000000000000e+00 8.172161679972494929e-16
4.000000000000000192e-04 7.249999870000000790e+00 7.982466713807895014e-16
4.000000000000000192e-04 7.500000260000000196e+00 7.797555290249372440e-16
4.000000000000000192e-04 7.750000130000000098e+00 7.617242030011552600e-16
4.000000000000000192e-04 8.000000000000000000e+00 7.441475388190065169e-16
4.000000000000000192e-04 8.249999869999999902e+00 7.270062316584404668e-16
4.000000000000000192e-04 8.499999739999999804e+00 7.101583977786520780e-16
4.000000000000000192e-04 8.750000130000000098e+00 6.937414750842111370e-16
4.000000000000000192e-04 8.999999490000000435e+00 6.777726458488619456e-16
4.000000000000000192e-04 9.249999869999999902e+00 6.620837789086197257e-16
4.000000000000000192e-04 9.500000260000000196e+00 6.468076283334317296e-16
4.000000000000000192e-04 9.749999620000000533e+00 6.319230519434336481e-16
4.000000000000000192e-04 1.000000000000000000e+01 6.175850066378583093e-16
4.000000000000000192e-04 1.025000040000000112e+01 6.067622738431803562e-16
4.000000000000000192e-04 1.049999970000000005e+01 5.968610060507363147e-16
4.000000000000000192e-04 1.075000010000000117e+01 5.871812357471446414e-16
4.000000000000000192e-04 1.100000050000000051e+01 5.777450612122120563e-16
4.000000000000000192e-04 1.124999990000000061e+01 5.685195098767528154e-16
4.000000000000000192e-04 1.150000029999999995e+01 5.594331508534022757e-16
4.000000000000000192e-04 1.174999960000000065e+01 5.505929037379529194e-16
4.000000000000000192e-04 1.200000000000000000e+01 5.420399759218234431e-16
4.000000000000000192e-04 1.225000040000000112e+01 5.334830735058434891e-16
4.000000000000000192e-04 1.249999970000000005e+01 5.252379082784349383e-16
4.000000000000000192e-04 1.275000010000000117e+01 5.170642450505690305e-16
4.000000000000000192e-04 1.299999950000000126e+01 5.090996267912308580e-16
4.000000000000000192e-04 1.324999990000000061e+01 5.013009011103088228e-16
4.000000000000000192e-04 1.350000029999999995e+01 4.936463016416230151e-16
4.000000000000000192e-04 1.374999960000000065e+01 4.862268280362024576e-16
4.000000000000000192e-04 1.400000000000000000e+01 4.788497800181548656e-16
4.000000000000000192e-04 1.425000040000000112e+01 4.716549108814077846e-16
4.000000000000000192e-04 1.449999970000000005e+01 4.645660198002303437e-16
4.000000000000000192e-04 1.475000010000000117e+01 4.576438055870519275e-16
4.000000000000000192e-04 1.500000050000000051e+01 4.507701499643537411e-16
4.000000000000000192e-04 1.524999990000000061e+01 4.437099059579895606e-16
4.000000000000000192e-04 1.550000030000000173e+01 4.333827836078263554e-16
4.000000000000000192e-04 1.574999960000000065e+01 4.286043891269929303e-16
4.000000000000000192e-04 1.600000000000000000e+01 4.239267999840297596e-16
4.000000000000000192e-04 1.625000040000000112e+01 4.192351895526864450e-16
4.000000000000000192e-04 1.649999970000000005e+01 4.146104329925836989e-16
4.000000000000000192e-04 1.675000010000000117e+01 4.100848985283185537e-16
4.000000000000000192e-04 1.699999950000000126e+01 4.056892087408647795e-16
4.000000000000000192e-04 1.725000089999999986e+01 4.013019892116221928e-16
4.000000000000000192e-04 1.750000029999999995e+01 3.969920821766379649e-16
4.000000000000000192e-04 1.774999960000000243e+01 3.927395529945868261e-16
4.000000000000000192e-04 1.799999900000000252e+01 3.886153152386435854e-16
4.000000000000000192e-04 1.825000040000000112e+01 3.844700286497567413e-16
4.000000000000000192e-04 1.849999970000000005e+01 3.804243248236621621e-16
4.000000000000000192e-04 1.874999910000000014e+01 3.765009639782316873e-16
4.000000000000000192e-04 1.900000050000000229e+01 3.725130233649487687e-16
4.000000000000000192e-04 1.924999990000000238e+01 3.686403996872767896e-16
4.000000000000000192e-04 1.949999920000000131e+01 3.648031759769279106e-16
4.000000000000000192e-04 1.975000059999999991e+01 3.610382860524502064e-16
4.000000000000000192e-04 2.000000000000000000e+01 3.573433084706293482e-16
8.000000000000000167e-03 0.000000000000000000e+00 2.358978227943933929e-14
8.000000000000000167e-03 1.258929999999999956e-04 2.358978227943933929e-14
8.000000000000000167e-03 1.412539999999999998e-04 2.358978227943933929e-14
8.000000000000000167e-03 1.584890000000000203e-04 2.358978227943933929e-14
8.000000000000000167e-03 1.778280000000000193e-04 2.358978227943933929e-14
8.000000000000000167e-03 1.995270000000000160e-04 2.358978227943933929e-14
8.000000000000000167e-03 2.238730000000000028e-04 2.358978227943933929e-14
8.000000000000000167e-03 2.511890000000000238e-04 2.358978227943933929e-14
8.000000000000000167e-03 2.818390000000000370e-04 2.358978227943933929e-14
8.000000000000000167e-03 3.162290000000000110e-04 2.358978227943933929e-14
8.000000000000000167e-03 3.548150000000000240e-04 2.358978227943933929e-14
8.000000000000000167e-03 3.981090000000000063e-04 2.358978227943933929e-14
8.000000000000000167e-03 4.466860000000000123e-04 2.358978227943933929e-14
8.000000000000000167e-03 5.011899999999999905e-04 2.358978227943933929e-14
8.000000000000000167e-03 5.623439999999999949e-04 2.358978227943933929e-14
8.000000000000000167e-03 6.309610000000000869e-04 2.358978227943933929e-14
8.000000000000000167e-03 7.079500000000000506e-04 2.358978227943933929e-14
8.000000000000000167e-03 7.943340000000000557e-04 2.358978227943933929e-14
8.000000000000000167e-03 8.912570000000000084e-04 2.358978227943933929e-14
8.000000000000000167e-03 1.000000000000000021e-03 2.358978227943933929e-14
8.000000000000000167e-03 1.047130000000000066e-03 2.358978227943933929e-14
8.000000000000000167e-03 1.096480000000000154e-03 2.358978227943933929e-14
8.000000000000000167e-03 1.148150000000000125e-03 2.358978227943933929e-14
8.000000000000000167e-03 1.202260000000000134e-03 2.358978227943933929e-14
8.000000000000000167e-03 1.258930000000000118e-03 2.358978227943933929e-14
8.000000000000000167e-03 1.318260000000000135e-03 2.358978227943933929e-14
8.000000000000000167e-03 1.380380000000000062e-03 2.358978227943933929e-14
8.000000000000000167e-03 1.445440000000000093e-03 2.358978227943933929e-14
8.000000000000000167e-03 1.513560000000000166e-03 2.358978227943933929e-14
8.000000000000000167e-03 1.584890000000000040e-03 2.358978227943933929e-14
8.000000000000000167e-03 1.659590000000000067e-03 2.358978227943933929e-14
8.000000000000000167e-03 1.737800000000000065e-03 2.846451994285697309e-14
8.000000000000000167e-03 1.819700000000000050e-03 2.847752861385446012e-14
8.000000000000000167e-03 1.905460000000000096e-03 2.855527807116955885e-14
8.000000000000000167e-03 1.995260000000000002e-03 2.884204366549596366e-14
8.000000000000000167e-03 2.089290000000000157e-03 2.939919016788563065e-14
8.000000000000000167e-03 2.187759999999999965e-03 3.283556349695342786e-14
8.000000000000000167e-03 2.290869999999999972e-03 3.372323328373721170e-14
8.000000000000000167e-03 2.398830000000000233e-03 3.584576781223646158e-14
8.000000000000000167e-03 2.511880000000000189e-03 3.874500774653377364e-14
8.000000000000000167e-03 2.630270000000000091e-03 3.984572222577388017e-14
8.000000000000000167e-03 2.754230000000000306e-03 4.328840213296505038e-14
8.000000000000000167e-03 2.884030000000000100e-03 4.672582011588187632e-14
8.000000000000000167e-03 3.019949999999999978e-03 5.059660695938428355e-14
8.000000000000000167e-03 3.162270000000000011e-03 5.964261816240947857e-14
8.000000000000000167e-03 3.311310000000000035e-03 6.281171050027539837e-14
8.000000000000000167e-03 3.467360000000000060e-03 6.450268037547372112e-14
8.000000000000000167e-03 3.630780000000000118e-03 6.394261717390796388e-14
8.000000000000000167e-03 3.801890000000000044e-03 6.250379004394634090e-14
8.000000000000000167e-03 3.981070000000000615e-03 5.802178418087605758e-14
8.000000000000000167e-03 4.168690000000000069e-03 5.778445707988493355e-14
8.000000000000000167e-03 4.365149999999999933e-03 5.790320866555733997e-14
8.000000000000000167e-03 4.570880000000000255e-03 5.869334508033634266e-14
8.000000000000000167e-03 4.786290000000000336e-03 6.129305901165980107e-14
8.000000000000000167e-03 5.011859999999999926e-03 6.295507083584410551e-14
8.000000000000000167e-03 5.248070000000000512e-03 7.051145908927412955e-14
8.000000000000000167e-03 5.495400000000000111e-03 8.173497587536464336e-14
8.000000000000000167e-03 5.754390000000000720e-03 9.536545578713249779e-14
8.000000000000000167e-03 6.025590000000000807e-03 1.115294759394422268e-13
8.000000000000000167e-03 6.309560000000000515e-03 1.218889422199019065e-13
8.000000000000000167e-03 6.606920000000000501e-03 1.196575208671828370e-13
8.000000000000000167e-03 6.918300000000000491e-03 1.098152845786550674e-13
8.000000000000000167e-03 7.244350000000000095e-03 1.031278707592396610e-13
8.000000000000000167e-03 7.585760000000000419e-03 9.605831827050587876e-14
8.000000000000000167e-03 7.943270000000000539e-03 8.857556831772319838e-14
8.000000000000000167e-03 8.317620000000001262e-03 8.075934147572431065e-14
8.000000000000000167e-03 8.709620000000001250e-03 7.267276070725950772e-14
8.000000000000000167e-03 9.120090000000000835e-03 6.430985670428202211e-14
8.000000000000000167e-03 9.549900000000000055e-03 5.383635854081540143e-14
8.000000000000000167e-03 9.999980000000000327e-03 4.520213306321033905e-14
8.000000000000000167e-03 1.047130000000000109e-02 4.199920068015990807e-14
8.000000000000000167e-03 1.096480000000000024e-02 4.083802157960635744e-14
8.000000000000000167e-03 1.148150000000000039e-02 3.958334596171162357e-14
8.000000000000000167e-03 1.202260000000000134e-02 3.821213250048532606e-14
8.000000000000000167e-03 1.258920000000000004e-02 3.672541469209820165e-14
8.000000000000000167e-03 1.318250000000000151e-02 3.510621884931020636e-14
8.000000000000000167e-03 1.380380000000000149e-02 3.336067514443354744e-14
8.000000000000000167e-03 1.445440000000000093e-02 3.052674652271803832e-14
8.000000000000000167e-03 1.513560000000000079e-02 2.935042857173680607e-14
8.000000000000000167e-03 1.584890000000000257e-02 2.936194148694343194e-14
8.000000000000000167e-03 1.659580000000000083e-02 2.929116188576414325e-14
8.000000000000000167e-03 1.737800000000000109e-02 2.912159693690550011e-14
8.000000000000000167e-03 1.819700000000000137e-02 2.884923991948373411e-14
8.000000000000000167e-03 1.905460000000000140e-02 2.846403983356742404e-14
8.000000000000000167e-03 1.995260000000000089e-02 2.777235164989049885e-14
8.000000000000000167e-03 2.089290000000000244e-02 2.634297802320112647e-14
8.000000000000000167e-03 2.187760000000000052e-02 2.574391616127126625e-14
8.000000000000000167e-03 2.290860000000000118e-02 2.541347128074836288e-14
8.000000000000000167e-03 2.398830000000000059e-02 2.506832461442097000e-14
8.000000000000000167e-03 2.511880000000000016e-02 2.460860685434759104e-14
8.000000000000000167e-03 2.630260000000000237e-02 2.407937182727897686e-14
8.000000000000000167e-03 2.754220000000000279e-02 2.348438446795537902e-14
8.000000000000000167e-03 2.900000000000000147e-02 2.272951114353654018e-14
8.000000000000000167e-03 3.000000000000000236e-02 2.217692438044881912e-14
8.000000000000000167e-03 3.100000000000000325e-02 2.159791809363287650e-14
8.000000000000000167e-03 3.200000000000000067e-02 2.099453920473245300e-14
8.000000000000000167e-03 3.300000000000000155e-02 2.000963076351462930e-14
8.000000000000000167e-03 3.400000000000000244e-02 1.909661089079947418e-14
8.000000000000000167e-03 3.500000000000000333e-02 1.856364923435290564e-14
8.000000000000000167e-03 3.600000000000000422e-02 1.839049729649858077e-14
8.000000000000000167e-03 3.700000000000000511e-02 1.820738828868075373e-14
8.000000000000000167e-03 3.799999999999999906e-02 1.801472526521099271e-14
8.000000000000000167e-03 3.899999999999999994e-02 1.781234018554899927e-14
8.000000000000000167e-03 4.000000000000000083e-02 1.760100589328434898e-14
8.000000000000000167e-03 4.250000000000000305e-02 1.703819127598970868e-14
8.000000000000000167e-03 4.500000000000000527e-02 1.643627106314728656e-14
8.000000000000000167e-03 4.750000000000000056e-02 1.579579488050787748e-14
8.000000000000000167e-03 5.000000000000000278e-02 1.511477420552217475e-14
8.000000000000000167e-03 5.250000000000000500e-02 1.438814033925126004e-14
8.000000000000000167e-03 5.500000000000000028e-02 1.353978098548320956e-14
8.000000000000000167e-03 5.708800000000000680e-02 1.315081277960952637e-14
8.000000000000000167e-03 6.405380000000000795e-02 1.252960896465782515e-14
8.000000000000000167e-03 7.186960000000000570e-02 1.165001345681986693e-14
8.000000000000000167e-03 8.063900000000000234e-02 1.091461789783824761e-14
8.000000000000000167e-03 9.047849600000000547e-02 1.047916027427338694e-14
8.000000000000000167e-03 1.015180000000000110e-01 9.829355217569868339e-15
8.000000000000000167e-03 1.139060000000000072e-01 9.070006682123591314e-15
8.000000000000000167e-03 1.278040000000000009e-01 9.284124334398407463e-15
8.000000000000000167e-03 1.433990080000000222e-01 8.866050302158808307e-15
8.000000000000000167e-03 1.608960000000000112e-01 8.231206206717733367e-15
8.000000000000000167e-03 1.805289919999999992e-01 7.364792788081225024e-15
8.000000000000000167e-03 2.025569920000000190e-01 6.780119360406038869e-15
8.000000000000000167e-03 2.272720000000000018e-01 6.596444287411591544e-15
8.000000000000000167e-03 2.550040000000000084e-01 6.323538198215495391e-15
8.000000000000000167e-03 2.861190080000000080e-01 5.952848741487091865e-15
8.000000000000000167e-03 3.210310080000000066e-01 5.456269736774223768e-15
8.000000000000000167e-03 3.602030080000000467e-01 4.913818550222132292e-15
8.000000000000000167e-03 4.041539840000000217e-01 4.497318881356883043e-15
8.000000000000000167e-03 4.534689920000000152e-01 4.251109868174550416e-15
8.000000000000000167e-03 5.088009920000000630e-01 4.038998890130100282e-15
8.000000000000000167e-03 5.708839680000000749e-01 3.776367416272808868e-15
8.000000000000000167e-03 6.405429759999999861e-01 3.555891828197806191e-15
8.000000000000000167e-03 7.187009920000000385e-01 3.379807149950077046e-15
8.000000000000000167e-03 8.063960320000000959e-01 3.137709233849292147e-15
8.000000000000000167e-03 9.047920000000000407e-01 2.889786686914462245e-15
8.000000000000000167e-03 1.015190020000000137e+00 2.712835858756935938e-15
8.000000000000000167e-03 1.139069950000000109e+00 2.727855755033257282e-15
8.000000000000000167e-03 1.278050050000000049e+00 3.498790456466470452e-15
8.000000000000000167e-03 1.434000000000000163e+00 2.298149840954034288e-15
8.000000000000000167e-03 1.608979970000000037e+00 2.064311050960634992e-15
8.000000000000000167e-03 1.680000000000000160e+00 2.017599986943537409e-15
8.000000000000000167e-03 1.700000000000000178e+00 2.007762269795545885e-15
8.000000000000000167e-03 1.800000000000000044e+00 1.918214077901860062e-15
8.000000000000000167e-03 1.900000000000000133e+00 1.734296882495810131e-15
8.000000000000000167e-03 2.000000000000000000e+00 1.583125788823120621e-15
8.000000000000000167e-03 2.100000000000000089e+00 1.544277447907395368e-15
8.000000000000000167e-03 2.200000000000000178e+00 1.505906924009900492e-15
8.000000000000000167e-03 2.300000000000000266e+00 1.473687035122703795e-15
8.000000000000000167e-03 2.400000000000000355e+00 1.436647222629964333e-15
8.000000000000000167e-03 2.500000000000000000e+00 1.402077852137586541e-15
8.000000000000000167e-03 2.600000000000000089e+00 1.366301767766102517e-15
8.000000000000000167e-03 2.750000130000000098e+00 1.309692896359814427e-15
8.000000000000000167e-03 3.000000000000000000e+00 1.211579374967208996e-15
8.000000000000000167e-03 3.249999870000000346e+00 1.146332431134326158e-15
8.000000000000000167e-03 3.500000000000000000e+00 1.074294955138720642e-15
8.000000000000000167e-03 3.750000130000000098e+00 9.027350144278469382e-16
8.000000000000000167e-03 4.000000000000000000e+00 8.491063278693325243e-16
8.000000000000000167e-03 4.249999869999999902e+00 8.180036946272597760e-16
8.000000000000000167e-03 4.499999740000000692e+00 7.887260487255676177e-16
8.000000000000000167e-03 4.750000130000000098e+00 7.604734661736183227e-16
8.000000000000000167e-03 5.000000000000000000e+00 7.387853243953196508e-16
8.000000000000000167e-03 5.249999869999999902e+00 7.747463407913845553e-16
8.000000000000000167e-03 5.500000260000000196e+00 7.533498321236260163e-16
8.000000000000000167e-03 5.750000130000000098e+00 7.318668670733311395e-16
8.000000000000000167e-03 6.000000000000000000e+00 7.105357977316709669e-16
8.000000000000000167e-03 6.249999870000000790e+00 6.893394784876301588e-16
8.000000000000000167e-03 6.499999740000000692e+00 6.682252721762052146e-16
8.000000000000000167e-03 6.750000130000000098e+00 6.467760490722281356e-16
8.000000000000000167e-03 7.000000000000000000e+00 6.154285442768149099e-16
8.000000000000000167e-03 7.249999870000000790e+00 5.925396235804095279e-16
8.000000000000000167e-03 7.500000260000000196e+00 5.799809997585157011e-16
8.000000000000000167e-03 7.750000130000000098e+00 5.677881739102138396e-16
8.000000000000000167e-03 8.000000000000000000e+00 5.561015391615540817e-16
8.000000000000000167e-03 8.249999869999999902e+00 5.448517297678545577e-16
8.000000000000000167e-03 8.499999739999999804e+00 5.339645050480766156e-16
8.000000000000000167e-03 8.750000130000000098e+00 5.234008488844719219e-16
8.000000000000000167e-03 8.999999490000000435e+00 5.132465837450820750e-16
8.000000000000000167e-03 9.249999869999999902e+00 5.032588163486216482e-16
8.000000000000000167e-03 9.500000260000000196e+00 4.936534211644970626e-16
8.000000000000000167e-03 9.749999620000000533e+00 4.842375148583437635e-16
8.000000000000000167e-03 1.000000000000000000e+01 4.752139404858978545e-16
8.000000000000000167e-03 1.025000040000000112e+01 4.671589297608025603e-16
8.000000000000000167e-03 1.049999970000000005e+01 4.589838834971328124e-16
8.000000000000000167e-03 1.075000010000000117e+01 4.509782582393329653e-16
8.000000000000000167e-03 1.100000050000000051e+01 4.431403244910861372e-16
8.000000000000000167e-03 1.124999990000000061e+01 4.355105183081567942e-16
8.000000000000000167e-03 1.150000029999999995e+01 4.280735775680771370e-16
8.000000000000000167e-03 1.174999960000000065e+01 4.207633564572039752e-16
8.000000000000000167e-03 1.200000000000000000e+01 4.136464292239472162e-16
8.000000000000000167e-03 1.225000040000000112e+01 4.067278261787919433e-16
8.000000000000000167e-03 1.249999970000000005e+01 3.999241178583316810e-16
8.000000000000000167e-03 1.275000010000000117e+01 3.933141367714843112e-16
8.000000000000000167e-03 1.299999950000000126e+01 3.868411618018086752e-16
8.000000000000000167e-03 1.324999990000000061e+01 3.805236556636902265e-16
8.000000000000000167e-03 1.350000029999999995e+01 3.743772325955887279e-16
8.000000000000000167e-03 1.374999960000000065e+01 3.683538147731770129e-16
8.000000000000000167e-03 1.400000000000000000e+01 3.624165063064794512e-16
8.000000000000000167e-03 1.425000040000000112e+01 3.566933084781028480e-16
8.000000000000000167e-03 1.449999970000000005e+01 3.510575461899709658e-16
8.000000000000000167e-03 1.475000010000000117e+01 3.455532067044325234e-16
8.000000000000000167e-03 1.500000050000000051e+01 3.404251187405964162e-16
8.000000000000000167e-03 1.524999990000000061e+01 3.371837401803370103e-16
8.000000000000000167e-03 1.550000030000000173e+01 3.334200929272144128e-16
8.000000000000000167e-03 1.574999960000000065e+01 3.297123593489759288e-16
8.000000000000000167e-03 1.600000000000000000e+01 3.261239592281728589e-16
8.000000000000000167e-03 1.625000040000000112e+01 3.225453734810769032e-16
8.000000000000000167e-03 1.649999970000000005e+01 3.190357776616329889e-16
8.000000000000000167e-03 1.675000010000000117e+01 3.156097919710699984e-16
8.000000000000000167e-03 1.699999950000000126e+01 3.122737539436145284e-16
8.000000000000000167e-03 1.725000089999999986e+01 3.089416685814249529e-16
8.000000000000000167e-03 1.750000029999999995e+01 3.056700741352875859e-16
8.000000000000000167e-03 1.774999960000000243e+01 3.024742666323111662e-16
8.000000000000000167e-03 1.799999900000000252e+01 2.993659429354958516e-16
8.000000000000000167e-03 1.825000040000000112e+01 2.962362705334908912e-16
8.000000000000000167e-03 1.849999970000000005e+01 2.931788101396854055e-16
8.000000000000000167e-03 1.874999910000000014e+01 2.901681046944966398e-16
8.000000000000000167e-03 1.900000050000000229e+01 2.872404284352083405e-16
8.000000000000000167e-03 1.924999990000000238e+01 2.843163658990940275e-16
8.000000000000000167e-03 1.949999920000000131e+01 2.815055019121529172e-16
8.000000000000000167e-03 1.975000059999999991e+01 2.786736723265177818e-16
8.000000000000000167e-03 2.000000000000000000e+01 2.759237976783285270e-16
5.000000000000000278e-02 0.000000000000000000e+00 3.835663665081821109e-14
5.000000000000000278e-02 1.258929999999999956e-04 3.835663665081821109e-14
5.000000000000000278e-02 1.412539999999999998e-04 4.151432532765992962e-14
5.000000000000000278e-02 1.584890000000000203e-04 4.088644381085695964e-14
5.000000000000000278e-02 1.778280000000000193e-04 4.025237694016166923e-14
5.000000000000000278e-02 1.995270000000000160e-04 3.961257220413829359e-14
5.000000000000000278e-02 2.238730000000000028e-04 4.158796850148627614e-14
5.000000000000000278e-02 2.511890000000000238e-04 4.081592490978605452e-14
5.000000000000000278e-02 2.818390000000000370e-04 4.003297645213291560e-14
5.000000000000000278e-02 3.162290000000000110e-04 4.144422456491494536e-14
5.000000000000000278e-02 3.548150000000000240e-04 4.056978096399672841e-14
5.000000000000000278e-02 3.981090000000000063e-04 4.289987205467009591e-14
5.000000000000000278e-02 4.466860000000000123e-04 4.186122081699442940e-14
5.000000000000000278e-02 5.011899999999999905e-04 4.291188875347591624e-14
5.000000000000000278e-02 5.623439999999999949e-04 4.431551439460228605e-14
5.000000000000000278e-02 6.309610000000000869e-04 4.335324915760123956e-14
5.000000000000000278e-02 7.079500000000000506e-04 4.888178401567006215e-14
5.000000000000000278e-02 7.943340000000000557e-04 4.690833795993215962e-14
5.000000000000000278e-02 8.912570000000000084e-04 5.053467291845412123e-14
5.000000000000000278e-02 1.000000000000000021e-03 4.902729886140041501e-14
5.000000000000000278e-02 1.047130000000000066e-03 5.267515718817595669e-14
5.000000000000000278e-02 1.096480000000000154e-03 5.134970936514532203e-14
5.000000000000000278e-02 1.148150000000000125e-03 4.974845121162389443e-14
5.000000000000000278e-02 1.202260000000000134e-03 5.441038829253269445e-14
5.000000000000000278e-02 1.258930000000000118e-03 5.355259678007039707e-14
5.000000000000000278e-02 1.318260000000000135e-03 5.253024263490799607e-14
5.000000000000000278e-02 1.380380000000000062e-03 5.827903741284496073e-14
5.000000000000000278e-02 1.445440000000000093e-03 5.637487902351410326e-14
5.000000000000000278e-02 1.513560000000000166e-03 6.159575742490788325e-14
5.000000000000000278e-02 1.584890000000000040e-03 5.862776505116337599e-14
5.000000000000000278e-02 1.659590000000000067e-03 6.330531375270357473e-14
5.000000000000000278e-02 1.737800000000000065e-03 6.772246721089255181e-14
5.000000000000000278e-02 1.819700000000000050e-03 6.515397272598589848e-14
5.000000000000000278e-02 1.905460000000000096e-03 6.994746539726738885e-14
5.000000000000000278e-02 1.995260000000000002e-03 7.271536132696352181e-14
5.000000000000000278e-02 2.089290000000000157e-03 7.556566635552857640e-14
5.000000000000000278e-02 2.187759999999999965e-03 7.766788097627983137e-14
5.000000000000000278e-02 2.290869999999999972e-03 7.901447424506110267e-14
5.000000000000000278e-02 2.398830000000000233e-03 7.851849744456495056e-14
5.000000000000000278e-02 2.511880000000000189e-03 8.739761959455723650e-14
5.000000000000000278e-02 2.630270000000000091e-03 7.413516819337295540e-14
5.000000000000000278e-02 2.754230000000000306e-03 7.242759501742873733e-14
5.000000000000000278e-02 2.884030000000000100e-03 7.780168565055830356e-14
5.000000000000000278e-02 3.019949999999999978e-03 8.802843029209850415e-14
5.000000000000000278e-02 3.162270000000000011e-03 9.993936972024123482e-14
5.000000000000000278e-02 3.311310000000000035e-03 1.062204685722912150e-13
5.000000000000000278e-02 3.467360000000000060e-03 1.044622180770953719e-13
5.000000000000000278e-02 3.630780000000000118e-03 9.564000298175296833e-14
5.000000000000000278e-02 3.801890000000000044e-03 9.109146027050907130e-14
5.000000000000000278e-02 3.981070000000000615e-03 9.101309199434810230e-14
5.000000000000000278e-02 4.168690000000000069e-03 9.224237182102546765e-14
5.000000000000000278e-02 4.365149999999999933e-03 9.505779598130062031e-14
5.000000000000000278e-02 4.570880000000000255e-03 9.846265497320224294e-14
5.000000000000000278e-02 4.786290000000000336e-03 1.016079576532009788e-13
5.000000000000000278e-02 5.011859999999999926e-03 1.044358426706007461e-13
5.000000000000000278e-02 5.248070000000000512e-03 1.068009256156590220e-13
5.000000000000000278e-02 5.495400000000000111e-03 1.085676966068724328e-13
5.000000000000000278e-02 5.754390000000000720e-03 1.096463965325729192e-13
5.000000000000000278e-02 6.025590000000000807e-03 1.098199213073261994e-13
5.000000000000000278e-02 6.309560000000000515e-03 1.091012378613224699e-13
5.000000000000000278e-02 6.606920000000000501e-03 1.031559143587377432e-13
5.000000000000000278e-02 6.918300000000000491e-03 8.331684010100579406e-14
5.000000000000000278e-02 7.244350000000000095e-03 7.356735059360479899e-14
5.000000000000000278e-02 7.585760000000000419e-03 6.865116662942398270e-14
5.000000000000000278e-02 7.943270000000000539e-03 6.333424866100826074e-14
5.000000000000000278e-02 8.317620000000001262e-03 5.762912982145029095e-14
5.000000000000000278e-02 8.709620000000001250e-03 5.156645174637545360e-14
5.000000000000000278e-02 9.120090000000000835e-03 4.509424918119293636e-14
5.000000000000000278e-02 9.549900000000000055e-03 3.796645315338791550e-14
5.000000000000000278e-02 9.999980000000000327e-03 3.331214405720940873e-14
5.000000000000000278e-02 1.047130000000000109e-02 3.192441103988679434e-14
5.000000000000000278e-02 1.096480000000000024e-02 3.056214863461420924e-14
5.000000000000000278e-02 1.148150000000000039e-02 2.920356463185468924e-14
5.000000000000000278e-02 1.202260000000000134e-02 2.786936079758727875e-14
5.000000000000000278e-02 1.258920000000000004e-02 2.658251423210531095e-14
5.000000000000000278e-02 1.318250000000000151e-02 2.521815866018518884e-14
5.000000000000000278e-02 1.380380000000000149e-02 2.348471428872438960e-14
5.000000000000000278e-02 1.445440000000000093e-02 2.289032788981012131e-14
5.000000000000000278e-02 1.513560000000000079e-02 2.249079411905882230e-14
5.000000000000000278e-02 1.584890000000000257e-02 2.211515693907403426e-14
5.000000000000000278e-02 1.659580000000000083e-02 2.168389201727986426e-14
5.000000000000000278e-02 1.737800000000000109e-02 2.124033059644040405e-14
5.000000000000000278e-02 1.819700000000000137e-02 2.078486233261163235e-14
5.000000000000000278e-02 1.905460000000000140e-02 2.032120589081879135e-14
5.000000000000000278e-02 1.995260000000000089e-02 1.986658667034546650e-14
5.000000000000000278e-02 2.089290000000000244e-02 1.940429282746165060e-14
5.000000000000000278e-02 2.187760000000000052e-02 1.890705652511708337e-14
5.000000000000000278e-02 2.290860000000000118e-02 1.791283086687133610e-14
5.000000000000000278e-02 2.398830000000000059e-02 1.727853957111834227e-14
5.000000000000000278e-02 2.511880000000000016e-02 1.702085218981703720e-14
5.000000000000000278e-02 2.630260000000000237e-02 1.675011313606842745e-14
5.000000000000000278e-02 2.754220000000000279e-02 1.647204008997342970e-14
5.000000000000000278e-02 2.900000000000000147e-02 1.614251826885181036e-14
5.000000000000000278e-02 3.000000000000000236e-02 1.591728535747594131e-14
5.000000000000000278e-02 3.100000000000000325e-02 1.569231288790375268e-14
5.000000000000000278e-02 3.200000000000000067e-02 1.546658923063177629e-14
5.000000000000000278e-02 3.300000000000000155e-02 1.525942782698237032e-14
5.000000000000000278e-02 3.400000000000000244e-02 1.503487814438470881e-14
5.000000000000000278e-02 3.500000000000000333e-02 1.481351178045335605e-14
5.000000000000000278e-02 3.600000000000000422e-02 1.459394250266946210e-14
5.000000000000000278e-02 3.700000000000000511e-02 1.436289195489599560e-14
5.000000000000000278e-02 3.799999999999999906e-02 1.403072080090479742e-14
5.000000000000000278e-02 3.899999999999999994e-02 1.371128532340212323e-14
5.000000000000000278e-02 4.000000000000000083e-02 1.340984715571810608e-14
5.000000000000000278e-02 4.250000000000000305e-02 1.306183019720696564e-14
5.000000000000000278e-02 4.500000000000000527e-02 1.271209321019027213e-14
5.000000000000000278e-02 4.750000000000000056e-02 1.235046064017271459e-14
5.000000000000000278e-02 5.000000000000000278e-02 1.197971899649578827e-14
5.000000000000000278e-02 5.250000000000000500e-02 1.158192323361552197e-14
5.000000000000000278e-02 5.500000000000000028e-02 1.113914169957233039e-14
5.000000000000000278e-02 5.708800000000000680e-02 1.084955355863911624e-14
5.000000000000000278e-02 6.405380000000000795e-02 1.037912555259606108e-14
5.000000000000000278e-02 7.186960000000000570e-02 9.799085067436153684e-15
5.000000000000000278e-02 8.063900000000000234e-02 9.111124097638462523e-15
5.000000000000000278e-02 9.047849600000000547e-02 8.385885284223249230e-15
5.000000000000000278e-02 1.015180000000000110e-01 8.124069670670929704e-15
5.000000000000000278e-02 1.139060000000000072e-01 7.748599987188521555e-15
5.000000000000000278e-02 1.278040000000000009e-01 7.273392823382455630e-15
5.000000000000000278e-02 1.433990080000000222e-01 6.681004327392853662e-15
5.000000000000000278e-02 1.608960000000000112e-01 6.216927274896358199e-15
5.000000000000000278e-02 1.805289919999999992e-01 5.982551841095573791e-15
5.000000000000000278e-02 2.025569920000000190e-01 5.759316850130704440e-15
5.000000000000000278e-02 2.272720000000000018e-01 5.492176637171248776e-15
5.000000000000000278e-02 2.550040000000000084e-01 5.158202205880606689e-15
5.000000000000000278e-02 2.861190080000000080e-01 4.766214317039545249e-15
5.000000000000000278e-02 3.210310080000000066e-01 4.301701426885001481e-15
5.000000000000000278e-02 3.602030080000000467e-01 3.964329866773249164e-15
5.000000000000000278e-02 4.041539840000000217e-01 3.713208524693738670e-15
5.000000000000000278e-02 4.534689920000000152e-01 3.501128587861442670e-15
5.000000000000000278e-02 5.088009920000000630e-01 3.288423191529803357e-15
5.000000000000000278e-02 5.708839680000000749e-01 3.057173032728172675e-15
5.000000000000000278e-02 6.405429759999999861e-01 2.875802547703905402e-15
5.000000000000000278e-02 7.187009920000000385e-01 2.689935357600299849e-15
5.000000000000000278e-02 8.063960320000000959e-01 2.489798748123119038e-15
5.000000000000000278e-02 9.047920000000000407e-01 2.286182988775181288e-15
5.000000000000000278e-02 1.015190020000000137e+00 2.092224584863312758e-15
5.000000000000000278e-02 1.139069950000000109e+00 1.978276119396792164e-15
5.000000000000000278e-02 1.278050050000000049e+00 1.920452785757441136e-15
5.000000000000000278e-02 1.434000000000000163e+00 1.632215141638152512e-15
5.000000000000000278e-02 1.608979970000000037e+00 1.495256985519624369e-15
5.000000000000000278e-02 1.680000000000000160e+00 1.437573089947915304e-15
5.000000000000000278e-02 1.700000000000000178e+00 1.420258069283546745e-15
5.000000000000000278e-02 1.800000000000000044e+00 1.329431683585619218e-15
5.000000000000000278e-02 1.900000000000000133e+00 1.223118485685872077e-15
5.000000000000000278e-02 2.000000000000000000e+00 1.179819511110786165e-15
5.000000000000000278e-02 2.100000000000000089e+00 1.137972590338512005e-15
5.000000000000000278e-02 2.200000000000000178e+00 1.096754987832219908e-15
5.000000000000000278e-02 2.300000000000000266e+00 1.057490321401544808e-15
5.000000000000000278e-02 2.400000000000000355e+00 1.020123018048464367e-15
5.000000000000000278e-02 2.500000000000000000e+00 9.864254473499858404e-16
5.000000000000000278e-02 2.600000000000000089e+00 9.547166294294771328e-16
5.000000000000000278e-02 2.750000130000000098e+00 9.055683975443072930e-16
5.000000000000000278e-02 3.000000000000000000e+00 8.546653371258230514e-16
5.000000000000000278e-02 3.249999870000000346e+00 8.059308896450392170e-16
5.000000000000000278e-02 3.500000000000000000e+00 7.576310027496904152e-16
5.000000000000000278e-02 3.750000130000000098e+00 7.152634830306170078e-16
5.000000000000000278e-02 4.000000000000000000e+00 6.741378712271671446e-16
5.000000000000000278e-02 4.249999869999999902e+00 6.110605957972353588e-16
5.000000000000000278e-02 4.499999740000000692e+00 5.801578796102535386e-16
5.000000000000000278e-02 4.750000130000000098e+00 5.603189547789186668e-16
5.000000000000000278e-02 5.000000000000000000e+00 5.414145099087524910e-16
5.000000000000000278e-02 5.249999869999999902e+00 5.234702330133195433e-16
5.000000000000000278e-02 5.500000260000000196e+00 5.065560393619915995e-16
5.000000000000000278e-02 5.750000130000000098e+00 4.903449488931462982e-16
5.000000000000000278e-02 6.000000000000000000e+00 4.748358516989431061e-16
5.000000000000000278e-02 6.249999870000000790e+00 4.599876379489917582e-16
5.000000000000000278e-02 6.499999740000000692e+00 4.458517784517588210e-16
5.000000000000000278e-02 6.750000130000000098e+00 4.322946754345866440e-16
5.000000000000000278e-02 7.000000000000000000e+00 4.194074088543882069e-16
5.000000000000000278e-02 7.249999870000000790e+00 4.067446298444941012e-16
5.000000000000000278e-02 7.500000260000000196e+00 3.923743285503200403e-16
5.000000000000000278e-02 7.750000130000000098e+00 3.607376866811494557e-16
5.000000000000000278e-02 8.000000000000000000e+00 3.536795137846704358e-16
5.000000000000000278e-02 8.249999869999999902e+00 3.468617386949897830e-16
5.000000000000000278e-02 8.499999739999999804e+00 3.402222921184943094e-16
5.000000000000000278e-02 8.750000130000000098e+00 3.337548801713072186e-16
5.000000000000000278e-02 8.999999490000000435e+00 3.274063823302078367e-16
5.000000000000000278e-02 9.249999869999999902e+00 3.212876911959910444e-16
5.000000000000000278e-02 9.500000260000000196e+00 3.152937906717136306e-16
5.000000000000000278e-02 9.749999620000000533e+00 3.094652815803738518e-16
5.000000000000000278e-02 1.000000000000000000e+01 3.037421333023331131e-16
5.000000000000000278e-02 1.025000040000000112e+01 2.982352415569978524e-16
5.000000000000000278e-02 1.049999970000000005e+01 2.928287434704735446e-16
5.000000000000000278e-02 1.075000010000000117e+01 2.875994672558182895e-16
5.000000000000000278e-02 1.100000050000000051e+01 2.824622896727435093e-16
5.000000000000000278e-02 1.124999990000000061e+01 2.774239230846568282e-16
5.000000000000000278e-02 1.150000029999999995e+01 2.723331407375553211e-16
5.000000000000000278e-02 1.174999960000000065e+01 2.673555033909632126e-16
5.000000000000000278e-02 1.200000000000000000e+01 2.625232821653994945e-16
5.000000000000000278e-02 1.225000040000000112e+01 2.578446694554906458e-16
5.000000000000000278e-02 1.249999970000000005e+01 2.532672917266742469e-16
5.000000000000000278e-02 1.275000010000000117e+01 2.488359760046296977e-16
5.000000000000000278e-02 1.299999950000000126e+01 2.445289124443561184e-16
5.000000000000000278e-02 1.324999990000000061e+01 2.403072929705745103e-16
5.000000000000000278e-02 1.350000029999999995e+01 2.362051881618074364e-16
5.000000000000000278e-02 1.374999960000000065e+01 2.322496933312530413e-16
5.000000000000000278e-02 1.400000000000000000e+01 2.283726192148101802e-16
5.000000000000000278e-02 1.425000040000000112e+01 2.245839147426300158e-16
5.000000000000000278e-02 1.449999970000000005e+01 2.209426273501230762e-16
5.000000000000000278e-02 1.475000010000000117e+01 2.173535476806563939e-16
5.000000000000000278e-02 1.500000050000000051e+01 2.138722586946373718e-16
5.000000000000000278e-02 1.524999990000000061e+01 2.104990401644152715e-16
5.000000000000000278e-02 1.550000030000000173e+01 2.072080037390215540e-16
5.000000000000000278e-02 1.574999960000000065e+01 2.039990062369690464e-16
5.000000000000000278e-02 1.600000000000000000e+01 2.008423320434939346e-16
5.000000000000000278e-02 1.625000040000000112e+01 1.977990553398086409e-16
5.000000000000000278e-02 1.649999970000000005e+01 1.948379444433286931e-16
5.000000000000000278e-02 1.675000010000000117e+01 1.919962716830665126e-16
5.000000000000000278e-02 1.699999950000000126e+01 1.895450638312230612e-16
5.000000000000000278e-02 1.725000089999999986e+01 1.896206342622464314e-16
5.000000000000000278e-02 1.750000029999999995e+01 1.907627167311628461e-16
5.000000000000000278e-02 1.774999960000000243e+01 1.889546202862075866e-16
5.000000000000000278e-02 1.799999900000000252e+01 1.871276153723893645e-16
5.000000000000000278e-02 1.825000040000000112e+01 1.853751725023182140e-16
5.000000000000000278e-02 1.849999970000000005e+01 1.835750571676988218e-16
5.000000000000000278e-02 1.874999910000000014e+01 1.818379068971765265e-16
5.000000000000000278e-02 1.900000050000000229e+01 1.801370753387480534e-16
5.000000000000000278e-02 1.924999990000000238e+01 1.784149145359011009e-16
5.000000000000000278e-02 1.949999920000000131e+01 1.767138386451694971e-16
5.000000000000000278e-02 1.975000059999999991e+01 1.750172432888762738e-16
5.000000000000000278e-02 2.000000000000000000e+01 1.733645567875427767e-16
1.000000000000000048e-04 0.000000000000000000e+00 1.330782139025610676e-14
1.000000000000000048e-04 1.258929999999999956e-04 1.330782139025610676e-14
1.000000000000000048e-04 1.412539999999999998e-04 1.330782139025610676e-14
1.000000000000000048e-04 1.584890000000000203e-04 1.330782139025610676e-14
1.000000000000000048e-04 1.778280000000000193e-04 1.330782139025610676e-14
1.000000000000000048e-04 1.995270000000000160e-04 1.330782139025610676e-14
1.000000000000000048e-04 2.238730000000000028e-04 1.330782139025610676e-14
1.000000000000000048e-04 2.511890000000000238e-04 1.345179613893060329e-14
1.000000000000000048e-04 2.818390000000000370e-04 1.345179613893060329e-14
1.000000000000000048e-04 3.162290000000000110e-04 1.345179613893060329e-14
1.000000000000000048e-04 3.548150000000000240e-04 1.345179613893060329e-14
1.000000000000000048e-04 3.981090000000000063e-04 1.337186742062706451e-14
1.000000000000000048e-04 4.466860000000000123e-04 1.336610511477432333e-14
1.000000000000000048e-04 5.011899999999999905e-04 1.336789258595622159e-14
1.000000000000000048e-04 5.623439999999999949e-04 1.336643811641734546e-14
1.000000000000000048e-04 6.309610000000000869e-04 1.337464116258124096e-14
1.000000000000000048e-04 7.079500000000000506e-04 1.350102063217476972e-14
1.000000000000000048e-04 7.943340000000000557e-04 1.350523786537309070e-14
1.000000000000000048e-04 8.912570000000000084e-04 1.360618596894069574e-14
1.000000000000000048e-04 1.000000000000000021e-03 1.403301004941344604e-14
1.000000000000000048e-04 1.047130000000000066e-03 1.439761979321053282e-14
1.000000000000000048e-04 1.096480000000000154e-03 1.441672830484209350e-14
1.000000000000000048e-04 1.148150000000000125e-03 1.439358063529014518e-14
1.000000000000000048e-04 1.202260000000000134e-03 1.431939538442598060e-14
1.000000000000000048e-04 1.258930000000000118e-03 1.415734532847417226e-14
1.000000000000000048e-04 1.318260000000000135e-03 1.482291645860257602e-14
1.000000000000000048e-04 1.380380000000000062e-03 1.505337746272645844e-14
1.000000000000000048e-04 1.445440000000000093e-03 1.509480300248859910e-14
1.000000000000000048e-04 1.513560000000000166e-03 1.515212610586138115e-14
1.000000000000000048e-04 1.584890000000000040e-03 1.520816852799811935e-14
1.000000000000000048e-04 1.659590000000000067e-03 1.570210267151166931e-14
1.000000000000000048e-04 1.737800000000000065e-03 1.577148902536650911e-14
1.000000000000000048e-04 1.819700000000000050e-03 1.583450116526604514e-14
1.000000000000000048e-04 1.905460000000000096e-03 1.601574847506475310e-14
1.000000000000000048e-04 1.995260000000000002e-03 1.633316336895294326e-14
1.000000000000000048e-04 2.089290000000000157e-03 1.646124910794405254e-14
1.000000000000000048e-04 2.187759999999999965e-03 1.645829911211285526e-14
1.000000000000000048e-04 2.290869999999999972e-03 1.646105354012697474e-14
1.000000000000000048e-04 2.398830000000000233e-03 1.624072322334589157e-14
1.000000000000000048e-04 2.511880000000000189e-03 1.641659159767076442e-14
1.000000000000000048e-04 2.630270000000000091e-03 1.682390881621764969e-14
1.000000000000000048e-04 2.754230000000000306e-03 1.726249569560937607e-14
1.000000000000000048e-04 2.884030000000000100e-03 1.888403325638060235e-14
1.000000000000000048e-04 3.019949999999999978e-03 5.488555844862624910e-14
1.000000000000000048e-04 3.162270000000000011e-03 2.680860204843715579e-13
1.000000000000000048e-04 3.311310000000000035e-03 3.103458215264603471e-13
1.000000000000000048e-04 3.467360000000000060e-03 3.240597460160252282e-13
1.000000000000000048e-04 3.630780000000000118e-03 3.357601747357129924e-13
1.000000000000000048e-04 3.801890000000000044e-03 3.445417948739349284e-13
1.000000000000000048e-04 3.981070000000000615e-03 3.280472015229301824e-13
1.000000000000000048e-04 4.168690000000000069e-03 2.720878740735197375e-13
1.000000000000000048e-04 4.365149999999999933e-03 2.431946228227841811e-13
1.000000000000000048e-04 4.570880000000000255e-03 2.109989648975532347e-13
1.000000000000000048e-04 4.786290000000000336e-03 1.682099695770617703e-13
1.000000000000000048e-04 5.011859999999999926e-03 1.128402377209477596e-13
1.000000000000000048e-04 5.248070000000000512e-03 4.968784518784885743e-14
1.000000000000000048e-04 5.495400000000000111e-03 2.037017135233177658e-14
1.000000000000000048e-04 5.754390000000000720e-03 1.874741939621265015e-14
1.000000000000000048e-04 6.025590000000000807e-03 1.784616770761643613e-14
1.000000000000000048e-04 6.309560000000000515e-03 1.684651440433038102e-14
1.000000000000000048e-04 6.606920000000000501e-03 1.572164047551339415e-14
1.000000000000000048e-04 6.918300000000000491e-03 1.445920937134501518e-14
1.000000000000000048e-04 7.244350000000000095e-03 1.381616082138372189e-14
1.000000000000000048e-04 7.585760000000000419e-03 1.362707824455091339e-14
1.000000000000000048e-04 7.943270000000000539e-03 1.336779281257904871e-14
1.000000000000000048e-04 8.317620000000001262e-03 1.302824070548019969e-14
1.000000000000000048e-04 8.709620000000001250e-03 1.259016244646140093e-14
1.000000000000000048e-04 9.120090000000000835e-03 1.204507591829843770e-14
1.000000000000000048e-04 9.549900000000000055e-03 1.138808745042066766e-14
1.000000000000000048e-04 9.999980000000000327e-03 1.058713992305521521e-14
1.000000000000000048e-04 1.047130000000000109e-02 9.816815718530697673e-15
1.000000000000000048e-04 1.096480000000000024e-02 9.486239499880736251e-15
1.000000000000000048e-04 1.148150000000000039e-02 9.440852815805083682e-15
1.000000000000000048e-04 1.202260000000000134e-02 9.408281527192333233e-15
1.000000000000000048e-04 1.258920000000000004e-02 9.366399877887929183e-15
1.000000000000000048e-04 1.318250000000000151e-02 9.334482786358129425e-15
1.000000000000000048e-04 1.380380000000000149e-02 9.318590147853594475e-15
1.000000000000000048e-04 1.445440000000000093e-02 9.167248546189371386e-15
1.000000000000000048e-04 1.513560000000000079e-02 8.946181239847324184e-15
1.000000000000000048e-04 1.584890000000000257e-02 8.763313688137750388e-15
1.000000000000000048e-04 1.659580000000000083e-02 8.721413158671581187e-15
1.000000000000000048e-04 1.737800000000000109e-02 8.681106068292676513e-15
1.000000000000000048e-04 1.819700000000000137e-02 8.642687571241929431e-15
1.000000000000000048e-04 1.905460000000000140e-02 8.609747149872533142e-15
1.000000000000000048e-04 1.995260000000000089e-02 8.474218709462508152e-15
1.000000000000000048e-04 2.089290000000000244e-02 8.481811421552734843e-15
1.000000000000000048e-04 2.187760000000000052e-02 8.743447060763308368e-15
1.000000000000000048e-04 2.290860000000000118e-02 9.090496661091281294e-15
1.000000000000000048e-04 2.398830000000000059e-02 9.432778049810702343e-15
1.000000000000000048e-04 2.511880000000000016e-02 9.768903811802768783e-15
1.000000000000000048e-04 2.630260000000000237e-02 1.009861544476280218e-14
1.000000000000000048e-04 2.754220000000000279e-02 1.042427404410538691e-14
1.000000000000000048e-04 2.900000000000000147e-02 1.077440516507936963e-14
1.000000000000000048e-04 3.000000000000000236e-02 1.099368018344752012e-14
1.000000000000000048e-04 3.100000000000000325e-02 1.119714343887877042e-14
1.000000000000000048e-04 3.200000000000000067e-02 1.120901437939401074e-14
1.000000000000000048e-04 3.300000000000000155e-02 1.100122926184385353e-14
1.000000000000000048e-04 3.400000000000000244e-02 1.083816724925822587e-14
1.000000000000000048e-04 3.500000000000000333e-02 1.081648824865892807e-14
1.000000000000000048e-04 3.600000000000000422e-02 1.078690648772447296e-14
1.000000000000000048e-04 3.700000000000000511e-02 1.075006769953775944e-14
1.000000000000000048e-04 3.799999999999999906e-02 1.070777845128951947e-14
1.000000000000000048e-04 3.899999999999999994e-02 1.065829474419487181e-14
1.000000000000000048e-04 4.000000000000000083e-02 1.060142279153943809e-14
1.000000000000000048e-04 4.250000000000000305e-02 1.042934597777128383e-14
1.000000000000000048e-04 4.500000000000000527e-02 1.022133032651844435e-14
1.000000000000000048e-04 4.750000000000000056e-02 9.977122857918905431e-15
1.000000000000000048e-04 5.000000000000000278e-02 9.517223845546103712e-15
1.000000000000000048e-04 5.250000000000000500e-02 9.307706125393112110e-15
1.000000000000000048e-04 5.500000000000000028e-02 9.349638372238233177e-15
1.000000000000000048e-04 5.708800000000000680e-02 9.398714334662714673e-15
1.000000000000000048e-04 6.405380000000000795e-02 9.504956524528526600e-15
1.000000000000000048e-04 7.186960000000000570e-02 9.538686425586674519e-15
1.000000000000000048e-04 8.063900000000000234e-02 9.483908767705043628e-15
1.000000000000000048e-04 9.047849600000000547e-02 9.319016371500017805e-15
1.000000000000000048e-04 1.015180000000000110e-01 9.021985605328622591e-15
1.000000000000000048e-04 1.139060000000000072e-01 8.564846396257558852e-15
1.000000000000000048e-04 1.278040000000000009e-01 7.921092171934947906e-15
1.000000000000000048e-04 1.433990080000000222e-01 6.965191113119631388e-15
1.000000000000000048e-04 1.608960000000000112e-01 7.008556305867406515e-15
1.000000000000000048e-04 1.805289919999999992e-01 6.616691930009181837e-15
1.000000000000000048e-04 2.025569920000000190e-01 6.218553166466574727e-15
1.000000000000000048e-04 2.272720000000000018e-01 5.827106257317610252e-15
1.000000000000000048e-04 2.550040000000000084e-01 5.406910350385665488e-15
1.000000000000000048e-04 2.861190080000000080e-01 4.891781248047532730e-15
1.000000000000000048e-04 3.210310080000000066e-01 4.709358310238599636e-15
1.000000000000000048e-04 3.602030080000000467e-01 4.456651671943679951e-15
1.000000000000000048e-04 4.041539840000000217e-01 4.068842017219125382e-15
1.000000000000000048e-04 4.534689920000000152e-01 3.725470287867028301e-15
1.000000000000000048e-04 5.088009920000000630e-01 3.554143750512070833e-15
1.000000000000000048e-04 5.708839680000000749e-01 3.351372840016024276e-15
1.000000000000000048e-04 6.405429759999999861e-01 3.110667797942148767e-15
1.000000000000000048e-04 7.187009920000000385e-01 2.820509340631665256e-15
1.000000000000000048e-04 8.063960320000000959e-01 2.586981099352674824e-15
1.000000000000000048e-04 9.047920000000000407e-01 2.488693965153307911e-15
1.000000000000000048e-04 1.015190020000000137e+00 2.557996235746648998e-15
1.000000000000000048e-04 1.139069950000000109e+00 2.585928861435786804e-15
1.000000000000000048e-04 1.278050050000000049e+00 2.474920605838580324e-15
1.000000000000000048e-04 1.434000000000000163e+00 2.458239861346695523e-15
1.000000000000000048e-04 1.608979970000000037e+00 2.125449897529646846e-15
1.000000000000000048e-04 1.680000000000000160e+00 2.019678987519463465e-15
1.000000000000000048e-04 1.700000000000000178e+00 2.006638079941259596e-15
1.000000000000000048e-04 1.800000000000000044e+00 1.943108267829410614e-15
1.000000000000000048e-04 1.900000000000000133e+00 1.889575928210512595e-15
1.000000000000000048e-04 2.000000000000000000e+00 1.853166247590313511e-15
1.000000000000000048e-04 2.100000000000000089e+00 1.808801820608120836e-15
1.000000000000000048e-04 2.200000000000000178e+00 1.759510518269016492e-15
1.000000000000000048e-04 2.300000000000000266e+00 1.708799280867756472e-15
1.000000000000000048e-04 2.400000000000000355e+00 1.649907137948986441e-15
1.000000000000000048e-04 2.500000000000000000e+00 1.567058335358751626e-15
1.000000000000000048e-04 2.600000000000000089e+00 1.512208237329054725e-15
1.000000000000000048e-04 2.750000130000000098e+00 1.464443911881031210e-15
1.000000000000000048e-04 3.000000000000000000e+00 1.389495344111849558e-15
1.000000000000000048e-04 3.249999870000000346e+00 1.337761814916732909e-15
1.000000000000000048e-04 3.500000000000000000e+00 1.284816287789887961e-15
1.000000000000000048e-04 3.750000130000000098e+00 1.230057696178526968e-15
1.000000000000000048e-04 4.000000000000000000e+00 1.178565941880643294e-15
1.000000000000000048e-04 4.249999869999999902e+00 1.128369689266626870e-15
1.000000000000000048e-04 4.499999740000000692e+00 1.066782527693627970e-15
1.000000000000000048e-04 4.750000130000000098e+00 1.033334844791706095e-15
1.000000000000000048e-04 5.000000000000000000e+00 1.001210140079202549e-15
1.000000000000000048e-04 5.249999869999999902e+00 9.701044515694568295e-16
1.000000000000000048e-04 5.500000260000000196e+00 9.401217717595408945e-16
1.000000000000000048e-04 5.750000130000000098e+00 9.109495122849198652e-16
1.000000000000000048e-04 6.000000000000000000e+00 8.815771232759943322e-16
1.000000000000000048e-04 6.249999870000000790e+00 8.468196093515638240e-16
1.000000000000000048e-04 6.499999740000000692e+00 8.235332332566054700e-16
1.000000000000000048e-04 6.750000130000000098e+00 8.012748509101101245e-16
1.000000000000000048e-04 7.000000000000000000e+00 7.798090227023888944e-16
1.000000000000000048e-04 7.249999870000000790e+00 7.592398339939430251e-16
1.000000000000000048e-04 7.500000260000000196e+00 7.393770325309965517e-16
1.000000000000000048e-04 7.750000130000000098e+00 7.202698982140051898e-16
1.000000000000000048e-04 8.000000000000000000e+00 7.018055937657796473e-16
1.000000000000000048e-04 8.249999869999999902e+00 6.839708045037798686e-16
1.000000000000000048e-04 8.499999739999999804e+00 6.666563744202408098e-16
1.000000000000000048e-04 8.750000130000000098e+00 6.490561172470639274e-16
1.000000000000000048e-04 8.999999490000000435e+00 6.265737238110463593e-16
1.000000000000000048e-04 9.249999869999999902e+00 6.148482821503345792e-16
1.000000000000000048e-04 9.500000260000000196e+00 6.033737175862772262e-16
1.000000000000000048e-04 9.749999620000000533e+00 5.922108711381829641e-16
1.000000000000000048e-04 1.000000000000000000e+01 5.815176702172497849e-16
1.000000000000000048e-04 1.025000040000000112e+01 5.710420311534557858e-16
1.000000000000000048e-04 1.049999970000000005e+01 5.607985524323125055e-16
1.000000000000000048e-04 1.075000010000000117e+01 5.508804741617021710e-16
1.000000000000000048e-04 1.100000050000000051e+01 5.412348586484278808e-16
1.000000000000000048e-04 1.124999990000000061e+01 5.317802495281152290e-16
1.000000000000000048e-04 1.150000029999999995e+01 5.226481979641505235e-16
1.000000000000000048e-04 1.174999960000000065e+01 5.137534845734733409e-16
1.000000000000000048e-04 1.200000000000000000e+01 5.050758036144247686e-16
1.000000000000000048e-04 1.225000040000000112e+01 4.965692810886250243e-16
1.000000000000000048e-04 1.249999970000000005e+01 4.882563168902223949e-16
1.000000000000000048e-04 1.275000010000000117e+01 4.802278339572002442e-16
1.000000000000000048e-04 1.299999950000000126e+01 4.723537707574732001e-16
1.000000000000000048e-04 1.324999990000000061e+01 4.646167177305570672e-16
1.000000000000000048e-04 1.350000029999999995e+01 4.570225821663391589e-16
1.000000000000000048e-04 1.374999960000000065e+01 4.486204846102254953e-16
1.000000000000000048e-04 1.400000000000000000e+01 4.433255746687229465e-16
1.000000000000000048e-04 1.425000040000000112e+01 4.379698364914355887e-16
1.000000000000000048e-04 1.449999970000000005e+01 4.328599034457456817e-16
1.000000000000000048e-04 1.475000010000000117e+01 4.277777727608276168e-16
1.000000000000000048e-04 1.500000050000000051e+01 4.227514190789446016e-16
1.000000000000000048e-04 1.524999990000000061e+01 4.178485877069848087e-16
1.000000000000000048e-04 1.550000030000000173e+01 4.130012473659805963e-16
1.000000000000000048e-04 1.574999960000000065e+01 4.082662501588596361e-16
1.000000000000000048e-04 1.600000000000000000e+01 4.036085450962808982e-16
1.000000000000000048e-04 1.625000040000000112e+01 3.990473272891006834e-16
1.000000000000000048e-04 1.649999970000000005e+01 3.944997869158965114e-16
1.000000000000000048e-04 1.675000010000000117e+01 3.900639385651817254e-16
1.000000000000000048e-04 1.699999950000000126e+01 3.857149937521561524e-16
1.000000000000000048e-04 1.725000089999999986e+01 3.813592667341024730e-16
1.000000000000000048e-04 1.750000029999999995e+01 3.771858613903446435e-16
1.000000000000000048e-04 1.774999960000000243e+01 3.730014132465699623e-16
1.000000000000000048e-04 1.799999900000000252e+01 3.689040069557712782e-16
1.000000000000000048e-04 1.825000040000000112e+01 3.648760200011430116e-16
1.000000000000000048e-04 1.849999970000000005e+01 3.607412524275435616e-16
1.000000000000000048e-04 1.874999910000000014e+01 3.569290428825303267e-16
1.000000000000000048e-04 1.900000050000000229e+01 3.530529858486758326e-16
1.000000000000000048e-04 1.924999990000000238e+01 3.493180507805231685e-16
1.000000000000000048e-04 1.949999920000000131e+01 3.454914411230633131e-16
1.000000000000000048e-04 1.975000059999999991e+01 3.418858993447955204e-16
1.000000000000000048e-04 2.000000000000000000e+01 3.381880672974329755e-16
4.000000000000000083e-03 0.000000000000000000e+00 2.113215991112108951e-14
4.000000000000000083e-03 1.258929999999999956e-04 2.113215991112108951e-14
4.000000000000000083e-03 1.412539999999999998e-04 2.113215991112108951e-14
4.000000000000000083e-03 1.584890000000000203e-04 2.113215991112108951e-14
4.000000000000000083e-03 1.778280000000000193e-04 2.113215991112108951e-14
4.000000000000000083e-03 1.995270000000000160e-04 2.113215991112108951e-14
4.000000000000000083e-03 2.238730000000000028e-04 2.113215991112108951e-14
4.000000000000000083e-03 2.511890000000000238e-04 2.113215991112108951e-14
4.000000000000000083e-03 2.818390000000000370e-04 2.113215991112108951e-14
4.000000000000000083e-03 3.162290000000000110e-04 2.113215991112108951e-14
4.000000000000000083e-03 3.548150000000000240e-04 2.113215991112108951e-14
4.000000000000000083e-03 3.981090000000000063e-04 2.113215991112108951e-14
4.000000000000000083e-03 4.466860000000000123e-04 2.113215991112108951e-14
4.000000000000000083e-03 5.011899999999999905e-04 2.113215991112108951e-14
4.000000000000000083e-03 5.623439999999999949e-04 2.113215991112108951e-14
4.000000000000000083e-03 6.309610000000000869e-04 2.113215991112108951e-14
4.000000000000000083e-03 7.079500000000000506e-04 2.113215991112108951e-14
4.000000000000000083e-03 7.943340000000000557e-04 2.113215991112108951e-14
4.000000000000000083e-03 8.912570000000000084e-04 2.113215991112108951e-14
4.000000000000000083e-03 1.000000000000000021e-03 2.113215991112108951e-14
4.000000000000000083e-03 1.047130000000000066e-03 2.113215991112108951e-14
4.000000000000000083e-03 1.096480000000000154e-03 2.113215991112108951e-14
4.000000000000000083e-03 1.148150000000000125e-03 2.113215991112108951e-14
4.000000000000000083e-03 1.202260000000000134e-03 2.113215991112108951e-14
4.000000000000000083e-03 1.258930000000000118e-03 2.113215991112108951e-14
4.000000000000000083e-03 1.318260000000000135e-03 2.113215991112108951e-14
4.000000000000000083e-03 1.380380000000000062e-03 2.113215991112108951e-14
4.000000000000000083e-03 1.445440000000000093e-03 2.113215991112108951e-14
4.000000000000000083e-03 1.513560000000000166e-03 2.113215991112108951e-14
4.000000000000000083e-03 1.584890000000000040e-03 2.113215991112108951e-14
4.000000000000000083e-03 1.659590000000000067e-03 2.113215991112108951e-14
4.000000000000000083e-03 1.737800000000000065e-03 2.113215991112108951e-14
4.000000000000000083e-03 1.819700000000000050e-03 2.113215991112108951e-14
4.000000000000000083e-03 1.905460000000000096e-03 2.113215991112108951e-14
4.000000000000000083e-03 1.995260000000000002e-03 2.113215991112108951e-14
4.000000000000000083e-03 2.089290000000000157e-03 2.113215991112108951e-14
4.000000000000000083e-03 2.187759999999999965e-03 2.113215991112108951e-14
4.000000000000000083e-03 2.290869999999999972e-03 2.113215991112108951e-14
4.000000000000000083e-03 2.398830000000000233e-03 2.113215991112108951e-14
4.000000000000000083e-03 2.511880000000000189e-03 2.947305196152022883e-14
4.000000000000000083e-03 2.630270000000000091e-03 3.248123489545570617e-14
4.000000000000000083e-03 2.754230000000000306e-03 4.159322103653189298e-14
4.000000000000000083e-03 2.884030000000000100e-03 5.904031236380850121e-14
4.000000000000000083e-03 3.019949999999999978e-03 8.160942714658445575e-14
4.000000000000000083e-03 3.162270000000000011e-03 1.226065874113099903e-13
4.000000000000000083e-03 3.311310000000000035e-03 1.378647424312267847e-13
4.000000000000000083e-03 3.467360000000000060e-03 1.393415364132265630e-13
4.000000000000000083e-03 3.630780000000000118e-03 1.206236777958560523e-13
4.000000000000000083e-03 3.801890000000000044e-03 1.044043044802787362e-13
4.000000000000000083e-03 3.981070000000000615e-03 1.378158890239515984e-13
4.000000000000000083e-03 4.168690000000000069e-03 1.525654353800085560e-13
4.000000000000000083e-03 4.365149999999999933e-03 1.370764695492889282e-13
4.000000000000000083e-03 4.570880000000000255e-03 1.040481885259150559e-13
4.000000000000000083e-03 4.786290000000000336e-03 7.768243867737700555e-14
4.000000000000000083e-03 5.011859999999999926e-03 6.359061163191331173e-14
4.000000000000000083e-03 5.248070000000000512e-03 5.504089450619225328e-14
4.000000000000000083e-03 5.495400000000000111e-03 6.233392776153308883e-14
4.000000000000000083e-03 5.754390000000000720e-03 7.158868430242652465e-14
4.000000000000000083e-03 6.025590000000000807e-03 7.977614448340440993e-14
4.000000000000000083e-03 6.309560000000000515e-03 8.645764261599524031e-14
4.000000000000000083e-03 6.606920000000000501e-03 8.770004588125112631e-14
4.000000000000000083e-03 6.918300000000000491e-03 7.965344088171828330e-14
4.000000000000000083e-03 7.244350000000000095e-03 7.921519166395401084e-14
4.000000000000000083e-03 7.585760000000000419e-03 7.822799402130201472e-14
4.000000000000000083e-03 7.943270000000000539e-03 7.683573725842210596e-14
4.000000000000000083e-03 8.317620000000001262e-03 7.491802392833353941e-14
4.000000000000000083e-03 8.709620000000001250e-03 7.247495860311142169e-14
4.000000000000000083e-03 9.120090000000000835e-03 6.932582302123181333e-14
4.000000000000000083e-03 9.549900000000000055e-03 6.549374658449517984e-14
4.000000000000000083e-03 9.999980000000000327e-03 5.837158009953775055e-14
4.000000000000000083e-03 1.047130000000000109e-02 4.957421399928803316e-14
4.000000000000000083e-03 1.096480000000000024e-02 4.667492123408904209e-14
4.000000000000000083e-03 1.148150000000000039e-02 4.382064667610612580e-14
4.000000000000000083e-03 1.202260000000000134e-02 4.091138676463567065e-14
4.000000000000000083e-03 1.258920000000000004e-02 3.784484751179211456e-14
4.000000000000000083e-03 1.318250000000000151e-02 3.468167522369390274e-14
4.000000000000000083e-03 1.380380000000000149e-02 3.143125798856057560e-14
4.000000000000000083e-03 1.445440000000000093e-02 2.753678569822895669e-14
4.000000000000000083e-03 1.513560000000000079e-02 2.462252723634622612e-14
4.000000000000000083e-03 1.584890000000000257e-02 2.473701987047822544e-14
4.000000000000000083e-03 1.659580000000000083e-02 2.527055747445712548e-14
4.000000000000000083e-03 1.737800000000000109e-02 2.579499825033987361e-14
4.000000000000000083e-03 1.819700000000000137e-02 2.616800695370858455e-14
4.000000000000000083e-03 1.905460000000000140e-02 2.644283284042319239e-14
4.000000000000000083e-03 1.995260000000000089e-02 2.660981583383000147e-14
4.000000000000000083e-03 2.089290000000000244e-02 2.556041031556931764e-14
4.000000000000000083e-03 2.187760000000000052e-02 2.513901419837940347e-14
4.000000000000000083e-03 2.290860000000000118e-02 2.525855263789560282e-14
4.000000000000000083e-03 2.398830000000000059e-02 2.531109671153074163e-14
4.000000000000000083e-03 2.511880000000000016e-02 2.528376673301536957e-14
4.000000000000000083e-03 2.630260000000000237e-02 2.517417670575460519e-14
4.000000000000000083e-03 2.754220000000000279e-02 2.496668431163197223e-14
4.000000000000000083e-03 2.900000000000000147e-02 2.460793262103987823e-14
4.000000000000000083e-03 3.000000000000000236e-02 2.429404127022089644e-14
4.000000000000000083e-03 3.100000000000000325e-02 2.392642998350549055e-14
4.000000000000000083e-03 3.200000000000000067e-02 2.351112798938820944e-14
4.000000000000000083e-03 3.300000000000000155e-02 2.305147934593196159e-14
4.000000000000000083e-03 3.400000000000000244e-02 2.218811834826545345e-14
4.000000000000000083e-03 3.500000000000000333e-02 2.149607821776112040e-14
4.000000000000000083e-03 3.600000000000000422e-02 2.109417386770847213e-14
4.000000000000000083e-03 3.700000000000000511e-02 2.085814818765159210e-14
4.000000000000000083e-03 3.799999999999999906e-02 2.061013309291377108e-14
4.000000000000000083e-03 3.899999999999999994e-02 2.035224401938674232e-14
4.000000000000000083e-03 4.000000000000000083e-02 2.011722507149284966e-14
4.000000000000000083e-03 4.250000000000000305e-02 1.940591590774748139e-14
4.000000000000000083e-03 4.500000000000000527e-02 1.863545390836756872e-14
4.000000000000000083e-03 4.750000000000000056e-02 1.781815733902890324e-14
4.000000000000000083e-03 5.000000000000000278e-02 1.695764384508809848e-14
4.000000000000000083e-03 5.250000000000000500e-02 1.605299386024693146e-14
4.000000000000000083e-03 5.500000000000000028e-02 1.499157191400402801e-14
4.000000000000000083e-03 5.708800000000000680e-02 1.447983390427238560e-14
4.000000000000000083e-03 6.405380000000000795e-02 1.365840541463846766e-14
4.000000000000000083e-03 7.186960000000000570e-02 1.255620077560063302e-14
4.000000000000000083e-03 8.063900000000000234e-02 1.180460338816938392e-14
4.000000000000000083e-03 9.047849600000000547e-02 1.128936643078187369e-14
4.000000000000000083e-03 1.015180000000000110e-01 1.051231578434694107e-14
4.000000000000000083e-03 1.139060000000000072e-01 1.055420923809042897e-14
4.000000000000000083e-03 1.278040000000000009e-01 1.019677075889685621e-14
4.000000000000000083e-03 1.433990080000000222e-01 9.644918482055135719e-15
4.000000000000000083e-03 1.608960000000000112e-01 8.882725427327445664e-15
4.000000000000000083e-03 1.805289919999999992e-01 8.053743590288474538e-15
4.000000000000000083e-03 2.025569920000000190e-01 7.934859726523728000e-15
4.000000000000000083e-03 2.272720000000000018e-01 7.834135617331712632e-15
4.000000000000000083e-03 2.550040000000000084e-01 7.533006471750675179e-15
4.000000000000000083e-03 2.861190080000000080e-01 7.000227260652356668e-15
4.000000000000000083e-03 3.210310080000000066e-01 6.195519830022484285e-15
4.000000000000000083e-03 3.602030080000000467e-01 5.447015920881443054e-15
4.000000000000000083e-03 4.041539840000000217e-01 5.028991839356385902e-15
4.000000000000000083e-03 4.534689920000000152e-01 4.733538410967452200e-15
4.000000000000000083e-03 5.088009920000000630e-01 4.374233365449718035e-15
4.000000000000000083e-03 5.708839680000000749e-01 4.095259505375778921e-15
4.000000000000000083e-03 6.405429759999999861e-01 3.879502754320698786e-15
4.000000000000000083e-03 7.187009920000000385e-01 3.678097099260412215e-15
4.000000000000000083e-03 8.063960320000000959e-01 3.459353518578889023e-15
4.000000000000000083e-03 9.047920000000000407e-01 3.153965813222150702e-15
4.000000000000000083e-03 1.015190020000000137e+00 2.893020175265094528e-15
4.000000000000000083e-03 1.139069950000000109e+00 3.004435571645800876e-15
4.000000000000000083e-03 1.278050050000000049e+00 3.860005873075782215e-15
4.000000000000000083e-03 1.434000000000000163e+00 2.420544573373855194e-15
4.000000000000000083e-03 1.608979970000000037e+00 2.077024696887254182e-15
4.000000000000000083e-03 1.680000000000000160e+00 2.023223355938372880e-15
4.000000000000000083e-03 1.700000000000000178e+00 2.008890101322204016e-15
4.000000000000000083e-03 1.800000000000000044e+00 1.938917783119949973e-15
4.000000000000000083e-03 1.900000000000000133e+00 1.872077225651604973e-15
4.000000000000000083e-03 2.000000000000000000e+00 1.776885721673203906e-15
4.000000000000000083e-03 2.100000000000000089e+00 1.696260805593452298e-15
4.000000000000000083e-03 2.200000000000000178e+00 1.627196716561984720e-15
4.000000000000000083e-03 2.300000000000000266e+00 1.589202487804763014e-15
4.000000000000000083e-03 2.400000000000000355e+00 1.559056050652970598e-15
4.000000000000000083e-03 2.500000000000000000e+00 1.541068489079048565e-15
4.000000000000000083e-03 2.600000000000000089e+00 1.544005770793468829e-15
4.000000000000000083e-03 2.750000130000000098e+00 1.509383134915326345e-15
4.000000000000000083e-03 3.000000000000000000e+00 1.422297576299539183e-15
4.000000000000000083e-03 3.249999870000000346e+00 1.243537066713803890e-15
4.000000000000000083e-03 3.500000000000000000e+00 1.149951792279255570e-15
4.000000000000000083e-03 3.750000130000000098e+00 1.096187205538648505e-15
4.000000000000000083e-03 4.000000000000000000e+00 1.042832765277073511e-15
4.000000000000000083e-03 4.249999869999999902e+00 9.874597195221874696e-16
4.000000000000000083e-03 4.499999740000000692e+00 9.411813893173627534e-16
4.000000000000000083e-03 4.750000130000000098e+00 9.093368642457743023e-16
4.000000000000000083e-03 5.000000000000000000e+00 8.793424531646361767e-16
4.000000000000000083e-03 5.249999869999999902e+00 8.508905662409876628e-16
4.000000000000000083e-03 5.500000260000000196e+00 8.238448699893650730e-16
4.000000000000000083e-03 5.750000130000000098e+00 7.983966050650994017e-16
4.000000000000000083e-03 6.000000000000000000e+00 7.840116926466798940e-16
4.000000000000000083e-03 6.249999870000000790e+00 7.686492872163958335e-16
4.000000000000000083e-03 6.499999740000000692e+00 7.516511310947858875e-16
4.000000000000000083e-03 6.750000130000000098e+00 7.349809405143404577e-16
4.000000000000000083e-03 7.000000000000000000e+00 7.184798056034232019e-16
4.000000000000000083e-03 7.249999870000000790e+00 7.021198810275461352e-16
4.000000000000000083e-03 7.500000260000000196e+00 6.859966039614834763e-16
4.000000000000000083e-03 7.750000130000000098e+00 6.700846766675516505e-16
4.000000000000000083e-03 8.000000000000000000e+00 6.542324166202993373e-16
4.000000000000000083e-03 8.249999869999999902e+00 6.381595537071122768e-16
4.000000000000000083e-03 8.499999739999999804e+00 6.157224559931715667e-16
4.000000000000000083e-03 8.750000130000000098e+00 6.004488994037764878e-16
4.000000000000000083e-03 8.999999490000000435e+00 5.885565931760136279e-16
4.000000000000000083e-03 9.249999869999999902e+00 5.769438147394471974e-16
4.000000000000000083e-03 9.500000260000000196e+00 5.655289579864382894e-16
4.000000000000000083e-03 9.749999620000000533e+00 5.544413822560183777e-16
4.000000000000000083e-03 1.000000000000000000e+01 5.435905423587368285e-16
4.000000000000000083e-03 1.025000040000000112e+01 5.329821336570731175e-16
4.000000000000000083e-03 1.049999970000000005e+01 5.226497926044997736e-16
4.000000000000000083e-03 1.075000010000000117e+01 5.125377910594968414e-16
4.000000000000000083e-03 1.100000050000000051e+01 5.027583222598026175e-16
4.000000000000000083e-03 1.124999990000000061e+01 4.931425054394387193e-16
4.000000000000000083e-03 1.150000029999999995e+01 4.837779730306726615e-16
4.000000000000000083e-03 1.174999960000000065e+01 4.745654141337424481e-16
4.000000000000000083e-03 1.200000000000000000e+01 4.655895964378624047e-16
4.000000000000000083e-03 1.225000040000000112e+01 4.567971849103714595e-16
4.000000000000000083e-03 1.249999970000000005e+01 4.484906220473817894e-16
4.000000000000000083e-03 1.275000010000000117e+01 4.416538261156597876e-16
4.000000000000000083e-03 1.299999950000000126e+01 4.355465830305488666e-16
4.000000000000000083e-03 1.324999990000000061e+01 4.296439075297427210e-16
4.000000000000000083e-03 1.350000029999999995e+01 4.238623801819757295e-16
4.000000000000000083e-03 1.374999960000000065e+01 4.181361311330581085e-16
4.000000000000000083e-03 1.400000000000000000e+01 4.125173737781895257e-16
4.000000000000000083e-03 1.425000040000000112e+01 4.070918450024891396e-16
4.000000000000000083e-03 1.449999970000000005e+01 4.017171612957756421e-16
4.000000000000000083e-03 1.475000010000000117e+01 3.964552783503920060e-16
4.000000000000000083e-03 1.500000050000000051e+01 3.912624275405954017e-16
4.000000000000000083e-03 1.524999990000000061e+01 3.862270883514592351e-16
4.000000000000000083e-03 1.550000030000000173e+01 3.812560147447223769e-16
4.000000000000000083e-03 1.574999960000000065e+01 3.763372770484873403e-16
4.000000000000000083e-03 1.600000000000000000e+01 3.715333965655597688e-16
4.000000000000000083e-03 1.625000040000000112e+01 3.668413234012299697e-16
4.000000000000000083e-03 1.649999970000000005e+01 3.622010868601351490e-16
4.000000000000000083e-03 1.675000010000000117e+01 3.576484633075473283e-16
4.000000000000000083e-03 1.699999950000000126e+01 3.531894664396729505e-16
4.000000000000000083e-03 1.725000089999999986e+01 3.488380744602562075e-16
4.000000000000000083e-03 1.750000029999999995e+01 3.445145948833461209e-16
4.000000000000000083e-03 1.774999960000000243e+01 3.402870655097132930e-16
4.000000000000000083e-03 1.799999900000000252e+01 3.361401096132697223e-16
4.000000000000000083e-03 1.825000040000000112e+01 3.320424828206263661e-16
4.000000000000000083e-03 1.849999970000000005e+01 3.280942563064753365e-16
4.000000000000000083e-03 1.874999910000000014e+01 3.241924291002037103e-16
4.000000000000000083e-03 1.900000050000000229e+01 3.202627788354751934e-16
4.000000000000000083e-03 1.924999990000000238e+01 3.165394841415321840e-16
4.000000000000000083e-03 1.949999920000000131e+01 3.128276516475236511e-16
4.000000000000000083e-03 1.975000059999999991e+01 3.097092633175882043e-16
4.000000000000000083e-03 2.000000000000000000e+01 3.072543848002252775e-16
2.000000000000000042e-02 0.000000000000000000e+00 2.914161474646634862e-14
2.000000000000000042e-02 1.258929999999999956e-04 2.914161474646634862e-14
2.000000000000000042e-02 1.412539999999999998e-04 2.914161474646634862e-14
2.000000000000000042e-02 1.584890000000000203e-04 2.914161474646634862e-14
2.000000000000000042e-02 1.778280000000000193e-04 2.914161474646634862e-14
2.000000000000000042e-02 1.995270000000000160e-04 2.914161474646634862e-14
2.000000000000000042e-02 2.238730000000000028e-04 2.914161474646634862e-14
2.000000000000000042e-02 2.511890000000000238e-04 2.914161474646634862e-14
2.000000000000000042e-02 2.818390000000000370e-04 2.914161474646634862e-14
2.000000000000000042e-02 3.162290000000000110e-04 2.914161474646634862e-14
2.000000000000000042e-02 3.548150000000000240e-04 2.914161474646634862e-14
2.000000000000000042e-02 3.981090000000000063e-04 2.914161474646634862e-14
2.000000000000000042e-02 4.466860000000000123e-04 2.914161474646634862e-14
2.000000000000000042e-02 5.011899999999999905e-04 2.914161474646634862e-14
2.000000000000000042e-02 5.623439999999999949e-04 2.914161474646634862e-14
2.000000000000000042e-02 6.309610000000000869e-04 2.914161474646634862e-14
2.000000000000000042e-02 7.079500000000000506e-04 2.914161474646634862e-14
2.000000000000000042e-02 7.943340000000000557e-04 2.914161474646634862e-14
2.000000000000000042e-02 8.912570000000000084e-04 2.914161474646634862e-14
2.000000000000000042e-02 1.000000000000000021e-03 3.723193164839428351e-14
2.000000000000000042e-02 1.047130000000000066e-03 3.720702406275803062e-14
2.000000000000000042e-02 1.096480000000000154e-03 3.716187954337339837e-14
2.000000000000000042e-02 1.148150000000000125e-03 3.719920653345731652e-14
2.000000000000000042e-02 1.202260000000000134e-03 3.725419857320762090e-14
2.000000000000000042e-02 1.258930000000000118e-03 3.734967410454611565e-14
2.000000000000000042e-02 1.318260000000000135e-03 3.710154853792485704e-14
2.000000000000000042e-02 1.380380000000000062e-03 3.728614049739240014e-14
2.000000000000000042e-02 1.445440000000000093e-03 3.744297200356501145e-14
2.000000000000000042e-02 1.513560000000000166e-03 3.757140221123976383e-14
2.000000000000000042e-02 1.584890000000000040e-03 3.767141449316415392e-14
2.000000000000000042e-02 1.659590000000000067e-03 3.683489316632515172e-14
2.000000000000000042e-02 1.737800000000000065e-03 3.873944991655072662e-14
2.000000000000000042e-02 1.819700000000000050e-03 3.773214986556653231e-14
2.000000000000000042e-02 1.905460000000000096e-03 3.663605370766230962e-14
2.000000000000000042e-02 1.995260000000000002e-03 3.544323258153343219e-14
2.000000000000000042e-02 2.089290000000000157e-03 3.870395556110519680e-14
2.000000000000000042e-02 2.187759999999999965e-03 3.714425899584485820e-14
2.000000000000000042e-02 2.290869999999999972e-03 3.951366349498808286e-14
2.000000000000000042e-02 2.398830000000000233e-03 3.716879656253558497e-14
2.000000000000000042e-02 2.511880000000000189e-03 4.917298835655019001e-14
2.000000000000000042e-02 2.630270000000000091e-03 4.448640076085188094e-14
2.000000000000000042e-02 2.754230000000000306e-03 5.009876655730144292e-14
2.000000000000000042e-02 2.884030000000000100e-03 3.814425296464462366e-14
2.000000000000000042e-02 3.019949999999999978e-03 6.988468323389020016e-14
2.000000000000000042e-02 3.162270000000000011e-03 7.250680223272449989e-14
2.000000000000000042e-02 3.311310000000000035e-03 7.508848237534223437e-14
2.000000000000000042e-02 3.467360000000000060e-03 7.816500371765827586e-14
2.000000000000000042e-02 3.630780000000000118e-03 8.216232307908823313e-14
2.000000000000000042e-02 3.801890000000000044e-03 8.759374255095819350e-14
2.000000000000000042e-02 3.981070000000000615e-03 9.013692537965462050e-14
2.000000000000000042e-02 4.168690000000000069e-03 8.928129157229600669e-14
2.000000000000000042e-02 4.365149999999999933e-03 8.360945348460472663e-14
2.000000000000000042e-02 4.570880000000000255e-03 7.780898444217587879e-14
2.000000000000000042e-02 4.786290000000000336e-03 8.055311520162452550e-14
2.000000000000000042e-02 5.011859999999999926e-03 8.322829796810802548e-14
2.000000000000000042e-02 5.248070000000000512e-03 8.778091056290869370e-14
2.000000000000000042e-02 5.495400000000000111e-03 9.479114684649545016e-14
2.000000000000000042e-02 5.754390000000000720e-03 1.008613689591313869e-13
2.000000000000000042e-02 6.025590000000000807e-03 9.350111777445325064e-14
2.000000000000000042e-02 6.309560000000000515e-03 8.723723469258315354e-14
2.000000000000000042e-02 6.606920000000000501e-03 8.448808391227453304e-14
2.000000000000000042e-02 6.918300000000000491e-03 8.190816356068045000e-14
2.000000000000000042e-02 7.244350000000000095e-03 7.952877934443378821e-14
2.000000000000000042e-02 7.585760000000000419e-03 7.749155222681078005e-14
2.000000000000000042e-02 7.943270000000000539e-03 7.578657096599825557e-14
2.000000000000000042e-02 8.317620000000001262e-03 7.468789118727458441e-14
2.000000000000000042e-02 8.709620000000001250e-03 7.191216857732066612e-14
2.000000000000000042e-02 9.120090000000000835e-03 6.317262360306303166e-14
2.000000000000000042e-02 9.549900000000000055e-03 6.111168485588294814e-14
2.000000000000000042e-02 9.999980000000000327e-03 5.986071025698053543e-14
2.000000000000000042e-02 1.047130000000000109e-02 5.829595217476833263e-14
2.000000000000000042e-02 1.096480000000000024e-02 5.648198623486804178e-14
2.000000000000000042e-02 1.148150000000000039e-02 5.425157164759898688e-14
2.000000000000000042e-02 1.202260000000000134e-02 5.166529447300815916e-14
2.000000000000000042e-02 1.258920000000000004e-02 4.831224306171287710e-14
2.000000000000000042e-02 1.318250000000000151e-02 4.264793864026806637e-14
2.000000000000000042e-02 1.380380000000000149e-02 4.097734082942865016e-14
2.000000000000000042e-02 1.445440000000000093e-02 4.011851170158996815e-14
2.000000000000000042e-02 1.513560000000000079e-02 3.900468371631716845e-14
2.000000000000000042e-02 1.584890000000000257e-02 3.768178163519894009e-14
2.000000000000000042e-02 1.659580000000000083e-02 3.601533463201831304e-14
2.000000000000000042e-02 1.737800000000000109e-02 3.402060090077380835e-14
2.000000000000000042e-02 1.819700000000000137e-02 3.101046641077244141e-14
2.000000000000000042e-02 1.905460000000000140e-02 2.837944935446427214e-14
2.000000000000000042e-02 1.995260000000000089e-02 2.785131327909989349e-14
2.000000000000000042e-02 2.089290000000000244e-02 2.727577268383657036e-14
2.000000000000000042e-02 2.187760000000000052e-02 2.664518396674975392e-14
2.000000000000000042e-02 2.290860000000000118e-02 2.596761860116936792e-14
2.000000000000000042e-02 2.398830000000000059e-02 2.523386830662214126e-14
2.000000000000000042e-02 2.511880000000000016e-02 2.444647500084600571e-14
2.000000000000000042e-02 2.630260000000000237e-02 2.360042885021819439e-14
2.000000000000000042e-02 2.754220000000000279e-02 2.268845354838617504e-14
2.000000000000000042e-02 2.900000000000000147e-02 2.164318519362441417e-14
2.000000000000000042e-02 3.000000000000000236e-02 2.081220301153020506e-14
2.000000000000000042e-02 3.100000000000000325e-02 1.961828605666637030e-14
2.000000000000000042e-02 3.200000000000000067e-02 1.876322000639427736e-14
2.000000000000000042e-02 3.300000000000000155e-02 1.863670815768103865e-14
2.000000000000000042e-02 3.400000000000000244e-02 1.849587698552344713e-14
2.000000000000000042e-02 3.500000000000000333e-02 1.833905864198881271e-14
2.000000000000000042e-02 3.600000000000000422e-02 1.816781329908524545e-14
2.000000000000000042e-02 3.700000000000000511e-02 1.798215347342735914e-14
2.000000000000000042e-02 3.799999999999999906e-02 1.778566034012229978e-14
2.000000000000000042e-02 3.899999999999999994e-02 1.757518368151273099e-14
2.000000000000000042e-02 4.000000000000000083e-02 1.736611517249124477e-14
2.000000000000000042e-02 4.250000000000000305e-02 1.674928798283183397e-14
2.000000000000000042e-02 4.500000000000000527e-02 1.606643138429803605e-14
2.000000000000000042e-02 4.750000000000000056e-02 1.532284613948104943e-14
2.000000000000000042e-02 5.000000000000000278e-02 1.448262250953557686e-14
2.000000000000000042e-02 5.250000000000000500e-02 1.363424044454944088e-14
2.000000000000000042e-02 5.500000000000000028e-02 1.327657306127899255e-14
2.000000000000000042e-02 5.708800000000000680e-02 1.307156816930231392e-14
2.000000000000000042e-02 6.405380000000000795e-02 1.222062639342049280e-14
2.000000000000000042e-02 7.186960000000000570e-02 1.098591194221834778e-14
2.000000000000000042e-02 8.063900000000000234e-02 1.035653675600233678e-14
2.000000000000000042e-02 9.047849600000000547e-02 9.788953315687814169e-15
2.000000000000000042e-02 1.015180000000000110e-01 8.962965294144804408e-15
2.000000000000000042e-02 1.139060000000000072e-01 8.070283081330614384e-15
2.000000000000000042e-02 1.278040000000000009e-01 7.808246287115358619e-15
2.000000000000000042e-02 1.433990080000000222e-01 7.438921829383791814e-15
2.000000000000000042e-02 1.608960000000000112e-01 6.929800128193523408e-15
2.000000000000000042e-02 1.805289919999999992e-01 6.268340674657805045e-15
2.000000000000000042e-02 2.025569920000000190e-01 5.863613264585549878e-15
2.000000000000000042e-02 2.272720000000000018e-01 5.714066486748718476e-15
2.000000000000000042e-02 2.550040000000000084e-01 5.542873435326690425e-15
2.000000000000000042e-02 2.861190080000000080e-01 5.282198139642783335e-15
2.000000000000000042e-02 3.210310080000000066e-01 4.920667740930881859e-15
2.000000000000000042e-02 3.602030080000000467e-01 4.447905860812985145e-15
2.000000000000000042e-02 4.041539840000000217e-01 4.055677302673852871e-15
2.000000000000000042e-02 4.534689920000000152e-01 3.791906088701779136e-15
2.000000000000000042e-02 5.088009920000000630e-01 3.604614980603189775e-15
2.000000000000000042e-02 5.708839680000000749e-01 3.412441724093913155e-15
2.000000000000000042e-02 6.405429759999999861e-01 3.159291900674130317e-15
2.000000000000000042e-02 7.187009920000000385e-01 2.945330633673919258e-15
2.000000000000000042e-02 8.063960320000000959e-01 2.746929807223893835e-15
2.000000000000000042e-02 9.047920000000000407e-01 2.550862945125640754e-15
2.000000000000000042e-02 1.015190020000000137e+00 2.466549808895957461e-15
2.000000000000000042e-02 1.139069950000000109e+00 2.682111974144441054e-15
2.000000000000000042e-02 1.278050050000000049e+00 2.116517998460914911e-15
2.000000000000000042e-02 1.434000000000000163e+00 1.810690599430764020e-15
2.000000000000000042e-02 1.608979970000000037e+00 1.668820802069430470e-15
2.000000000000000042e-02 1.680000000000000160e+00 1.610371352611576415e-15
2.000000000000000042e-02 1.700000000000000178e+00 1.594058692725559542e-15
2.000000000000000042e-02 1.800000000000000044e+00 1.523664797756966230e-15
2.000000000000000042e-02 1.900000000000000133e+00 1.466773726816446590e-15
2.000000000000000042e-02 2.000000000000000000e+00 1.410898805274604382e-15
2.000000000000000042e-02 2.100000000000000089e+00 1.356835510865061708e-15
2.000000000000000042e-02 2.200000000000000178e+00 1.301905912470399606e-15
2.000000000000000042e-02 2.300000000000000266e+00 1.234002287828405869e-15
2.000000000000000042e-02 2.400000000000000355e+00 1.166380023773416772e-15
2.000000000000000042e-02 2.500000000000000000e+00 1.128698204634266244e-15
2.000000000000000042e-02 2.600000000000000089e+00 1.101603352610115103e-15
2.000000000000000042e-02 2.750000130000000098e+00 1.065496148209039977e-15
2.000000000000000042e-02 3.000000000000000000e+00 1.011188859588982344e-15
2.000000000000000042e-02 3.249999870000000346e+00 9.641759714716489663e-16
2.000000000000000042e-02 3.500000000000000000e+00 8.975632066108913896e-16
2.000000000000000042e-02 3.750000130000000098e+00 8.206944768732437122e-16
2.000000000000000042e-02 4.000000000000000000e+00 7.811559335796230040e-16
2.000000000000000042e-02 4.249999869999999902e+00 7.441544779368185673e-16
2.000000000000000042e-02 4.499999740000000692e+00 7.078382840191303440e-16
2.000000000000000042e-02 4.750000130000000098e+00 6.660297699396551378e-16
2.000000000000000042e-02 5.000000000000000000e+00 6.449888048833235010e-16
2.000000000000000042e-02 5.249999869999999902e+00 6.249205077679058540e-16
2.000000000000000042e-02 5.500000260000000196e+00 6.058364405111875360e-16
2.000000000000000042e-02 5.750000130000000098e+00 5.874538075212563652e-16
2.000000000000000042e-02 6.000000000000000000e+00 5.695222131440809961e-16
2.000000000000000042e-02 6.249999870000000790e+00 5.487250359550583682e-16
2.000000000000000042e-02 6.499999740000000692e+00 5.326970642334064630e-16
2.000000000000000042e-02 6.750000130000000098e+00 5.199379031663520954e-16
2.000000000000000042e-02 7.000000000000000000e+00 5.075467208300690590e-16
2.000000000000000042e-02 7.249999870000000790e+00 4.956664214126228665e-16
2.000000000000000042e-02 7.500000260000000196e+00 4.840902549581873119e-16
2.000000000000000042e-02 7.750000130000000098e+00 4.729218410677518957e-16
2.000000000000000042e-02 8.000000000000000000e+00 4.620249425172146796e-16
2.000000000000000042e-02 8.249999869999999902e+00 4.515862750357219763e-16
2.000000000000000042e-02 8.499999739999999804e+00 4.414636561048956049e-16
2.000000000000000042e-02 8.750000130000000098e+00 4.316817784754494563e-16
2.000000000000000042e-02 8.999999490000000435e+00 4.221870134274806367e-16
2.000000000000000042e-02 9.249999869999999902e+00 4.129581132761748422e-16
2.000000000000000042e-02 9.500000260000000196e+00 4.041069415747184513e-16
2.000000000000000042e-02 9.749999620000000533e+00 3.954437169519849789e-16
2.000000000000000042e-02 1.000000000000000000e+01 3.870558675023532478e-16
2.000000000000000042e-02 1.025000040000000112e+01 3.789991722309037153e-16
2.000000000000000042e-02 1.049999970000000005e+01 3.710770297351841758e-16
2.000000000000000042e-02 1.075000010000000117e+01 3.635054627535140525e-16
2.000000000000000042e-02 1.100000050000000051e+01 3.560551170334016457e-16
2.000000000000000042e-02 1.124999990000000061e+01 3.488958349471837113e-16
2.000000000000000042e-02 1.150000029999999995e+01 3.418789172638214480e-16
2.000000000000000042e-02 1.174999960000000065e+01 3.350729242739262653e-16
2.000000000000000042e-02 1.200000000000000000e+01 3.284073521084989618e-16
2.000000000000000042e-02 1.225000040000000112e+01 3.216058883156316540e-16
2.000000000000000042e-02 1.249999970000000005e+01 3.127929302773175090e-16
2.000000000000000042e-02 1.275000010000000117e+01 3.071863054689806113e-16
2.000000000000000042e-02 1.299999950000000126e+01 3.028803706304479577e-16
2.000000000000000042e-02 1.324999990000000061e+01 2.986622306920934072e-16
2.000000000000000042e-02 1.350000029999999995e+01 2.945065791120838540e-16
2.000000000000000042e-02 1.374999960000000065e+01 2.904611791133020262e-16
2.000000000000000042e-02 1.400000000000000000e+01 2.865006878069821108e-16
2.000000000000000042e-02 1.425000040000000112e+01 2.826044197237148686e-16
2.000000000000000042e-02 1.449999970000000005e+01 2.787930128319821428e-16
2.000000000000000042e-02 1.475000010000000117e+01 2.750857246628229811e-16
2.000000000000000042e-02 1.500000050000000051e+01 2.714129070196981681e-16
2.000000000000000042e-02 1.524999990000000061e+01 2.678268795799675353e-16
2.000000000000000042e-02 1.550000030000000173e+01 2.643446388427750468e-16
2.000000000000000042e-02 1.574999960000000065e+01 2.609285014307577197e-16
2.000000000000000042e-02 1.600000000000000000e+01 2.575586780277888478e-16
2.000000000000000042e-02 1.625000040000000112e+01 2.542647187973515754e-16
2.000000000000000042e-02 1.649999970000000005e+01 2.510606295754982349e-16
2.000000000000000042e-02 1.675000010000000117e+01 2.479095567498538736e-16
2.000000000000000042e-02 1.699999950000000126e+01 2.447770881973643677e-16
2.000000000000000042e-02 1.725000089999999986e+01 2.417796888231591705e-16
2.000000000000000042e-02 1.750000029999999995e+01 2.388141842358508186e-16
2.000000000000000042e-02 1.774999960000000243e+01 2.358734826925452082e-16
2.000000000000000042e-02 1.799999900000000252e+01 2.330279156907621988e-16
2.000000000000000042e-02 1.825000040000000112e+01 2.302915592257643354e-16
2.000000000000000042e-02 1.849999970000000005e+01 2.276717149229733006e-16
2.000000000000000042e-02 1.874999910000000014e+01 2.260546039143825440e-16
2.000000000000000042e-02 1.900000050000000229e+01 2.245348743186947886e-16
2.000000000000000042e-02 1.924999990000000238e+01 2.223735257999505726e-16
2.000000000000000042e-02 1.949999920000000131e+01 2.202761328182065045e-16
2.000000000000000042e-02 1.975000059999999991e+01 2.181698077742106029e-16
2.000000000000000042e-02 2.000000000000000000e+01 2.161604317699491605e-16
