4.000000000000000192e-04 0.000000000000000000e+00 6.114982992832108541e-15
4.000000000000000192e-04 1.258929999999999956e-04 6.114982992832108541e-15
4.000000000000000192e-04 1.412539999999999998e-04 6.114982992832108541e-15
4.000000000000000192e-04 1.584890000000000203e-04 6.114982992832108541e-15
4.000000000000000192e-04 1.778280000000000193e-04 6.114982992832108541e-15
4.000000000000000192e-04 1.995270000000000160e-04 6.114982992832108541e-15
4.000000000000000192e-04 2.238730000000000028e-04 6.114982992832108541e-15
4.000000000000000192e-04 2.511890000000000238e-04 6.114982992832108541e-15
4.000000000000000192e-04 2.818390000000000370e-04 6.114982992832108541e-15
4.000000000000000192e-04 3.162290000000000110e-04 6.114982992832108541e-15
4.000000000000000192e-04 3.548150000000000240e-04 6.114982992832108541e-15
4.000000000000000192e-04 3.981090000000000063e-04 6.114982992832108541e-15
4.000000000000000192e-04 4.466860000000000123e-04 6.114982992832108541e-15
4.000000000000000192e-04 5.011899999999999905e-04 6.114982992832108541e-15
4.000000000000000192e-04 5.623439999999999949e-04 6.114982992832108541e-15
4.000000000000000192e-04 6.309610000000000869e-04 6.114982992832108541e-15
4.000000000000000192e-04 7.079500000000000506e-04 6.114982992832108541e-15
4.000000000000000192e-04 7.943340000000000557e-04 6.114982992832108541e-15
4.000000000000000192e-04 8.912570000000000084e-04 6.114982992832108541e-15
4.000000000000000192e-04 1.000000000000000021e-03 6.114982992832108541e-15
4.000000000000000192e-04 1.047130000000000066e-03 6.114982992832108541e-15
4.000000000000000192e-04 1.096480000000000154e-03 6.114982992832108541e-15
4.000000000000000192e-04 1.148150000000000125e-03 6.114982992832108541e-15
4.000000000000000192e-04 1.202260000000000134e-03 6.114982992832108541e-15
4.000000000000000192e-04 1.258930000000000118e-03 6.114982992832108541e-15
4.000000000000000192e-04 1.318260000000000135e-03 6.114982992832108541e-15
4.000000000000000192e-04 1.380380000000000062e-03 6.114982992832108541e-15
4.000000000000000192e-04 1.445440000000000093e-03 6.114982992832108541e-15
4.000000000000000192e-04 1.513560000000000166e-03 6.203835694930642791e-15
4.000000000000000192e-04 1.584890000000000040e-03 5.951417274638279347e-15
4.000000000000000192e-04 1.659590000000000067e-03 5.706506697652179861e-15
4.000000000000000192e-04 1.737800000000000065e-03 5.470711926805465710e-15
4.000000000000000192e-04 1.819700000000000050e-03 5.245857501162275379e-15
4.000000000000000192e-04 1.905460000000000096e-03 6.063186654505603941e-15
4.000000000000000192e-04 1.995260000000000002e-03 5.595794091210956918e-15
4.000000000000000192e-04 2.089290000000000157e-03 6.670343207469098790e-15
4.000000000000000192e-04 2.187759999999999965e-03 5.871959181930649716e-15
4.000000000000000192e-04 2.290869999999999972e-03 6.348300419142335589e-15
4.000000000000000192e-04 2.398830000000000233e-03 5.500988000615336593e-15
4.000000000000000192e-04 2.511880000000000189e-03 5.219245363626680534e-15
4.000000000000000192e-04 2.630270000000000091e-03 6.128198689583109006e-15
4.000000000000000192e-04 2.754230000000000306e-03 9.630593479407924718e-15
4.000000000000000192e-04 2.884030000000000100e-03 1.500599969206429411e-14
4.000000000000000192e-04 3.019949999999999978e-03 2.601411387830681921e-14
4.000000000000000192e-04 3.162270000000000011e-03 5.188628524381872432e-14
4.000000000000000192e-04 3.311310000000000035e-03 6.264178705725470286e-14
4.000000000000000192e-04 3.467360000000000060e-03 7.216296035491618491e-14
4.000000000000000192e-04 3.630780000000000118e-03 8.006941717186559517e-14
4.000000000000000192e-04 3.801890000000000044e-03 8.168928605338247553e-14
4.000000000000000192e-04 3.981070000000000615e-03 7.764781909741972490e-14
4.000000000000000192e-04 4.168690000000000069e-03 7.583635839661580668e-14
4.000000000000000192e-04 4.365149999999999933e-03 5.581250179104266911e-14
4.000000000000000192e-04 4.570880000000000255e-03 4.497286941201670313e-14
4.000000000000000192e-04 4.786290000000000336e-03 3.476856725860005802e-14
4.000000000000000192e-04 5.011859999999999926e-03 2.574352941877549672e-14
4.000000000000000192e-04 5.248070000000000512e-03 1.849648301464063580e-14
4.000000000000000192e-04 5.495400000000000111e-03 1.335722927749914807e-14
4.000000000000000192e-04 5.754390000000000720e-03 1.285563281388563269e-14
4.000000000000000192e-04 6.025590000000000807e-03 1.221647062644563433e-14
4.000000000000000192e-04 6.309560000000000515e-03 1.141371624356541019e-14
4.000000000000000192e-04 6.606920000000000501e-03 1.037497799817742600e-14
4.000000000000000192e-04 6.918300000000000491e-03 8.889994758443577289e-15
4.000000000000000192e-04 7.244350000000000095e-03 8.867814137399474340e-15
4.000000000000000192e-04 7.585760000000000419e-03 8.815300743513617386e-15
4.000000000000000192e-04 7.943270000000000539e-03 8.725798830209256522e-15
4.000000000000000192e-04 8.317620000000001262e-03 8.601247106817104430e-15
4.000000000000000192e-04 8.709620000000001250e-03 8.436468833844458218e-15
4.000000000000000192e-04 9.120090000000000835e-03 8.213699183338355499e-15
4.000000000000000192e-04 9.549900000000000055e-03 7.940536081985700320e-15
4.000000000000000192e-04 9.999980000000000327e-03 7.580757990559160498e-15
4.000000000000000192e-04 1.047130000000000109e-02 7.806616893915205419e-15
4.000000000000000192e-04 1.096480000000000024e-02 8.516482026637225119e-15
4.000000000000000192e-04 1.148150000000000039e-02 9.527049001599607422e-15
4.000000000000000192e-04 1.202260000000000134e-02 1.043701802741311969e-14
4.000000000000000192e-04 1.258920000000000004e-02 1.123255689539887116e-14
4.000000000000000192e-04 1.318250000000000151e-02 1.186993920360875692e-14
4.000000000000000192e-04 1.380380000000000149e-02 1.233182674039355368e-14
4.000000000000000192e-04 1.445440000000000093e-02 1.259219732435215219e-14
4.000000000000000192e-04 1.513560000000000079e-02 1.216119388142809067e-14
4.000000000000000192e-04 1.584890000000000257e-02 1.188145413059266712e-14
4.000000000000000192e-04 1.659580000000000083e-02 1.188355061962121925e-14
4.000000000000000192e-04 1.737800000000000109e-02 1.183457110268652491e-14
4.000000000000000192e-04 1.819700000000000137e-02 1.174567774960584959e-14
4.000000000000000192e-04 1.905460000000000140e-02 1.157848209012224817e-14
4.000000000000000192e-04 1.995260000000000089e-02 1.134065928904436768e-14
4.000000000000000192e-04 2.089290000000000244e-02 1.061229329485407466e-14
4.000000000000000192e-04 2.187760000000000052e-02 1.045762480933568015e-14
4.000000000000000192e-04 2.290860000000000118e-02 1.058617657734828923e-14
4.000000000000000192e-04 2.398830000000000059e-02 1.067799428781348090e-14
4.000000000000000192e-04 2.511880000000000016e-02 1.072757650313368655e-14
4.000000000000000192e-04 2.630260000000000237e-02 1.073203998789091958e-14
4.000000000000000192e-04 2.754220000000000279e-02 1.068577073140769305e-14
4.000000000000000192e-04 2.900000000000000147e-02 1.056734804640835612e-14
4.000000000000000192e-04 3.000000000000000236e-02 1.044709041834853926e-14
4.000000000000000192e-04 3.100000000000000325e-02 1.029647526782411306e-14
4.000000000000000192e-04 3.200000000000000067e-02 1.011629198156027279e-14
4.000000000000000192e-04 3.300000000000000155e-02 9.755848016100733630e-15
4.000000000000000192e-04 3.400000000000000244e-02 9.648848402983034208e-15
4.000000000000000192e-04 3.500000000000000333e-02 9.502085731579490958e-15
4.000000000000000192e-04 3.600000000000000422e-02 9.469027746204092409e-15
4.000000000000000192e-04 3.700000000000000511e-02 9.425581815854603077e-15
4.000000000000000192e-04 3.799999999999999906e-02 9.371612529918255457e-15
4.000000000000000192e-04 3.899999999999999994e-02 9.308092252510062060e-15
4.000000000000000192e-04 4.000000000000000083e-02 9.234574899688756900e-15
4.000000000000000192e-04 4.250000000000000305e-02 9.008409847471869624e-15
4.000000000000000192e-04 4.500000000000000527e-02 8.725918963163468496e-15
4.000000000000000192e-04 4.750000000000000056e-02 8.389775150231640042e-15
4.000000000000000192e-04 5.000000000000000278e-02 7.922168976109574765e-15
4.000000000000000192e-04 5.250000000000000500e-02 7.603757965470418166e-15
4.000000000000000192e-04 5.500000000000000028e-02 7.416121402873693312e-15
4.000000000000000192e-04 5.708800000000000680e-02 7.361067985956549746e-15
4.000000000000000192e-04 6.405380000000000795e-02 7.042653695084315317e-15
4.000000000000000192e-04 7.186960000000000570e-02 6.809556238334453559e-15
4.000000000000000192e-04 8.063900000000000234e-02 6.721429132127875971e-15
4.000000000000000192e-04 9.047849600000000547e-02 6.442679298947460096e-15
4.000000000000000192e-04 1.015180000000000110e-01 6.049077889774164564e-15
4.000000000000000192e-04 1.139060000000000072e-01 7.317020686035075239e-15
4.000000000000000192e-04 1.278040000000000009e-01 6.930092090669603462e-15
4.000000000000000192e-04 1.433990080000000222e-01 6.389943964340228225e-15
4.000000000000000192e-04 1.608960000000000112e-01 5.863696158371337603e-15
4.000000000000000192e-04 1.805289919999999992e-01 5.672918437107358463e-15
4.000000000000000192e-04 2.025569920000000190e-01 5.537842824246782549e-15
4.000000000000000192e-04 2.272720000000000018e-01 5.309997265162708480e-15
4.000000000000000192e-04 2.550040000000000084e-01 4.972063113035580949e-15
4.000000000000000192e-04 2.861190080000000080e-01 4.545799891371996993e-15
4.000000000000000192e-04 3.210310080000000066e-01 4.207254614389856162e-15
4.000000000000000192e-04 3.602030080000000467e-01 3.987106640670635929e-15
4.000000000000000192e-04 4.041539840000000217e-01 3.668320258861309625e-15
4.000000000000000192e-04 4.534689920000000152e-01 3.324174580896433627e-15
4.000000000000000192e-04 5.088009920000000630e-01 3.074412990329116369e-15
4.000000000000000192e-04 5.708839680000000749e-01 2.973309040268098684e-15
4.000000000000000192e-04 6.405429759999999861e-01 2.855848510300150849e-15
4.000000000000000192e-04 7.187009920000000385e-01 2.702118374364995087e-15
4.000000000000000192e-04 8.063960320000000959e-01 2.546440720983646328e-15
4.000000000000000192e-04 9.047920000000000407e-01 2.385097539109222302e-15
4.000000000000000192e-04 1.015190020000000137e+00 2.484775776315759730e-15
4.000000000000000192e-04 1.139069950000000109e+00 2.777410687029282534e-15
4.000000000000000192e-04 1.278050050000000049e+00 2.396061668612425837e-15
4.000000000000000192e-04 1.434000000000000163e+00 2.319093016124986876e-15
4.000000000000000192e-04 1.608979970000000037e+00 2.222404527395497580e-15
4.000000000000000192e-04 1.680000000000000160e+00 2.234749571082326189e-15
4.000000000000000192e-04 1.700000000000000178e+00 2.271101473340863303e-15
4.000000000000000192e-04 1.800000000000000044e+00 2.275812161424758725e-15
4.000000000000000192e-04 1.900000000000000133e+00 2.252543952224286599e-15
4.000000000000000192e-04 2.000000000000000000e+00 2.183005806357553407e-15
4.000000000000000192e-04 2.100000000000000089e+00 2.041160782199125371e-15
4.000000000000000192e-04 2.200000000000000178e+00 1.903622458088658961e-15
4.000000000000000192e-04 2.300000000000000266e+00 1.852716214140406029e-15
4.000000000000000192e-04 2.400000000000000355e+00 1.802760645342534462e-15
4.000000000000000192e-04 2.500000000000000000e+00 1.753462173872067845e-15
4.000000000000000192e-04 2.600000000000000089e+00 1.702673205291435127e-15
4.000000000000000192e-04 2.750000130000000098e+00 1.602889067924316123e-15
4.000000000000000192e-04 3.000000000000000000e+00 1.518746189105030571e-15
4.000000000000000192e-04 3.249999870000000346e+00 1.456672675401214236e-15
4.000000000000000192e-04 3.500000000000000000e+00 1.380676957566393038e-15
4.000000000000000192e-04 3.750000130000000098e+00 1.315156130230872137e-15
4.000000000000000192e-04 4.000000000000000000e+00 1.271238839001900579e-15
4.000000000000000192e-04 4.249999869999999902e+00 1.227152054433602659e-15
4.000000000000000192e-04 4.499999740000000692e+00 1.183353109861035468e-15
4.000000000000000192e-04 4.750000130000000098e+00 1.136307548215055441e-15
4.000000000000000192e-04 5.000000000000000000e+00 1.091217018899429340e-15
4.000000000000000192e-04 5.249999869999999902e+00 1.057984069158144546e-15
4.000000000000000192e-04 5.500000260000000196e+00 1.025592399013624622e-15
4.000000000000000192e-04 5.750000130000000098e+00 9.945533558987438517e-16
4.000000000000000192e-04 6.000000000000000000e+00 9.642502006582367837e-16
4.000000000000000192e-04 6.249999870000000790e+00 9.346776664087454979e-16
4.000000000000000192e-04 6.499999740000000692e+00 9.058117342875918491e-16
4.000000000000000192e-04 6.750000130000000098e+00 8.673838432372105370e-16
4.000000000000000192e-04 7.000000000000000000e+00 8.424320484947760746e-16
4.000000000000000192e-04 7.249999870000000790e+00 8.252688684346529557e-16
4.000000000000000192e-04 7.500000260000000196e+00 8.084066853982188199e-16
4.000000000000000192e-04 7.750000130000000098e+00 7.917363081603397823e-16
4.000000000000000192e-04 8.000000000000000000e+00 7.753438720585133886e-16
4.000000000000000192e-04 8.249999869999999902e+00 7.591726816212735183e-16
4.000000000000000192e-04 8.499999739999999804e+00 7.431807027677140002e-16
4.000000000000000192e-04 8.750000130000000098e+00 7.274419508436810064e-16
4.000000000000000192e-04 8.999999490000000435e+00 7.119108981612207471e-16
4.000000000000000192e-04 9.249999869999999902e+00 6.964930115916905193e-16
4.000000000000000192e-04 9.500000260000000196e+00 6.813881494105270928e-16
4.000000000000000192e-04 9.749999620000000533e+00 6.665659042604771675e-16
4.000000000000000192e-04 1.000000000000000000e+01 6.521412448509824545e-16
4.000000000000000192e-04 1.025000040000000112e+01 6.413748611333668357e-16
4.000000000000000192e-04 1.049999970000000005e+01 6.316805947351927384e-16
4.000000000000000192e-04 1.075000010000000117e+01 6.221702293618415721e-16
4.000000000000000192e-04 1.100000050000000051e+01 6.128093337587209697e-16
4.000000000000000192e-04 1.124999990000000061e+01 6.036925204497040568e-16
4.000000000000000192e-04 1.150000029999999995e+01 5.946915978583309096e-16
4.000000000000000192e-04 1.174999960000000065e+01 5.859249822865389264e-16
4.000000000000000192e-04 1.200000000000000000e+01 5.773684493899950975e-16
4.000000000000000192e-04 1.225000040000000112e+01 5.689069684803734192e-16
4.000000000000000192e-04 1.249999970000000005e+01 5.606068285313414943e-16
4.000000000000000192e-04 1.275000010000000117e+01 5.524018195770544252e-16
4.000000000000000192e-04 1.299999950000000126e+01 5.443963700929850010e-16
4.000000000000000192e-04 1.324999990000000061e+01 5.365472103088954688e-16
4.000000000000000192e-04 1.350000029999999995e+01 5.288199071477573348e-16
4.000000000000000192e-04 1.374999960000000065e+01 5.212477930579537675e-16
4.000000000000000192e-04 1.400000000000000000e+01 5.137407217444021149e-16
4.000000000000000192e-04 1.425000040000000112e+01 5.064065387253778871e-16
4.000000000000000192e-04 1.449999970000000005e+01 4.991439878412705294e-16
4.000000000000000192e-04 1.475000010000000117e+01 4.919692978087320683e-16
4.000000000000000192e-04 1.500000050000000051e+01 4.848890652467664858e-16
4.000000000000000192e-04 1.524999990000000061e+01 4.775698596629972539e-16
4.000000000000000192e-04 1.550000030000000173e+01 4.665515807867099475e-16
4.000000000000000192e-04 1.574999960000000065e+01 4.617388540867784212e-16
4.000000000000000192e-04 1.600000000000000000e+01 4.570920916483926214e-16
4.000000000000000192e-04 1.625000040000000112e+01 4.524418711060714108e-16
4.000000000000000192e-04 1.649999970000000005e+01 4.478418238721030098e-16
4.000000000000000192e-04 1.675000010000000117e+01 4.434087527086223213e-16
4.000000000000000192e-04 1.699999950000000126e+01 4.389563592425523270e-16
4.000000000000000192e-04 1.725000089999999986e+01 4.345833531149354573e-16
4.000000000000000192e-04 1.750000029999999995e+01 4.303942821952267412e-16
4.000000000000000192e-04 1.774999960000000243e+01 4.260632375604535408e-16
4.000000000000000192e-04 1.799999900000000252e+01 4.219645806899730208e-16
4.000000000000000192e-04 1.825000040000000112e+01 4.178182966165457621e-16
4.000000000000000192e-04 1.849999970000000005e+01 4.137759930205267349e-16
4.000000000000000192e-04 1.874999910000000014e+01 4.097754840591246113e-16
4.000000000000000192e-04 1.900000050000000229e+01 4.058729466597159523e-16
4.000000000000000192e-04 1.924999990000000238e+01 4.019771143333700874e-16
4.000000000000000192e-04 1.949999920000000131e+01 3.980702476362450372e-16
4.000000000000000192e-04 1.975000059999999991e+01 3.943770717589472166e-16
4.000000000000000192e-04 2.000000000000000000e+01 3.906644300008434528e-16
8.000000000000000167e-03 0.000000000000000000e+00 9.952192187598411687e-15
8.000000000000000167e-03 1.258929999999999956e-04 9.952192187598411687e-15
8.000000000000000167e-03 1.412539999999999998e-04 9.952192187598411687e-15
8.000000000000000167e-03 1.584890000000000203e-04 9.952192187598411687e-15
8.000000000000000167e-03 1.778280000000000193e-04 9.952192187598411687e-15
8.000000000000000167e-03 1.995270000000000160e-04 9.952192187598411687e-15
8.000000000000000167e-03 2.238730000000000028e-04 9.952192187598411687e-15
8.000000000000000167e-03 2.511890000000000238e-04 9.952192187598411687e-15
8.000000000000000167e-03 2.818390000000000370e-04 9.952192187598411687e-15
8.000000000000000167e-03 3.162290000000000110e-04 9.952192187598411687e-15
8.000000000000000167e-03 3.548150000000000240e-04 9.952192187598411687e-15
8.000000000000000167e-03 3.981090000000000063e-04 9.952192187598411687e-15
8.000000000000000167e-03 4.466860000000000123e-04 9.952192187598411687e-15
8.000000000000000167e-03 5.011899999999999905e-04 9.952192187598411687e-15
8.000000000000000167e-03 5.623439999999999949e-04 9.952192187598411687e-15
8.000000000000000167e-03 6.309610000000000869e-04 9.952192187598411687e-15
8.000000000000000167e-03 7.079500000000000506e-04 9.952192187598411687e-15
8.000000000000000167e-03 7.943340000000000557e-04 9.952192187598411687e-15
8.000000000000000167e-03 8.912570000000000084e-04 9.952192187598411687e-15
8.000000000000000167e-03 1.000000000000000021e-03 9.952192187598411687e-15
8.000000000000000167e-03 1.047130000000000066e-03 9.952192187598411687e-15
8.000000000000000167e-03 1.096480000000000154e-03 9.952192187598411687e-15
8.000000000000000167e-03 1.148150000000000125e-03 9.952192187598411687e-15
8.000000000000000167e-03 1.202260000000000134e-03 9.952192187598411687e-15
8.000000000000000167e-03 1.258930000000000118e-03 9.952192187598411687e-15
8.000000000000000167e-03 1.318260000000000135e-03 9.952192187598411687e-15
8.000000000000000167e-03 1.380380000000000062e-03 9.952192187598411687e-15
8.000000000000000167e-03 1.445440000000000093e-03 9.952192187598411687e-15
8.000000000000000167e-03 1.513560000000000166e-03 9.952192187598411687e-15
8.000000000000000167e-03 1.584890000000000040e-03 9.952192187598411687e-15
8.000000000000000167e-03 1.659590000000000067e-03 9.952192187598411687e-15
8.000000000000000167e-03 1.737800000000000065e-03 1.196332183738559680e-14
8.000000000000000167e-03 1.819700000000000050e-03 1.196858209949903836e-14
8.000000000000000167e-03 1.905460000000000096e-03 1.200048110248017978e-14
8.000000000000000167e-03 1.995260000000000002e-03 1.211743735525553218e-14
8.000000000000000167e-03 2.089290000000000157e-03 1.234296771302771589e-14
8.000000000000000167e-03 2.187759999999999965e-03 1.373221228006435954e-14
8.000000000000000167e-03 2.290869999999999972e-03 1.409318311451327302e-14
8.000000000000000167e-03 2.398830000000000233e-03 1.495735900808107447e-14
8.000000000000000167e-03 2.511880000000000189e-03 1.613906315504158896e-14
8.000000000000000167e-03 2.630270000000000091e-03 1.659739843099688013e-14
8.000000000000000167e-03 2.754230000000000306e-03 1.801118615144755326e-14
8.000000000000000167e-03 2.884030000000000100e-03 1.943512052915504483e-14
8.000000000000000167e-03 3.019949999999999978e-03 2.106284678297219682e-14
8.000000000000000167e-03 3.162270000000000011e-03 2.549585210810176632e-14
8.000000000000000167e-03 3.311310000000000035e-03 2.713788842045840389e-14
8.000000000000000167e-03 3.467360000000000060e-03 2.838822735098312095e-14
8.000000000000000167e-03 3.630780000000000118e-03 2.896760817964209706e-14
8.000000000000000167e-03 3.801890000000000044e-03 2.972939120893920047e-14
8.000000000000000167e-03 3.981070000000000615e-03 2.739233684723951486e-14
8.000000000000000167e-03 4.168690000000000069e-03 2.789134721764475678e-14
8.000000000000000167e-03 4.365149999999999933e-03 2.866963921056036214e-14
8.000000000000000167e-03 4.570880000000000255e-03 2.991085685744002254e-14
8.000000000000000167e-03 4.786290000000000336e-03 3.218292910067493153e-14
8.000000000000000167e-03 5.011859999999999926e-03 3.288163492356661381e-14
8.000000000000000167e-03 5.248070000000000512e-03 3.960753552895001499e-14
8.000000000000000167e-03 5.495400000000000111e-03 5.038108934742806427e-14
8.000000000000000167e-03 5.754390000000000720e-03 6.573432504675675643e-14
8.000000000000000167e-03 6.025590000000000807e-03 8.637752833341570651e-14
8.000000000000000167e-03 6.309560000000000515e-03 1.025054320897191565e-13
8.000000000000000167e-03 6.606920000000000501e-03 1.050933672908039957e-13
8.000000000000000167e-03 6.918300000000000491e-03 9.695930307240525448e-14
8.000000000000000167e-03 7.244350000000000095e-03 9.234208885001695288e-14
8.000000000000000167e-03 7.585760000000000419e-03 8.734890494779191340e-14
8.000000000000000167e-03 7.943270000000000539e-03 8.195555901726903282e-14
8.000000000000000167e-03 8.317620000000001262e-03 7.618887754871859018e-14
8.000000000000000167e-03 8.709620000000001250e-03 7.006440049435458936e-14
8.000000000000000167e-03 9.120090000000000835e-03 6.357204299973555385e-14
8.000000000000000167e-03 9.549900000000000055e-03 5.243460282588699597e-14
8.000000000000000167e-03 9.999980000000000327e-03 4.585475132902508432e-14
8.000000000000000167e-03 1.047130000000000109e-02 4.102769959285432806e-14
8.000000000000000167e-03 1.096480000000000024e-02 3.999340067181267938e-14
8.000000000000000167e-03 1.148150000000000039e-02 3.887709143620166053e-14
8.000000000000000167e-03 1.202260000000000134e-02 3.766842412058500513e-14
8.000000000000000167e-03 1.258920000000000004e-02 3.636795339490440959e-14
8.000000000000000167e-03 1.318250000000000151e-02 3.496788750801228348e-14
8.000000000000000167e-03 1.380380000000000149e-02 3.346976278358314197e-14
8.000000000000000167e-03 1.445440000000000093e-02 2.996332575629922638e-14
8.000000000000000167e-03 1.513560000000000079e-02 2.925860034310175308e-14
8.000000000000000167e-03 1.584890000000000257e-02 2.981890308713043294e-14
8.000000000000000167e-03 1.659580000000000083e-02 3.027418378316768134e-14
8.000000000000000167e-03 1.737800000000000109e-02 3.060807828689999643e-14
8.000000000000000167e-03 1.819700000000000137e-02 3.080718023888638691e-14
8.000000000000000167e-03 1.905460000000000140e-02 3.085452340701055211e-14
8.000000000000000167e-03 1.995260000000000089e-02 3.034481303165266319e-14
8.000000000000000167e-03 2.089290000000000244e-02 2.869264300183014410e-14
8.000000000000000167e-03 2.187760000000000052e-02 2.816545487440254522e-14
8.000000000000000167e-03 2.290860000000000118e-02 2.794719763687468756e-14
8.000000000000000167e-03 2.398830000000000059e-02 2.766566743931733971e-14
8.000000000000000167e-03 2.511880000000000016e-02 2.726688344552671810e-14
8.000000000000000167e-03 2.630260000000000237e-02 2.676691559464338744e-14
8.000000000000000167e-03 2.754220000000000279e-02 2.616209922343174985e-14
8.000000000000000167e-03 2.900000000000000147e-02 2.534623938422311555e-14
8.000000000000000167e-03 3.000000000000000236e-02 2.472403352925807523e-14
8.000000000000000167e-03 3.100000000000000325e-02 2.405284141592202646e-14
8.000000000000000167e-03 3.200000000000000067e-02 2.333539033393905058e-14
8.000000000000000167e-03 3.300000000000000155e-02 2.179837869047808685e-14
8.000000000000000167e-03 3.400000000000000244e-02 2.069409932561494318e-14
8.000000000000000167e-03 3.500000000000000333e-02 2.005543289985788872e-14
8.000000000000000167e-03 3.600000000000000422e-02 1.982840908637512108e-14
8.000000000000000167e-03 3.700000000000000511e-02 1.958752891791732674e-14
8.000000000000000167e-03 3.799999999999999906e-02 1.933379483909544126e-14
8.000000000000000167e-03 3.899999999999999994e-02 1.906743231517139134e-14
8.000000000000000167e-03 4.000000000000000083e-02 1.878869477180847107e-14
8.000000000000000167e-03 4.250000000000000305e-02 1.804361013127480211e-14
8.000000000000000167e-03 4.500000000000000527e-02 1.723571007873880721e-14
8.000000000000000167e-03 4.750000000000000056e-02 1.636941220746183124e-14
8.000000000000000167e-03 5.000000000000000278e-02 1.544826472024050144e-14
8.000000000000000167e-03 5.250000000000000500e-02 1.446194977203900023e-14
8.000000000000000167e-03 5.500000000000000028e-02 1.334768504326542648e-14
8.000000000000000167e-03 5.708800000000000680e-02 1.287377972443461231e-14
8.000000000000000167e-03 6.405380000000000795e-02 1.205950949795451788e-14
8.000000000000000167e-03 7.186960000000000570e-02 1.096459131509127348e-14
8.000000000000000167e-03 8.063900000000000234e-02 1.010579501457678200e-14
8.000000000000000167e-03 9.047849600000000547e-02 9.633786371598070243e-15
8.000000000000000167e-03 1.015180000000000110e-01 8.954766077826414548e-15
8.000000000000000167e-03 1.139060000000000072e-01 8.221468276588854386e-15
8.000000000000000167e-03 1.278040000000000009e-01 9.401685957374120945e-15
8.000000000000000167e-03 1.433990080000000222e-01 8.842485583139584999e-15
8.000000000000000167e-03 1.608960000000000112e-01 8.099859461557577398e-15
8.000000000000000167e-03 1.805289919999999992e-01 7.192100872775737354e-15
8.000000000000000167e-03 2.025569920000000190e-01 6.536360555557549014e-15
8.000000000000000167e-03 2.272720000000000018e-01 6.479457303414626505e-15
8.000000000000000167e-03 2.550040000000000084e-01 6.302713071450458484e-15
8.000000000000000167e-03 2.861190080000000080e-01 5.992949692540550747e-15
8.000000000000000167e-03 3.210310080000000066e-01 5.516362455946414492e-15
8.000000000000000167e-03 3.602030080000000467e-01 4.978793906720071640e-15
8.000000000000000167e-03 4.041539840000000217e-01 4.613151575335124818e-15
8.000000000000000167e-03 4.534689920000000152e-01 4.407052048055381466e-15
8.000000000000000167e-03 5.088009920000000630e-01 4.292662875752245233e-15
8.000000000000000167e-03 5.708839680000000749e-01 4.077520705535697999e-15
8.000000000000000167e-03 6.405429759999999861e-01 3.913546385407928376e-15
8.000000000000000167e-03 7.187009920000000385e-01 3.818033581610732075e-15
8.000000000000000167e-03 8.063960320000000959e-01 3.566597836950090593e-15
8.000000000000000167e-03 9.047920000000000407e-01 3.299470782792315767e-15
8.000000000000000167e-03 1.015190020000000137e+00 3.141728777398943464e-15
8.000000000000000167e-03 1.139069950000000109e+00 3.267319183288061551e-15
8.000000000000000167e-03 1.278050050000000049e+00 5.068068466987351063e-15
8.000000000000000167e-03 1.434000000000000163e+00 3.050562893042192270e-15
8.000000000000000167e-03 1.608979970000000037e+00 2.743846281562994255e-15
8.000000000000000167e-03 1.680000000000000160e+00 2.706591539546128667e-15
8.000000000000000167e-03 1.700000000000000178e+00 2.702149974924436141e-15
8.000000000000000167e-03 1.800000000000000044e+00 2.640605949519516722e-15
8.000000000000000167e-03 1.900000000000000133e+00 2.394159751925292232e-15
8.000000000000000167e-03 2.000000000000000000e+00 2.167779600464781430e-15
8.000000000000000167e-03 2.100000000000000089e+00 2.126813966225538426e-15
8.000000000000000167e-03 2.200000000000000178e+00 2.081064434244346912e-15
8.000000000000000167e-03 2.300000000000000266e+00 2.052867140512854537e-15
8.000000000000000167e-03 2.400000000000000355e+00 2.015262317897410286e-15
8.000000000000000167e-03 2.500000000000000000e+00 1.978655573816569899e-15
8.000000000000000167e-03 2.600000000000000089e+00 1.933960538810582225e-15
8.000000000000000167e-03 2.750000130000000098e+00 1.860177806767693900e-15
8.000000000000000167e-03 3.000000000000000000e+00 1.734744366287151469e-15
8.000000000000000167e-03 3.249999870000000346e+00 1.660246913938220508e-15
8.000000000000000167e-03 3.500000000000000000e+00 1.565339877680424059e-15
8.000000000000000167e-03 3.750000130000000098e+00 1.292351932406274088e-15
8.000000000000000167e-03 4.000000000000000000e+00 1.200592589739148131e-15
8.000000000000000167e-03 4.249999869999999902e+00 1.158364889200213430e-15
8.000000000000000167e-03 4.499999740000000692e+00 1.118193818486358381e-15
8.000000000000000167e-03 4.750000130000000098e+00 1.079458680582082943e-15
8.000000000000000167e-03 5.000000000000000000e+00 1.049337312226384087e-15
8.000000000000000167e-03 5.249999869999999902e+00 1.128505842469207041e-15
8.000000000000000167e-03 5.500000260000000196e+00 1.105192721835927444e-15
8.000000000000000167e-03 5.750000130000000098e+00 1.079928706723437450e-15
8.000000000000000167e-03 6.000000000000000000e+00 1.052842214902337207e-15
8.000000000000000167e-03 6.249999870000000790e+00 1.024423882251573975e-15
8.000000000000000167e-03 6.499999740000000692e+00 9.944125807700896145e-16
8.000000000000000167e-03 6.750000130000000098e+00 9.626604373484622534e-16
8.000000000000000167e-03 7.000000000000000000e+00 9.106498059398448909e-16
8.000000000000000167e-03 7.249999870000000790e+00 8.767299244175377104e-16
8.000000000000000167e-03 7.500000260000000196e+00 8.600665931409345100e-16
8.000000000000000167e-03 7.750000130000000098e+00 8.438573902318306857e-16
8.000000000000000167e-03 8.000000000000000000e+00 8.281262980601593654e-16
8.000000000000000167e-03 8.249999869999999902e+00 8.129302768310656024e-16
8.000000000000000167e-03 8.499999739999999804e+00 7.979981059369824539e-16
8.000000000000000167e-03 8.750000130000000098e+00 7.833845622264880088e-16
8.000000000000000167e-03 8.999999490000000435e+00 7.692284562417293455e-16
8.000000000000000167e-03 9.249999869999999902e+00 7.553425128084097111e-16
8.000000000000000167e-03 9.500000260000000196e+00 7.417110950176918590e-16
8.000000000000000167e-03 9.749999620000000533e+00 7.286436537331999015e-16
8.000000000000000167e-03 1.000000000000000000e+01 7.159352530206795750e-16
8.000000000000000167e-03 1.025000040000000112e+01 7.052593596009304168e-16
8.000000000000000167e-03 1.049999970000000005e+01 6.942398175916878728e-16
8.000000000000000167e-03 1.075000010000000117e+01 6.833434180484958282e-16
8.000000000000000167e-03 1.100000050000000051e+01 6.726625378077149229e-16
8.000000000000000167e-03 1.124999990000000061e+01 6.620971705482727922e-16
8.000000000000000167e-03 1.150000029999999995e+01 6.517836121668757277e-16
8.000000000000000167e-03 1.174999960000000065e+01 6.415695718998893193e-16
8.000000000000000167e-03 1.200000000000000000e+01 6.314828946280454069e-16
8.000000000000000167e-03 1.225000040000000112e+01 6.215924819868812391e-16
8.000000000000000167e-03 1.249999970000000005e+01 6.118112664368512158e-16
8.000000000000000167e-03 1.275000010000000117e+01 6.022312994674527121e-16
8.000000000000000167e-03 1.299999950000000126e+01 5.927810344032654300e-16
8.000000000000000167e-03 1.324999990000000061e+01 5.834550589460561144e-16
8.000000000000000167e-03 1.350000029999999995e+01 5.743381449804540178e-16
8.000000000000000167e-03 1.374999960000000065e+01 5.652882049014547947e-16
8.000000000000000167e-03 1.400000000000000000e+01 5.562786319617416548e-16
8.000000000000000167e-03 1.425000040000000112e+01 5.475894740212465541e-16
8.000000000000000167e-03 1.449999970000000005e+01 5.389055069828664095e-16
8.000000000000000167e-03 1.475000010000000117e+01 5.304113426115304657e-16
8.000000000000000167e-03 1.500000050000000051e+01 5.223324897459348171e-16
8.000000000000000167e-03 1.524999990000000061e+01 5.177715485400739047e-16
8.000000000000000167e-03 1.550000030000000173e+01 5.122459410587383388e-16
8.000000000000000167e-03 1.574999960000000065e+01 5.066930042023612492e-16
8.000000000000000167e-03 1.600000000000000000e+01 5.013209382982251358e-16
8.000000000000000167e-03 1.625000040000000112e+01 4.960370583352199013e-16
8.000000000000000167e-03 1.649999970000000005e+01 4.908075571611110033e-16
8.000000000000000167e-03 1.675000010000000117e+01 4.857086444620497216e-16
8.000000000000000167e-03 1.699999950000000126e+01 4.807086078812460524e-16
8.000000000000000167e-03 1.725000089999999986e+01 4.757113743553725906e-16
8.000000000000000167e-03 1.750000029999999995e+01 4.707628180600868716e-16
8.000000000000000167e-03 1.774999960000000243e+01 4.659870072113009210e-16
8.000000000000000167e-03 1.799999900000000252e+01 4.612947224162386359e-16
8.000000000000000167e-03 1.825000040000000112e+01 4.566322246126256917e-16
8.000000000000000167e-03 1.849999970000000005e+01 4.520350240003653744e-16
8.000000000000000167e-03 1.874999910000000014e+01 4.474960528719036371e-16
8.000000000000000167e-03 1.900000050000000229e+01 4.430105715591390778e-16
8.000000000000000167e-03 1.924999990000000238e+01 4.386685793061622680e-16
8.000000000000000167e-03 1.949999920000000131e+01 4.343576657757735037e-16
8.000000000000000167e-03 1.975000059999999991e+01 4.301191113712291740e-16
8.000000000000000167e-03 2.000000000000000000e+01 4.259411122837374036e-16
5.000000000000000278e-02 0.000000000000000000e+00 1.618611174198210249e-14
5.000000000000000278e-02 1.258929999999999956e-04 1.618611174198210249e-14
5.000000000000000278e-02 1.412539999999999998e-04 1.745854776781246354e-14
5.000000000000000278e-02 1.584890000000000203e-04 1.720432056008508986e-14
5.000000000000000278e-02 1.778280000000000193e-04 1.694767708198063867e-14
5.000000000000000278e-02 1.995270000000000160e-04 1.668880817048548180e-14
5.000000000000000278e-02 2.238730000000000028e-04 1.748461526470918148e-14
5.000000000000000278e-02 2.511890000000000238e-04 1.717202937019046259e-14
5.000000000000000278e-02 2.818390000000000370e-04 1.685519138590596002e-14
5.000000000000000278e-02 3.162290000000000110e-04 1.742310893793678343e-14
5.000000000000000278e-02 3.548150000000000240e-04 1.706905826006881001e-14
5.000000000000000278e-02 3.981090000000000063e-04 1.798463812634730485e-14
5.000000000000000278e-02 4.466860000000000123e-04 1.756492493736867848e-14
5.000000000000000278e-02 5.011899999999999905e-04 1.797945709110773526e-14
5.000000000000000278e-02 5.623439999999999949e-04 1.853457452730514950e-14
5.000000000000000278e-02 6.309610000000000869e-04 1.814117884325813880e-14
5.000000000000000278e-02 7.079500000000000506e-04 2.030493361945016801e-14
5.000000000000000278e-02 7.943340000000000557e-04 1.950763219686067815e-14
5.000000000000000278e-02 8.912570000000000084e-04 2.095442061898478423e-14
5.000000000000000278e-02 1.000000000000000021e-03 2.035231661804733178e-14
5.000000000000000278e-02 1.047130000000000066e-03 2.181004525892226645e-14
5.000000000000000278e-02 1.096480000000000154e-03 2.128146095851093109e-14
5.000000000000000278e-02 1.148150000000000125e-03 2.064305403181190474e-14
5.000000000000000278e-02 1.202260000000000134e-03 2.250587135347207381e-14
5.000000000000000278e-02 1.258930000000000118e-03 2.216442127083689733e-14
5.000000000000000278e-02 1.318260000000000135e-03 2.175753094873045911e-14
5.000000000000000278e-02 1.380380000000000062e-03 2.405039856612427110e-14
5.000000000000000278e-02 1.445440000000000093e-03 2.329487987858847186e-14
5.000000000000000278e-02 1.513560000000000166e-03 2.537834577965304267e-14
5.000000000000000278e-02 1.584890000000000040e-03 2.419797699913846149e-14
5.000000000000000278e-02 1.659590000000000067e-03 2.606236652171335673e-14
5.000000000000000278e-02 1.737800000000000065e-03 2.782598003473073513e-14
5.000000000000000278e-02 1.819700000000000050e-03 2.680071332403373709e-14
5.000000000000000278e-02 1.905460000000000096e-03 2.871012383375765027e-14
5.000000000000000278e-02 1.995260000000000002e-03 2.981193189899489388e-14
5.000000000000000278e-02 2.089290000000000157e-03 3.094191580138243225e-14
5.000000000000000278e-02 2.187759999999999965e-03 3.177393412688585169e-14
5.000000000000000278e-02 2.290869999999999972e-03 3.230620684115399444e-14
5.000000000000000278e-02 2.398830000000000233e-03 3.210490169529761395e-14
5.000000000000000278e-02 2.511880000000000189e-03 3.566090632501915330e-14
5.000000000000000278e-02 2.630270000000000091e-03 3.043235716134831580e-14
5.000000000000000278e-02 2.754230000000000306e-03 3.007271291421132821e-14
5.000000000000000278e-02 2.884030000000000100e-03 3.293207950071718122e-14
5.000000000000000278e-02 3.019949999999999978e-03 3.807014088238729073e-14
5.000000000000000278e-02 3.162270000000000011e-03 4.426074658930514473e-14
5.000000000000000278e-02 3.311310000000000035e-03 4.770705141963657194e-14
5.000000000000000278e-02 3.467360000000000060e-03 4.705102620509535707e-14
5.000000000000000278e-02 3.630780000000000118e-03 4.306980888332474839e-14
5.000000000000000278e-02 3.801890000000000044e-03 4.246326275192483083e-14
5.000000000000000278e-02 3.981070000000000615e-03 4.864476883825517972e-14
5.000000000000000278e-02 4.168690000000000069e-03 6.065542711588510602e-14
5.000000000000000278e-02 4.365149999999999933e-03 7.991538885235383207e-14
5.000000000000000278e-02 4.570880000000000255e-03 1.031739721766699011e-13
5.000000000000000278e-02 4.786290000000000336e-03 1.268515961851706457e-13
5.000000000000000278e-02 5.011859999999999926e-03 1.506241285622617662e-13
5.000000000000000278e-02 5.248070000000000512e-03 1.740637200213158337e-13
5.000000000000000278e-02 5.495400000000000111e-03 1.966599592121788758e-13
5.000000000000000278e-02 5.754390000000000720e-03 2.178313811619151920e-13
5.000000000000000278e-02 6.025590000000000807e-03 2.368254202826289484e-13
5.000000000000000278e-02 6.309560000000000515e-03 2.528623769589008162e-13
5.000000000000000278e-02 6.606920000000000501e-03 2.391489035371345297e-13
5.000000000000000278e-02 6.918300000000000491e-03 1.838526633447556927e-13
5.000000000000000278e-02 7.244350000000000095e-03 1.626480503133715022e-13
5.000000000000000278e-02 7.585760000000000419e-03 1.594630002570510698e-13
5.000000000000000278e-02 7.943270000000000539e-03 1.557234735367130318e-13
5.000000000000000278e-02 8.317620000000001262e-03 1.514036983700274828e-13
5.000000000000000278e-02 8.709620000000001250e-03 1.464827625311935566e-13
5.000000000000000278e-02 9.120090000000000835e-03 1.408970659606142031e-13
5.000000000000000278e-02 9.549900000000000055e-03 1.260821247612860643e-13
5.000000000000000278e-02 9.999980000000000327e-03 1.099258760176532580e-13
5.000000000000000278e-02 1.047130000000000109e-02 1.082285826198008689e-13
5.000000000000000278e-02 1.096480000000000024e-02 1.058711609736571136e-13
5.000000000000000278e-02 1.148150000000000039e-02 1.027744697037388728e-13
5.000000000000000278e-02 1.202260000000000134e-02 9.886910441810516200e-14
5.000000000000000278e-02 1.258920000000000004e-02 9.408167337173757185e-14
5.000000000000000278e-02 1.318250000000000151e-02 8.529957091746218554e-14
5.000000000000000278e-02 1.380380000000000149e-02 7.372837266101417665e-14
5.000000000000000278e-02 1.445440000000000093e-02 6.975508966246729314e-14
5.000000000000000278e-02 1.513560000000000079e-02 6.786309427761177615e-14
5.000000000000000278e-02 1.584890000000000257e-02 6.578062951038428909e-14
5.000000000000000278e-02 1.659580000000000083e-02 6.345272863077045183e-14
5.000000000000000278e-02 1.737800000000000109e-02 6.088994308918936869e-14
5.000000000000000278e-02 1.819700000000000137e-02 5.807842748667160750e-14
5.000000000000000278e-02 1.905460000000000140e-02 5.500342241963818249e-14
5.000000000000000278e-02 1.995260000000000089e-02 5.165859621080356804e-14
5.000000000000000278e-02 2.089290000000000244e-02 4.802154535083347371e-14
5.000000000000000278e-02 2.187760000000000052e-02 4.373946752648223375e-14
5.000000000000000278e-02 2.290860000000000118e-02 3.776751657261932452e-14
5.000000000000000278e-02 2.398830000000000059e-02 3.503091581553932531e-14
5.000000000000000278e-02 2.511880000000000016e-02 3.429434088062947874e-14
5.000000000000000278e-02 2.630260000000000237e-02 3.345051255222708966e-14
5.000000000000000278e-02 2.754220000000000279e-02 3.249428665748363185e-14
5.000000000000000278e-02 2.900000000000000147e-02 3.127860288664851907e-14
5.000000000000000278e-02 3.000000000000000236e-02 3.039239437455738831e-14
5.000000000000000278e-02 3.100000000000000325e-02 2.946604650237930061e-14
5.000000000000000278e-02 3.200000000000000067e-02 2.850071910669929548e-14
5.000000000000000278e-02 3.300000000000000155e-02 2.750990300965894175e-14
5.000000000000000278e-02 3.400000000000000244e-02 2.647291470538718675e-14
5.000000000000000278e-02 3.500000000000000333e-02 2.540391434694417834e-14
5.000000000000000278e-02 3.600000000000000422e-02 2.430384897763938351e-14
5.000000000000000278e-02 3.700000000000000511e-02 2.309868360642553497e-14
5.000000000000000278e-02 3.799999999999999906e-02 2.172546078690106177e-14
5.000000000000000278e-02 3.899999999999999994e-02 2.074418452377315577e-14
5.000000000000000278e-02 4.000000000000000083e-02 1.991247329956925997e-14
5.000000000000000278e-02 4.250000000000000305e-02 1.926551176785893193e-14
5.000000000000000278e-02 4.500000000000000527e-02 1.860303569550261586e-14
5.000000000000000278e-02 4.750000000000000056e-02 1.785818938139404354e-14
5.000000000000000278e-02 5.000000000000000278e-02 1.703790221025939938e-14
5.000000000000000278e-02 5.250000000000000500e-02 1.607069384825923418e-14
5.000000000000000278e-02 5.500000000000000028e-02 1.515653604478795091e-14
5.000000000000000278e-02 5.708800000000000680e-02 1.461217022795065228e-14
5.000000000000000278e-02 6.405380000000000795e-02 1.381216897491112846e-14
5.000000000000000278e-02 7.186960000000000570e-02 1.278700751514650561e-14
5.000000000000000278e-02 8.063900000000000234e-02 1.138462609138838541e-14
5.000000000000000278e-02 9.047849600000000547e-02 1.005165113868601622e-14
5.000000000000000278e-02 1.015180000000000110e-01 1.090503952200674804e-14
5.000000000000000278e-02 1.139060000000000072e-01 1.030023944488918833e-14
5.000000000000000278e-02 1.278040000000000009e-01 9.459442625461284893e-15
5.000000000000000278e-02 1.433990080000000222e-01 8.324195710463742766e-15
5.000000000000000278e-02 1.608960000000000112e-01 7.529862751512030153e-15
5.000000000000000278e-02 1.805289919999999992e-01 7.257856084232137665e-15
5.000000000000000278e-02 2.025569920000000190e-01 7.173616141674817873e-15
5.000000000000000278e-02 2.272720000000000018e-01 6.994855202592870136e-15
5.000000000000000278e-02 2.550040000000000084e-01 6.703958936802882801e-15
5.000000000000000278e-02 2.861190080000000080e-01 6.286114176346304671e-15
5.000000000000000278e-02 3.210310080000000066e-01 5.724502221213912796e-15
5.000000000000000278e-02 3.602030080000000467e-01 5.353640819190161516e-15
5.000000000000000278e-02 4.041539840000000217e-01 5.116578165144363461e-15
5.000000000000000278e-02 4.534689920000000152e-01 4.990269293155597312e-15
5.000000000000000278e-02 5.088009920000000630e-01 4.838204409860300230e-15
5.000000000000000278e-02 5.708839680000000749e-01 4.652706857086860132e-15
5.000000000000000278e-02 6.405429759999999861e-01 4.520433647391079320e-15
5.000000000000000278e-02 7.187009920000000385e-01 4.408929230274067413e-15
5.000000000000000278e-02 8.063960320000000959e-01 4.127309804473054763e-15
5.000000000000000278e-02 9.047920000000000407e-01 3.827941462503849413e-15
5.000000000000000278e-02 1.015190020000000137e+00 3.519361057979647414e-15
5.000000000000000278e-02 1.139069950000000109e+00 3.347961345580717814e-15
5.000000000000000278e-02 1.278050050000000049e+00 3.268720232502789757e-15
5.000000000000000278e-02 1.434000000000000163e+00 3.018822427268233032e-15
5.000000000000000278e-02 1.608979970000000037e+00 2.933588878111822190e-15
5.000000000000000278e-02 1.680000000000000160e+00 2.869738842178396178e-15
5.000000000000000278e-02 1.700000000000000178e+00 2.847598420270229681e-15
5.000000000000000278e-02 1.800000000000000044e+00 2.722734032847570175e-15
5.000000000000000278e-02 1.900000000000000133e+00 2.459234485276611225e-15
5.000000000000000278e-02 2.000000000000000000e+00 2.400799957002860538e-15
5.000000000000000278e-02 2.100000000000000089e+00 2.340437225273737032e-15
5.000000000000000278e-02 2.200000000000000178e+00 2.277318577345348903e-15
5.000000000000000278e-02 2.300000000000000266e+00 2.213431878225150343e-15
5.000000000000000278e-02 2.400000000000000355e+00 2.148541767307030895e-15
5.000000000000000278e-02 2.500000000000000000e+00 2.085157437364137457e-15
5.000000000000000278e-02 2.600000000000000089e+00 2.024619677152419809e-15
5.000000000000000278e-02 2.750000130000000098e+00 1.923007798986059787e-15
5.000000000000000278e-02 3.000000000000000000e+00 1.852802019444439662e-15
5.000000000000000278e-02 3.249999870000000346e+00 1.780050718110937343e-15
5.000000000000000278e-02 3.500000000000000000e+00 1.703732702012151341e-15
5.000000000000000278e-02 3.750000130000000098e+00 1.628181586652775687e-15
5.000000000000000278e-02 4.000000000000000000e+00 1.549633884131358228e-15
5.000000000000000278e-02 4.249999869999999902e+00 1.402942020834840162e-15
5.000000000000000278e-02 4.499999740000000692e+00 1.322225980215725970e-15
5.000000000000000278e-02 4.750000130000000098e+00 1.290772869437399139e-15
5.000000000000000278e-02 5.000000000000000000e+00 1.259348857077090339e-15
5.000000000000000278e-02 5.249999869999999902e+00 1.228743027030723185e-15
5.000000000000000278e-02 5.500000260000000196e+00 1.198546562673872584e-15
5.000000000000000278e-02 5.750000130000000098e+00 1.168590713084139463e-15
5.000000000000000278e-02 6.000000000000000000e+00 1.139023057469015081e-15
5.000000000000000278e-02 6.249999870000000790e+00 1.109579918017071297e-15
5.000000000000000278e-02 6.499999740000000692e+00 1.080531971004991506e-15
5.000000000000000278e-02 6.750000130000000098e+00 1.051971012341835783e-15
5.000000000000000278e-02 7.000000000000000000e+00 1.023461777919901336e-15
5.000000000000000278e-02 7.249999870000000790e+00 9.949440473507136080e-16
5.000000000000000278e-02 7.500000260000000196e+00 9.635192308032817423e-16
5.000000000000000278e-02 7.750000130000000098e+00 8.621010043067446612e-16
5.000000000000000278e-02 8.000000000000000000e+00 8.478650335869633721e-16
5.000000000000000278e-02 8.249999869999999902e+00 8.338362786182783096e-16
5.000000000000000278e-02 8.499999739999999804e+00 8.207565510880127170e-16
5.000000000000000278e-02 8.750000130000000098e+00 8.073686783740487953e-16
5.000000000000000278e-02 8.999999490000000435e+00 7.944692074602009957e-16
5.000000000000000278e-02 9.249999869999999902e+00 7.817496939806522674e-16
5.000000000000000278e-02 9.500000260000000196e+00 7.693595798635953184e-16
5.000000000000000278e-02 9.749999620000000533e+00 7.572573978127022717e-16
5.000000000000000278e-02 1.000000000000000000e+01 7.453269021428450885e-16
5.000000000000000278e-02 1.025000040000000112e+01 7.339581644162864494e-16
5.000000000000000278e-02 1.049999970000000005e+01 7.224731671017712858e-16
5.000000000000000278e-02 1.075000010000000117e+01 7.113923862386925399e-16
5.000000000000000278e-02 1.100000050000000051e+01 7.001897067289778014e-16
5.000000000000000278e-02 1.124999990000000061e+01 6.893529087262224687e-16
5.000000000000000278e-02 1.150000029999999995e+01 6.780502680488824114e-16
5.000000000000000278e-02 1.174999960000000065e+01 6.670708798477235662e-16
5.000000000000000278e-02 1.200000000000000000e+01 6.560756684475473706e-16
5.000000000000000278e-02 1.225000040000000112e+01 6.454898156786120684e-16
5.000000000000000278e-02 1.249999970000000005e+01 6.351695551413475114e-16
5.000000000000000278e-02 1.275000010000000117e+01 6.249153981862784648e-16
5.000000000000000278e-02 1.299999950000000126e+01 6.150628978565488100e-16
5.000000000000000278e-02 1.324999990000000061e+01 6.052466282087192830e-16
5.000000000000000278e-02 1.350000029999999995e+01 5.956042423824902739e-16
5.000000000000000278e-02 1.374999960000000065e+01 5.862626053066093381e-16
5.000000000000000278e-02 1.400000000000000000e+01 5.770859873737158019e-16
5.000000000000000278e-02 1.425000040000000112e+01 5.679798700227077905e-16
5.000000000000000278e-02 1.449999970000000005e+01 5.591129762054636586e-16
5.000000000000000278e-02 1.475000010000000117e+01 5.504367268169760502e-16
5.000000000000000278e-02 1.500000050000000051e+01 5.419444342488445524e-16
5.000000000000000278e-02 1.524999990000000061e+01 5.336875700107756864e-16
5.000000000000000278e-02 1.550000030000000173e+01 5.254665201895396812e-16
5.000000000000000278e-02 1.574999960000000065e+01 5.174072175994707930e-16
5.000000000000000278e-02 1.600000000000000000e+01 5.094125171579161569e-16
5.000000000000000278e-02 1.625000040000000112e+01 5.017139166189230361e-16
5.000000000000000278e-02 1.649999970000000005e+01 4.942525885949050373e-16
5.000000000000000278e-02 1.675000010000000117e+01 4.869612966696587094e-16
5.000000000000000278e-02 1.699999950000000126e+01 4.801084093238399209e-16
5.000000000000000278e-02 1.725000089999999986e+01 4.856121187715754734e-16
5.000000000000000278e-02 1.750000029999999995e+01 4.892143037081421823e-16
5.000000000000000278e-02 1.774999960000000243e+01 4.848222447571072102e-16
5.000000000000000278e-02 1.799999900000000252e+01 4.804912824382590220e-16
5.000000000000000278e-02 1.825000040000000112e+01 4.762747109256583461e-16
5.000000000000000278e-02 1.849999970000000005e+01 4.719874416093524420e-16
5.000000000000000278e-02 1.874999910000000014e+01 4.677370287525125479e-16
5.000000000000000278e-02 1.900000050000000229e+01 4.637639455695608729e-16
5.000000000000000278e-02 1.924999990000000238e+01 4.595674372844704399e-16
5.000000000000000278e-02 1.949999920000000131e+01 4.555601754200280218e-16
5.000000000000000278e-02 1.975000059999999991e+01 4.515558899358369487e-16
5.000000000000000278e-02 2.000000000000000000e+01 4.476813664850828767e-16
1.000000000000000048e-04 0.000000000000000000e+00 5.665456701258206487e-15
1.000000000000000048e-04 1.258929999999999956e-04 5.665456701258206487e-15
1.000000000000000048e-04 1.412539999999999998e-04 5.665456701258206487e-15
1.000000000000000048e-04 1.584890000000000203e-04 5.665456701258206487e-15
1.000000000000000048e-04 1.778280000000000193e-04 5.665456701258206487e-15
1.000000000000000048e-04 1.995270000000000160e-04 5.665456701258206487e-15
1.000000000000000048e-04 2.238730000000000028e-04 5.665456701258206487e-15
1.000000000000000048e-04 2.511890000000000238e-04 5.721549400714521182e-15
1.000000000000000048e-04 2.818390000000000370e-04 5.721549400714521182e-15
1.000000000000000048e-04 3.162290000000000110e-04 5.721549400714521182e-15
1.000000000000000048e-04 3.548150000000000240e-04 5.721549400714521182e-15
1.000000000000000048e-04 3.981090000000000063e-04 5.692278480555056487e-15
1.000000000000000048e-04 4.466860000000000123e-04 5.690713865056219577e-15
1.000000000000000048e-04 5.011899999999999905e-04 5.692689431168628720e-15
1.000000000000000048e-04 5.623439999999999949e-04 5.693386341841038724e-15
1.000000000000000048e-04 6.309610000000000869e-04 5.698325594370905958e-15
1.000000000000000048e-04 7.079500000000000506e-04 5.752337359821108819e-15
1.000000000000000048e-04 7.943340000000000557e-04 5.757493925338226959e-15
1.000000000000000048e-04 8.912570000000000084e-04 5.798580859767826687e-15
1.000000000000000048e-04 1.000000000000000021e-03 5.965125087782237528e-15
1.000000000000000048e-04 1.047130000000000066e-03 6.106122249517618951e-15
1.000000000000000048e-04 1.096480000000000154e-03 6.117576502388099825e-15
1.000000000000000048e-04 1.148150000000000125e-03 6.114192715502402204e-15
1.000000000000000048e-04 1.202260000000000134e-03 6.092687496898353994e-15
1.000000000000000048e-04 1.258930000000000118e-03 6.039824720500761345e-15
1.000000000000000048e-04 1.318260000000000135e-03 6.281460849378822485e-15
1.000000000000000048e-04 1.380380000000000062e-03 6.371533985068593516e-15
1.000000000000000048e-04 1.445440000000000093e-03 6.394448327950180346e-15
1.000000000000000048e-04 1.513560000000000166e-03 6.427646649215324043e-15
1.000000000000000048e-04 1.584890000000000040e-03 6.455052683549064063e-15
1.000000000000000048e-04 1.659590000000000067e-03 6.642207680142486357e-15
1.000000000000000048e-04 1.737800000000000065e-03 6.679534181524068155e-15
1.000000000000000048e-04 1.819700000000000050e-03 6.716581395521768891e-15
1.000000000000000048e-04 1.905460000000000096e-03 6.798698071713853335e-15
1.000000000000000048e-04 1.995260000000000002e-03 6.936429165400302673e-15
1.000000000000000048e-04 2.089290000000000157e-03 7.010956366898175747e-15
1.000000000000000048e-04 2.187759999999999965e-03 7.042361778830470309e-15
1.000000000000000048e-04 2.290869999999999972e-03 7.087843362522018095e-15
1.000000000000000048e-04 2.398830000000000233e-03 7.064324282525983498e-15
1.000000000000000048e-04 2.511880000000000189e-03 7.195044604489280624e-15
1.000000000000000048e-04 2.630270000000000091e-03 7.419600888241413628e-15
1.000000000000000048e-04 2.754230000000000306e-03 7.684815382697867365e-15
1.000000000000000048e-04 2.884030000000000100e-03 8.456674371853892760e-15
1.000000000000000048e-04 3.019949999999999978e-03 2.766395074755099321e-14
1.000000000000000048e-04 3.162270000000000011e-03 2.010510913054414125e-13
1.000000000000000048e-04 3.311310000000000035e-03 2.381739900877699366e-13
1.000000000000000048e-04 3.467360000000000060e-03 2.556418960516501906e-13
1.000000000000000048e-04 3.630780000000000118e-03 2.741850931239622182e-13
1.000000000000000048e-04 3.801890000000000044e-03 2.937641443982075070e-13
1.000000000000000048e-04 3.981070000000000615e-03 2.911181701352420503e-13
1.000000000000000048e-04 4.168690000000000069e-03 2.437432760549264490e-13
1.000000000000000048e-04 4.365149999999999933e-03 2.153232003833719503e-13
1.000000000000000048e-04 4.570880000000000255e-03 1.838692999939817894e-13
1.000000000000000048e-04 4.786290000000000336e-03 1.433656271407732862e-13
1.000000000000000048e-04 5.011859999999999926e-03 9.225490082315166592e-14
1.000000000000000048e-04 5.248070000000000512e-03 3.526127520150157801e-14
1.000000000000000048e-04 5.495400000000000111e-03 9.596600938633100881e-15
1.000000000000000048e-04 5.754390000000000720e-03 8.688446860082622903e-15
1.000000000000000048e-04 6.025590000000000807e-03 8.278150618203874663e-15
1.000000000000000048e-04 6.309560000000000515e-03 7.822590548939037966e-15
1.000000000000000048e-04 6.606920000000000501e-03 7.309077418275232651e-15
1.000000000000000048e-04 6.918300000000000491e-03 6.733431455371125899e-15
1.000000000000000048e-04 7.244350000000000095e-03 6.410152362472169983e-15
1.000000000000000048e-04 7.585760000000000419e-03 6.323928923017689170e-15
1.000000000000000048e-04 7.943270000000000539e-03 6.205478990352142967e-15
1.000000000000000048e-04 8.317620000000001262e-03 6.050600810876210683e-15
1.000000000000000048e-04 8.709620000000001250e-03 5.851603110421998084e-15
1.000000000000000048e-04 9.120090000000000835e-03 5.605164971686644217e-15
1.000000000000000048e-04 9.549900000000000055e-03 5.308238448790312501e-15
1.000000000000000048e-04 9.999980000000000327e-03 4.945845634544815118e-15
1.000000000000000048e-04 1.047130000000000109e-02 4.599898769350701098e-15
1.000000000000000048e-04 1.096480000000000024e-02 4.443648482376761204e-15
1.000000000000000048e-04 1.148150000000000039e-02 4.438417293575369804e-15
1.000000000000000048e-04 1.202260000000000134e-02 4.439290225444729367e-15
1.000000000000000048e-04 1.258920000000000004e-02 4.436161942137912777e-15
1.000000000000000048e-04 1.318250000000000151e-02 4.437296608436535628e-15
1.000000000000000048e-04 1.380380000000000149e-02 4.445293070439156833e-15
1.000000000000000048e-04 1.445440000000000093e-02 4.390344594887187590e-15
1.000000000000000048e-04 1.513560000000000079e-02 4.302434582047865500e-15
1.000000000000000048e-04 1.584890000000000257e-02 4.204937914026760636e-15
1.000000000000000048e-04 1.659580000000000083e-02 4.191741363152151214e-15
1.000000000000000048e-04 1.737800000000000109e-02 4.178853127360784472e-15
1.000000000000000048e-04 1.819700000000000137e-02 4.166482468652188702e-15
1.000000000000000048e-04 1.905460000000000140e-02 4.156438086993855107e-15
1.000000000000000048e-04 1.995260000000000089e-02 4.097676748168492713e-15
1.000000000000000048e-04 2.089290000000000244e-02 4.113030023243296394e-15
1.000000000000000048e-04 2.187760000000000052e-02 4.243472809879476048e-15
1.000000000000000048e-04 2.290860000000000118e-02 4.433863751726108858e-15
1.000000000000000048e-04 2.398830000000000059e-02 4.623696508830521212e-15
1.000000000000000048e-04 2.511880000000000016e-02 4.812017394748203606e-15
1.000000000000000048e-04 2.630260000000000237e-02 4.999268218244385327e-15
1.000000000000000048e-04 2.754220000000000279e-02 5.186303647229537084e-15
1.000000000000000048e-04 2.900000000000000147e-02 5.391710780725507546e-15
1.000000000000000048e-04 3.000000000000000236e-02 5.523077147359181945e-15
1.000000000000000048e-04 3.100000000000000325e-02 5.647398906753971897e-15
1.000000000000000048e-04 3.200000000000000067e-02 5.676791607387891623e-15
1.000000000000000048e-04 3.300000000000000155e-02 5.592913427634558541e-15
1.000000000000000048e-04 3.400000000000000244e-02 5.508875014605787078e-15
1.000000000000000048e-04 3.500000000000000333e-02 5.516932346323769998e-15
1.000000000000000048e-04 3.600000000000000422e-02 5.520965656395213565e-15
1.000000000000000048e-04 3.700000000000000511e-02 5.521086408767372297e-15
1.000000000000000048e-04 3.799999999999999906e-02 5.518155552796954982e-15
1.000000000000000048e-04 3.899999999999999994e-02 5.511550453787150133e-15
1.000000000000000048e-04 4.000000000000000083e-02 5.501178314104782789e-15
1.000000000000000048e-04 4.250000000000000305e-02 5.459409241763529553e-15
1.000000000000000048e-04 4.500000000000000527e-02 5.397940830295275524e-15
1.000000000000000048e-04 4.750000000000000056e-02 5.316839336608523627e-15
1.000000000000000048e-04 5.000000000000000278e-02 5.121250655662315016e-15
1.000000000000000048e-04 5.250000000000000500e-02 5.047958264388995285e-15
1.000000000000000048e-04 5.500000000000000028e-02 5.087054359245374576e-15
1.000000000000000048e-04 5.708800000000000680e-02 5.144978236313230709e-15
1.000000000000000048e-04 6.405380000000000795e-02 5.314773555916512336e-15
1.000000000000000048e-04 7.186960000000000570e-02 5.470873271559044635e-15
1.000000000000000048e-04 8.063900000000000234e-02 5.608137717537426390e-15
1.000000000000000048e-04 9.047849600000000547e-02 5.719703622737788682e-15
1.000000000000000048e-04 1.015180000000000110e-01 5.799305023591689291e-15
1.000000000000000048e-04 1.139060000000000072e-01 5.838388685434148846e-15
1.000000000000000048e-04 1.278040000000000009e-01 5.828815765620315934e-15
1.000000000000000048e-04 1.433990080000000222e-01 5.652203844086833469e-15
1.000000000000000048e-04 1.608960000000000112e-01 5.651365209604291830e-15
1.000000000000000048e-04 1.805289919999999992e-01 5.110098720424479133e-15
1.000000000000000048e-04 2.025569920000000190e-01 4.622965938173540288e-15
1.000000000000000048e-04 2.272720000000000018e-01 4.218645882744607209e-15
1.000000000000000048e-04 2.550040000000000084e-01 3.899208233727108273e-15
1.000000000000000048e-04 2.861190080000000080e-01 3.591924404509424950e-15
1.000000000000000048e-04 3.210310080000000066e-01 3.476595948664858509e-15
1.000000000000000048e-04 3.602030080000000467e-01 3.316231114282391818e-15
1.000000000000000048e-04 4.041539840000000217e-01 3.035582986081279583e-15
1.000000000000000048e-04 4.534689920000000152e-01 2.758885822068210389e-15
1.000000000000000048e-04 5.088009920000000630e-01 2.634307460513037729e-15
1.000000000000000048e-04 5.708839680000000749e-01 2.488502452681973309e-15
1.000000000000000048e-04 6.405429759999999861e-01 2.314256852685766917e-15
1.000000000000000048e-04 7.187009920000000385e-01 2.099535319371269032e-15
1.000000000000000048e-04 8.063960320000000959e-01 1.939064639192041512e-15
1.000000000000000048e-04 9.047920000000000407e-01 1.909420554385053807e-15
1.000000000000000048e-04 1.015190020000000137e+00 2.019375249477266997e-15
1.000000000000000048e-04 1.139069950000000109e+00 2.384797828124175557e-15
1.000000000000000048e-04 1.278050050000000049e+00 2.327379791529721599e-15
1.000000000000000048e-04 1.434000000000000163e+00 2.401627742589312416e-15
1.000000000000000048e-04 1.608979970000000037e+00 2.115096613161606018e-15
1.000000000000000048e-04 1.680000000000000160e+00 1.977400898730075524e-15
1.000000000000000048e-04 1.700000000000000178e+00 1.965238961061305606e-15
1.000000000000000048e-04 1.800000000000000044e+00 1.905364580190335793e-15
1.000000000000000048e-04 1.900000000000000133e+00 1.856378410372823447e-15
1.000000000000000048e-04 2.000000000000000000e+00 1.826535214609135562e-15
1.000000000000000048e-04 2.100000000000000089e+00 1.790801609088287751e-15
1.000000000000000048e-04 2.200000000000000178e+00 1.747185366271309247e-15
1.000000000000000048e-04 2.300000000000000266e+00 1.701013470250611023e-15
1.000000000000000048e-04 2.400000000000000355e+00 1.644019798192900587e-15
1.000000000000000048e-04 2.500000000000000000e+00 1.559708081252676217e-15
1.000000000000000048e-04 2.600000000000000089e+00 1.500529759031536562e-15
1.000000000000000048e-04 2.750000130000000098e+00 1.457707971042743507e-15
1.000000000000000048e-04 3.000000000000000000e+00 1.389145341246090161e-15
1.000000000000000048e-04 3.249999870000000346e+00 1.345836028745233425e-15
1.000000000000000048e-04 3.500000000000000000e+00 1.298701223646745165e-15
1.000000000000000048e-04 3.750000130000000098e+00 1.246886357632432685e-15
1.000000000000000048e-04 4.000000000000000000e+00 1.197015312347781922e-15
1.000000000000000048e-04 4.249999869999999902e+00 1.147291985541031761e-15
1.000000000000000048e-04 4.499999740000000692e+00 1.082224316658255510e-15
1.000000000000000048e-04 4.750000130000000098e+00 1.050416127427937877e-15
1.000000000000000048e-04 5.000000000000000000e+00 1.019309032699336836e-15
1.000000000000000048e-04 5.249999869999999902e+00 9.884184011595076829e-16
1.000000000000000048e-04 5.500000260000000196e+00 9.584208220849504504e-16
1.000000000000000048e-04 5.750000130000000098e+00 9.283779755502299690e-16
1.000000000000000048e-04 6.000000000000000000e+00 8.976710537065077890e-16
1.000000000000000048e-04 6.249999870000000790e+00 8.609538129113189995e-16
1.000000000000000048e-04 6.499999740000000692e+00 8.393648047592540665e-16
1.000000000000000048e-04 6.750000130000000098e+00 8.185176963978715397e-16
1.000000000000000048e-04 7.000000000000000000e+00 7.984796535729979275e-16
1.000000000000000048e-04 7.249999870000000790e+00 7.790719917444055488e-16
1.000000000000000048e-04 7.500000260000000196e+00 7.603866750939651898e-16
1.000000000000000048e-04 7.750000130000000098e+00 7.423095526666134462e-16
1.000000000000000048e-04 8.000000000000000000e+00 7.247519426380157891e-16
1.000000000000000048e-04 8.249999869999999902e+00 7.077954870184557437e-16
1.000000000000000048e-04 8.499999739999999804e+00 6.910988221355400924e-16
1.000000000000000048e-04 8.750000130000000098e+00 6.739822319682326609e-16
1.000000000000000048e-04 8.999999490000000435e+00 6.510450997129200006e-16
1.000000000000000048e-04 9.249999869999999902e+00 6.399711766286706971e-16
1.000000000000000048e-04 9.500000260000000196e+00 6.291432459437611504e-16
1.000000000000000048e-04 9.749999620000000533e+00 6.186418034950574129e-16
1.000000000000000048e-04 1.000000000000000000e+01 6.083596394336836141e-16
1.000000000000000048e-04 1.025000040000000112e+01 5.983855016560083355e-16
1.000000000000000048e-04 1.049999970000000005e+01 5.885909255330024459e-16
1.000000000000000048e-04 1.075000010000000117e+01 5.790581738465227718e-16
1.000000000000000048e-04 1.100000050000000051e+01 5.696806254783932629e-16
1.000000000000000048e-04 1.124999990000000061e+01 5.605868242807359375e-16
1.000000000000000048e-04 1.150000029999999995e+01 5.516247711350587328e-16
1.000000000000000048e-04 1.174999960000000065e+01 5.428618238244978315e-16
1.000000000000000048e-04 1.200000000000000000e+01 5.343450571105328609e-16
1.000000000000000048e-04 1.225000040000000112e+01 5.259613275383414294e-16
1.000000000000000048e-04 1.249999970000000005e+01 5.177123164059764007e-16
1.000000000000000048e-04 1.275000010000000117e+01 5.097126947508561916e-16
1.000000000000000048e-04 1.299999950000000126e+01 5.017401547203957619e-16
1.000000000000000048e-04 1.324999990000000061e+01 4.939095418629295966e-16
1.000000000000000048e-04 1.350000029999999995e+01 4.862039650339484003e-16
1.000000000000000048e-04 1.374999960000000065e+01 4.776246528579757201e-16
1.000000000000000048e-04 1.400000000000000000e+01 4.726014201358447752e-16
1.000000000000000048e-04 1.425000040000000112e+01 4.676041689911738932e-16
1.000000000000000048e-04 1.449999970000000005e+01 4.627260662447930698e-16
1.000000000000000048e-04 1.475000010000000117e+01 4.579170444480923939e-16
1.000000000000000048e-04 1.500000050000000051e+01 4.531546155593674971e-16
1.000000000000000048e-04 1.524999990000000061e+01 4.484829635995515063e-16
1.000000000000000048e-04 1.550000030000000173e+01 4.438449204051810802e-16
1.000000000000000048e-04 1.574999960000000065e+01 4.393079303394062323e-16
1.000000000000000048e-04 1.600000000000000000e+01 4.348410441834759032e-16
1.000000000000000048e-04 1.625000040000000112e+01 4.303753206246238697e-16
1.000000000000000048e-04 1.649999970000000005e+01 4.260801561902456449e-16
1.000000000000000048e-04 1.675000010000000117e+01 4.218016291522082498e-16
1.000000000000000048e-04 1.699999950000000126e+01 4.175005162341419588e-16
1.000000000000000048e-04 1.725000089999999986e+01 4.133478462799890352e-16
1.000000000000000048e-04 1.750000029999999995e+01 4.092366155964043224e-16
1.000000000000000048e-04 1.774999960000000243e+01 4.051177556145217319e-16
1.000000000000000048e-04 1.799999900000000252e+01 4.011024493006525738e-16
1.000000000000000048e-04 1.825000040000000112e+01 3.970629318091623608e-16
1.000000000000000048e-04 1.849999970000000005e+01 3.931286763728368665e-16
1.000000000000000048e-04 1.874999910000000014e+01 3.893105259031140100e-16
1.000000000000000048e-04 1.900000050000000229e+01 3.854515991582828894e-16
1.000000000000000048e-04 1.924999990000000238e+01 3.817027374016574147e-16
1.000000000000000048e-04 1.949999920000000131e+01 3.779592869491175373e-16
1.000000000000000048e-04 1.975000059999999991e+01 3.743007247390876631e-16
1.000000000000000048e-04 2.000000000000000000e+01 3.705911473381930551e-16
4.000000000000000083e-03 0.000000000000000000e+00 8.813098499785945594e-15
4.000000000000000083e-03 1.258929999999999956e-04 8.813098499785945594e-15
4.000000000000000083e-03 1.412539999999999998e-04 8.813098499785945594e-15
4.000000000000000083e-03 1.584890000000000203e-04 8.813098499785945594e-15
4.000000000000000083e-03 1.778280000000000193e-04 8.813098499785945594e-15
4.000000000000000083e-03 1.995270000000000160e-04 8.813098499785945594e-15
4.000000000000000083e-03 2.238730000000000028e-04 8.813098499785945594e-15
4.000000000000000083e-03 2.511890000000000238e-04 8.813098499785945594e-15
4.000000000000000083e-03 2.818390000000000370e-04 8.813098499785945594e-15
4.000000000000000083e-03 3.162290000000000110e-04 8.813098499785945594e-15
4.000000000000000083e-03 3.548150000000000240e-04 8.813098499785945594e-15
4.000000000000000083e-03 3.981090000000000063e-04 8.813098499785945594e-15
4.000000000000000083e-03 4.466860000000000123e-04 8.813098499785945594e-15
4.000000000000000083e-03 5.011899999999999905e-04 8.813098499785945594e-15
4.000000000000000083e-03 5.623439999999999949e-04 8.813098499785945594e-15
4.000000000000000083e-03 6.309610000000000869e-04 8.813098499785945594e-15
4.000000000000000083e-03 7.079500000000000506e-04 8.813098499785945594e-15
4.000000000000000083e-03 7.943340000000000557e-04 8.813098499785945594e-15
4.000000000000000083e-03 8.912570000000000084e-04 8.813098499785945594e-15
4.000000000000000083e-03 1.000000000000000021e-03 8.813098499785945594e-15
4.000000000000000083e-03 1.047130000000000066e-03 8.813098499785945594e-15
4.000000000000000083e-03 1.096480000000000154e-03 8.813098499785945594e-15
4.000000000000000083e-03 1.148150000000000125e-03 8.813098499785945594e-15
4.000000000000000083e-03 1.202260000000000134e-03 8.813098499785945594e-15
4.000000000000000083e-03 1.258930000000000118e-03 8.813098499785945594e-15
4.000000000000000083e-03 1.318260000000000135e-03 8.813098499785945594e-15
4.000000000000000083e-03 1.380380000000000062e-03 8.813098499785945594e-15
4.000000000000000083e-03 1.445440000000000093e-03 8.813098499785945594e-15
4.000000000000000083e-03 1.513560000000000166e-03 8.813098499785945594e-15
4.000000000000000083e-03 1.584890000000000040e-03 8.813098499785945594e-15
4.000000000000000083e-03 1.659590000000000067e-03 8.813098499785945594e-15
4.000000000000000083e-03 1.737800000000000065e-03 8.813098499785945594e-15
4.000000000000000083e-03 1.819700000000000050e-03 8.813098499785945594e-15
4.000000000000000083e-03 1.905460000000000096e-03 8.813098499785945594e-15
4.000000000000000083e-03 1.995260000000000002e-03 8.813098499785945594e-15
4.000000000000000083e-03 2.089290000000000157e-03 8.813098499785945594e-15
4.000000000000000083e-03 2.187759999999999965e-03 8.813098499785945594e-15
4.000000000000000083e-03 2.290869999999999972e-03 8.813098499785945594e-15
4.000000000000000083e-03 2.398830000000000233e-03 8.813098499785945594e-15
4.000000000000000083e-03 2.511880000000000189e-03 1.223245432640944143e-14
4.000000000000000083e-03 2.630270000000000091e-03 1.430332057369076756e-14
4.000000000000000083e-03 2.754230000000000306e-03 2.070448694464734631e-14
4.000000000000000083e-03 2.884030000000000100e-03 3.171157085715201268e-14
4.000000000000000083e-03 3.019949999999999978e-03 4.525214459937952786e-14
4.000000000000000083e-03 3.162270000000000011e-03 6.966864219229049983e-14
4.000000000000000083e-03 3.311310000000000035e-03 7.826561649766275754e-14
4.000000000000000083e-03 3.467360000000000060e-03 7.853679453986078055e-14
4.000000000000000083e-03 3.630780000000000118e-03 6.691206303714982338e-14
4.000000000000000083e-03 3.801890000000000044e-03 5.491226530768439707e-14
4.000000000000000083e-03 3.981070000000000615e-03 7.367447548575995827e-14
4.000000000000000083e-03 4.168690000000000069e-03 8.339115872930873993e-14
4.000000000000000083e-03 4.365149999999999933e-03 7.549111574764930639e-14
4.000000000000000083e-03 4.570880000000000255e-03 5.585664349645135946e-14
4.000000000000000083e-03 4.786290000000000336e-03 3.970010271024907756e-14
4.000000000000000083e-03 5.011859999999999926e-03 3.227333709169317444e-14
4.000000000000000083e-03 5.248070000000000512e-03 2.768092832429135465e-14
4.000000000000000083e-03 5.495400000000000111e-03 3.187543664420481178e-14
4.000000000000000083e-03 5.754390000000000720e-03 3.817101150084237162e-14
4.000000000000000083e-03 6.025590000000000807e-03 4.436747615735258712e-14
4.000000000000000083e-03 6.309560000000000515e-03 5.032343148373473996e-14
4.000000000000000083e-03 6.606920000000000501e-03 5.526021890814108029e-14
4.000000000000000083e-03 6.918300000000000491e-03 5.235072948676870452e-14
4.000000000000000083e-03 7.244350000000000095e-03 5.476521221671184820e-14
4.000000000000000083e-03 7.585760000000000419e-03 5.696211964239405521e-14
4.000000000000000083e-03 7.943270000000000539e-03 5.898124769767141288e-14
4.000000000000000083e-03 8.317620000000001262e-03 6.074984838184078362e-14
4.000000000000000083e-03 8.709620000000001250e-03 6.224146235416220550e-14
4.000000000000000083e-03 9.120090000000000835e-03 6.334690441897941745e-14
4.000000000000000083e-03 9.549900000000000055e-03 6.404077911485031231e-14
4.000000000000000083e-03 9.999980000000000327e-03 5.951748899210477643e-14
4.000000000000000083e-03 1.047130000000000109e-02 5.175040666189268530e-14
4.000000000000000083e-03 1.096480000000000024e-02 4.773663383950133312e-14
4.000000000000000083e-03 1.148150000000000039e-02 4.405196667986482554e-14
4.000000000000000083e-03 1.202260000000000134e-02 4.041305915767186928e-14
4.000000000000000083e-03 1.258920000000000004e-02 3.680047200889930577e-14
4.000000000000000083e-03 1.318250000000000151e-02 3.327230604320240412e-14
4.000000000000000083e-03 1.380380000000000149e-02 2.986585867904091313e-14
4.000000000000000083e-03 1.445440000000000093e-02 2.553376109995414587e-14
4.000000000000000083e-03 1.513560000000000079e-02 2.312324181563489526e-14
4.000000000000000083e-03 1.584890000000000257e-02 2.384509562725472468e-14
4.000000000000000083e-03 1.659580000000000083e-02 2.506005619371977608e-14
4.000000000000000083e-03 1.737800000000000109e-02 2.621468434626880489e-14
4.000000000000000083e-03 1.819700000000000137e-02 2.723585949276286391e-14
4.000000000000000083e-03 1.905460000000000140e-02 2.813642971805848038e-14
4.000000000000000083e-03 1.995260000000000089e-02 2.889817291148017860e-14
4.000000000000000083e-03 2.089290000000000244e-02 2.744662191261995214e-14
4.000000000000000083e-03 2.187760000000000052e-02 2.731631016995660388e-14
4.000000000000000083e-03 2.290860000000000118e-02 2.766227547149956891e-14
4.000000000000000083e-03 2.398830000000000059e-02 2.793586118888325783e-14
4.000000000000000083e-03 2.511880000000000016e-02 2.812656720779500787e-14
4.000000000000000083e-03 2.630260000000000237e-02 2.822881113117510403e-14
4.000000000000000083e-03 2.754220000000000279e-02 2.822838828538087059e-14
4.000000000000000083e-03 2.900000000000000147e-02 2.809561184207028603e-14
4.000000000000000083e-03 3.000000000000000236e-02 2.792481755782903239e-14
4.000000000000000083e-03 3.100000000000000325e-02 2.769172095515641857e-14
4.000000000000000083e-03 3.200000000000000067e-02 2.739971879204839770e-14
4.000000000000000083e-03 3.300000000000000155e-02 2.705205583502756792e-14
4.000000000000000083e-03 3.400000000000000244e-02 2.597221576110799990e-14
4.000000000000000083e-03 3.500000000000000333e-02 2.535790469688149762e-14
4.000000000000000083e-03 3.600000000000000422e-02 2.465890402322078110e-14
4.000000000000000083e-03 3.700000000000000511e-02 2.426831179051418879e-14
4.000000000000000083e-03 3.799999999999999906e-02 2.386375173729941533e-14
4.000000000000000083e-03 3.899999999999999994e-02 2.344612258931337821e-14
4.000000000000000083e-03 4.000000000000000083e-02 2.303237436495048950e-14
4.000000000000000083e-03 4.250000000000000305e-02 2.190449968644252063e-14
4.000000000000000083e-03 4.500000000000000527e-02 2.070624440412506903e-14
4.000000000000000083e-03 4.750000000000000056e-02 1.944641224186091102e-14
4.000000000000000083e-03 5.000000000000000278e-02 1.813000772369756397e-14
4.000000000000000083e-03 5.250000000000000500e-02 1.676076695439129693e-14
4.000000000000000083e-03 5.500000000000000028e-02 1.519885437680569911e-14
4.000000000000000083e-03 5.708800000000000680e-02 1.459492948012004568e-14
4.000000000000000083e-03 6.405380000000000795e-02 1.353865051249273885e-14
4.000000000000000083e-03 7.186960000000000570e-02 1.206982156779640372e-14
4.000000000000000083e-03 8.063900000000000234e-02 1.120212311487106948e-14
4.000000000000000083e-03 9.047849600000000547e-02 1.059294690168879348e-14
4.000000000000000083e-03 1.015180000000000110e-01 9.678076138334969017e-15
4.000000000000000083e-03 1.139060000000000072e-01 1.023692069762111714e-14
4.000000000000000083e-03 1.278040000000000009e-01 9.752673588992863762e-15
4.000000000000000083e-03 1.433990080000000222e-01 9.066507614800351448e-15
4.000000000000000083e-03 1.608960000000000112e-01 8.154479993790765304e-15
4.000000000000000083e-03 1.805289919999999992e-01 7.253963584308324575e-15
4.000000000000000083e-03 2.025569920000000190e-01 7.343932496309791264e-15
4.000000000000000083e-03 2.272720000000000018e-01 7.527067853520443101e-15
4.000000000000000083e-03 2.550040000000000084e-01 7.425518333480964230e-15
4.000000000000000083e-03 2.861190080000000080e-01 6.986118078246341265e-15
4.000000000000000083e-03 3.210310080000000066e-01 6.146099216408407375e-15
4.000000000000000083e-03 3.602030080000000467e-01 5.280498149536454341e-15
4.000000000000000083e-03 4.041539840000000217e-01 4.857279473756754434e-15
4.000000000000000083e-03 4.534689920000000152e-01 4.665290965080661371e-15
4.000000000000000083e-03 5.088009920000000630e-01 4.365584158190788803e-15
4.000000000000000083e-03 5.708839680000000749e-01 4.163533751462187754e-15
4.000000000000000083e-03 6.405429759999999861e-01 4.003551882973823189e-15
4.000000000000000083e-03 7.187009920000000385e-01 3.841900481598354746e-15
4.000000000000000083e-03 8.063960320000000959e-01 3.657572393922145772e-15
4.000000000000000083e-03 9.047920000000000407e-01 3.341729778799142297e-15
4.000000000000000083e-03 1.015190020000000137e+00 3.090961955712218811e-15
4.000000000000000083e-03 1.139069950000000109e+00 3.371350723582756670e-15
4.000000000000000083e-03 1.278050050000000049e+00 5.235529769726039789e-15
4.000000000000000083e-03 1.434000000000000163e+00 3.024055126976635130e-15
4.000000000000000083e-03 1.608979970000000037e+00 2.536149572344261188e-15
4.000000000000000083e-03 1.680000000000000160e+00 2.483441140528061687e-15
4.000000000000000083e-03 1.700000000000000178e+00 2.470209270226452081e-15
4.000000000000000083e-03 1.800000000000000044e+00 2.405763753399841785e-15
4.000000000000000083e-03 1.900000000000000133e+00 2.345538060021441044e-15
4.000000000000000083e-03 2.000000000000000000e+00 2.232999705936725241e-15
4.000000000000000083e-03 2.100000000000000089e+00 2.147036263789234745e-15
4.000000000000000083e-03 2.200000000000000178e+00 2.057683491984981215e-15
4.000000000000000083e-03 2.300000000000000266e+00 2.019662106401192274e-15
4.000000000000000083e-03 2.400000000000000355e+00 1.986799893220029912e-15
4.000000000000000083e-03 2.500000000000000000e+00 1.971578905937930157e-15
4.000000000000000083e-03 2.600000000000000089e+00 2.001972928071602236e-15
4.000000000000000083e-03 2.750000130000000098e+00 1.984109191481432223e-15
4.000000000000000083e-03 3.000000000000000000e+00 1.884429812498114001e-15
4.000000000000000083e-03 3.249999870000000346e+00 1.633589335028552137e-15
4.000000000000000083e-03 3.500000000000000000e+00 1.508338799338358092e-15
4.000000000000000083e-03 3.750000130000000098e+00 1.447352981252280988e-15
4.000000000000000083e-03 4.000000000000000000e+00 1.382306910680555566e-15
4.000000000000000083e-03 4.249999869999999902e+00 1.310496248853533044e-15
4.000000000000000083e-03 4.499999740000000692e+00 1.249702546375682610e-15
4.000000000000000083e-03 4.750000130000000098e+00 1.210252361276441101e-15
4.000000000000000083e-03 5.000000000000000000e+00 1.172250642308356449e-15
4.000000000000000083e-03 5.249999869999999902e+00 1.135751080049937625e-15
4.000000000000000083e-03 5.500000260000000196e+00 1.100734933203161167e-15
4.000000000000000083e-03 5.750000130000000098e+00 1.067500821157447625e-15
4.000000000000000083e-03 6.000000000000000000e+00 1.052146094509848042e-15
4.000000000000000083e-03 6.249999870000000790e+00 1.035291565163766953e-15
4.000000000000000083e-03 6.499999740000000692e+00 1.015456403907206956e-15
4.000000000000000083e-03 6.750000130000000098e+00 9.953309829495343239e-16
4.000000000000000083e-03 7.000000000000000000e+00 9.747943711981296456e-16
4.000000000000000083e-03 7.249999870000000790e+00 9.540300742319796458e-16
4.000000000000000083e-03 7.500000260000000196e+00 9.327817079032091249e-16
4.000000000000000083e-03 7.750000130000000098e+00 9.114928713319372290e-16
4.000000000000000083e-03 8.000000000000000000e+00 8.899409566807427521e-16
4.000000000000000083e-03 8.249999869999999902e+00 8.675435620751537743e-16
4.000000000000000083e-03 8.499999739999999804e+00 8.339287364702792067e-16
4.000000000000000083e-03 8.750000130000000098e+00 8.134419236624147550e-16
4.000000000000000083e-03 8.999999490000000435e+00 7.985857817235599029e-16
4.000000000000000083e-03 9.249999869999999902e+00 7.839581037903713067e-16
4.000000000000000083e-03 9.500000260000000196e+00 7.695818227974279160e-16
4.000000000000000083e-03 9.749999620000000533e+00 7.554819205718315153e-16
4.000000000000000083e-03 1.000000000000000000e+01 7.415457821174620790e-16
4.000000000000000083e-03 1.025000040000000112e+01 7.279221891662812130e-16
4.000000000000000083e-03 1.049999970000000005e+01 7.145399164303085428e-16
4.000000000000000083e-03 1.075000010000000117e+01 7.013836516701885393e-16
4.000000000000000083e-03 1.100000050000000051e+01 6.885221710465278224e-16
4.000000000000000083e-03 1.124999990000000061e+01 6.758073132548773900e-16
4.000000000000000083e-03 1.150000029999999995e+01 6.633770576930310893e-16
4.000000000000000083e-03 1.174999960000000065e+01 6.510618524189108522e-16
4.000000000000000083e-03 1.200000000000000000e+01 6.390672925837257950e-16
4.000000000000000083e-03 1.225000040000000112e+01 6.271904986806781087e-16
4.000000000000000083e-03 1.249999970000000005e+01 6.159766097219601774e-16
4.000000000000000083e-03 1.275000010000000117e+01 6.069397253162448783e-16
4.000000000000000083e-03 1.299999950000000126e+01 5.987864809031048815e-16
4.000000000000000083e-03 1.324999990000000061e+01 5.909435834087810156e-16
4.000000000000000083e-03 1.350000029999999995e+01 5.831796671319444243e-16
4.000000000000000083e-03 1.374999960000000065e+01 5.755801103207732840e-16
4.000000000000000083e-03 1.400000000000000000e+01 5.680366902314935607e-16
4.000000000000000083e-03 1.425000040000000112e+01 5.606930698062429279e-16
4.000000000000000083e-03 1.449999970000000005e+01 5.534848933171242920e-16
4.000000000000000083e-03 1.475000010000000117e+01 5.463891909575543111e-16
4.000000000000000083e-03 1.500000050000000051e+01 5.393521920794860366e-16
4.000000000000000083e-03 1.524999990000000061e+01 5.325490015609428656e-16
4.000000000000000083e-03 1.550000030000000173e+01 5.257963242248427482e-16
4.000000000000000083e-03 1.574999960000000065e+01 5.191050381683947200e-16
4.000000000000000083e-03 1.600000000000000000e+01 5.125669935260734637e-16
4.000000000000000083e-03 1.625000040000000112e+01 5.061715462561894192e-16
4.000000000000000083e-03 1.649999970000000005e+01 4.998099070748699871e-16
4.000000000000000083e-03 1.675000010000000117e+01 4.934722416855768464e-16
4.000000000000000083e-03 1.699999950000000126e+01 4.873671794843595746e-16
4.000000000000000083e-03 1.725000089999999986e+01 4.813699284293043598e-16
4.000000000000000083e-03 1.750000029999999995e+01 4.753731497712155428e-16
4.000000000000000083e-03 1.774999960000000243e+01 4.695167609093524830e-16
4.000000000000000083e-03 1.799999900000000252e+01 4.637670905932728738e-16
4.000000000000000083e-03 1.825000040000000112e+01 4.580620736334567602e-16
4.000000000000000083e-03 1.849999970000000005e+01 4.525581421033285324e-16
4.000000000000000083e-03 1.874999910000000014e+01 4.470634044131086766e-16
4.000000000000000083e-03 1.900000050000000229e+01 4.416039222021085709e-16
4.000000000000000083e-03 1.924999990000000238e+01 4.363460386819811624e-16
4.000000000000000083e-03 1.949999920000000131e+01 4.311122069178336831e-16
4.000000000000000083e-03 1.975000059999999991e+01 4.268714137530615832e-16
4.000000000000000083e-03 2.000000000000000000e+01 4.237234791741726537e-16
2.000000000000000042e-02 0.000000000000000000e+00 1.251227010142155424e-14
2.000000000000000042e-02 1.258929999999999956e-04 1.251227010142155424e-14
2.000000000000000042e-02 1.412539999999999998e-04 1.251227010142155424e-14
2.000000000000000042e-02 1.584890000000000203e-04 1.251227010142155424e-14
2.000000000000000042e-02 1.778280000000000193e-04 1.251227010142155424e-14
2.000000000000000042e-02 1.995270000000000160e-04 1.251227010142155424e-14
2.000000000000000042e-02 2.238730000000000028e-04 1.251227010142155424e-14
2.000000000000000042e-02 2.511890000000000238e-04 1.251227010142155424e-14
2.000000000000000042e-02 2.818390000000000370e-04 1.251227010142155424e-14
2.000000000000000042e-02 3.162290000000000110e-04 1.251227010142155424e-14
2.000000000000000042e-02 3.548150000000000240e-04 1.251227010142155424e-14
2.000000000000000042e-02 3.981090000000000063e-04 1.251227010142155424e-14
2.000000000000000042e-02 4.466860000000000123e-04 1.251227010142155424e-14
2.000000000000000042e-02 5.011899999999999905e-04 1.251227010142155424e-14
2.000000000000000042e-02 5.623439999999999949e-04 1.251227010142155424e-14
2.000000000000000042e-02 6.309610000000000869e-04 1.251227010142155424e-14
2.000000000000000042e-02 7.079500000000000506e-04 1.251227010142155424e-14
2.000000000000000042e-02 7.943340000000000557e-04 1.251227010142155424e-14
2.000000000000000042e-02 8.912570000000000084e-04 1.251227010142155424e-14
2.000000000000000042e-02 1.000000000000000021e-03 1.571931624210031839e-14
2.000000000000000042e-02 1.047130000000000066e-03 1.570836876779202124e-14
2.000000000000000042e-02 1.096480000000000154e-03 1.568917615930727656e-14
2.000000000000000042e-02 1.148150000000000125e-03 1.570380433710763055e-14
2.000000000000000042e-02 1.202260000000000134e-03 1.572312080671282572e-14
2.000000000000000042e-02 1.258930000000000118e-03 1.575675689238399667e-14
2.000000000000000042e-02 1.318260000000000135e-03 1.565232393211534746e-14
2.000000000000000042e-02 1.380380000000000062e-03 1.572213147078091025e-14
2.000000000000000042e-02 1.445440000000000093e-03 1.578088610860039652e-14
2.000000000000000042e-02 1.513560000000000166e-03 1.582828591970218906e-14
2.000000000000000042e-02 1.584890000000000040e-03 1.586435244686551352e-14
2.000000000000000042e-02 1.659590000000000067e-03 1.552390977012910921e-14
2.000000000000000042e-02 1.737800000000000065e-03 1.628602366303115903e-14
2.000000000000000042e-02 1.819700000000000050e-03 1.587711259785926192e-14
2.000000000000000042e-02 1.905460000000000096e-03 1.543282103675568370e-14
2.000000000000000042e-02 1.995260000000000002e-03 1.494999525003321856e-14
2.000000000000000042e-02 2.089290000000000157e-03 1.628004375300096048e-14
2.000000000000000042e-02 2.187759999999999965e-03 1.564465297808514287e-14
2.000000000000000042e-02 2.290869999999999972e-03 1.661108384651882015e-14
2.000000000000000042e-02 2.398830000000000233e-03 1.565461310825114824e-14
2.000000000000000042e-02 2.511880000000000189e-03 2.044894276317710734e-14
2.000000000000000042e-02 2.630270000000000091e-03 1.853992496951875542e-14
2.000000000000000042e-02 2.754230000000000306e-03 2.081207293078518722e-14
2.000000000000000042e-02 2.884030000000000100e-03 1.597069446400649987e-14
2.000000000000000042e-02 3.019949999999999978e-03 2.920243262582432279e-14
2.000000000000000042e-02 3.162270000000000011e-03 3.051983969734028229e-14
2.000000000000000042e-02 3.311310000000000035e-03 3.213580789948229567e-14
2.000000000000000042e-02 3.467360000000000060e-03 3.448363470300308042e-14
2.000000000000000042e-02 3.630780000000000118e-03 3.761664284624851053e-14
2.000000000000000042e-02 3.801890000000000044e-03 4.141407510499639130e-14
2.000000000000000042e-02 3.981070000000000615e-03 4.349610343719815409e-14
2.000000000000000042e-02 4.168690000000000069e-03 4.351578437667566960e-14
2.000000000000000042e-02 4.365149999999999933e-03 4.073555069569035320e-14
2.000000000000000042e-02 4.570880000000000255e-03 3.815459934363459350e-14
2.000000000000000042e-02 4.786290000000000336e-03 4.144356004960399742e-14
2.000000000000000042e-02 5.011859999999999926e-03 4.660352802175622896e-14
2.000000000000000042e-02 5.248070000000000512e-03 5.473122937235614630e-14
2.000000000000000042e-02 5.495400000000000111e-03 6.706973366932218927e-14
2.000000000000000042e-02 5.754390000000000720e-03 7.608128005368813062e-14
2.000000000000000042e-02 6.025590000000000807e-03 7.111237701980471966e-14
2.000000000000000042e-02 6.309560000000000515e-03 7.146527959470962268e-14
2.000000000000000042e-02 6.606920000000000501e-03 7.474085322875261985e-14
2.000000000000000042e-02 6.918300000000000491e-03 7.887789352408118891e-14
2.000000000000000042e-02 7.244350000000000095e-03 8.399487015846036838e-14
2.000000000000000042e-02 7.585760000000000419e-03 9.027006327823612396e-14
2.000000000000000042e-02 7.943270000000000539e-03 9.782655930463497664e-14
2.000000000000000042e-02 8.317620000000001262e-03 1.069260004277589605e-13
2.000000000000000042e-02 8.709620000000001250e-03 1.109482351152463863e-13
2.000000000000000042e-02 9.120090000000000835e-03 9.740798420661325610e-14
2.000000000000000042e-02 9.549900000000000055e-03 9.157767455573776729e-14
2.000000000000000042e-02 9.999980000000000327e-03 8.815152187031348774e-14
2.000000000000000042e-02 1.047130000000000109e-02 8.450894301537601490e-14
2.000000000000000042e-02 1.096480000000000024e-02 8.069041754885202145e-14
2.000000000000000042e-02 1.148150000000000039e-02 7.663635690130789204e-14
2.000000000000000042e-02 1.202260000000000134e-02 7.238866565204732137e-14
2.000000000000000042e-02 1.258920000000000004e-02 6.666303005131684121e-14
2.000000000000000042e-02 1.318250000000000151e-02 5.798428009091346342e-14
2.000000000000000042e-02 1.380380000000000149e-02 5.532058969965732744e-14
2.000000000000000042e-02 1.445440000000000093e-02 5.473421802647273482e-14
2.000000000000000042e-02 1.513560000000000079e-02 5.386722498310883731e-14
2.000000000000000042e-02 1.584890000000000257e-02 5.272429157472272446e-14
2.000000000000000042e-02 1.659580000000000083e-02 5.122202811871292861e-14
2.000000000000000042e-02 1.737800000000000109e-02 4.935092120111387538e-14
2.000000000000000042e-02 1.819700000000000137e-02 4.504548224831427252e-14
2.000000000000000042e-02 1.905460000000000140e-02 4.075230325109527043e-14
2.000000000000000042e-02 1.995260000000000089e-02 3.988521478252357337e-14
2.000000000000000042e-02 2.089290000000000244e-02 3.891696829560858143e-14
2.000000000000000042e-02 2.187760000000000052e-02 3.783962606607498059e-14
2.000000000000000042e-02 2.290860000000000118e-02 3.665165515837809463e-14
2.000000000000000042e-02 2.398830000000000059e-02 3.534331494233441958e-14
2.000000000000000042e-02 2.511880000000000016e-02 3.391060465463404111e-14
2.000000000000000042e-02 2.630260000000000237e-02 3.234529371077826412e-14
2.000000000000000042e-02 2.754220000000000279e-02 3.063751251144917918e-14
2.000000000000000042e-02 2.900000000000000147e-02 2.857726870094117343e-14
2.000000000000000042e-02 3.000000000000000236e-02 2.693641513386877906e-14
2.000000000000000042e-02 3.100000000000000325e-02 2.459553613788779929e-14
2.000000000000000042e-02 3.200000000000000067e-02 2.310887026594820716e-14
2.000000000000000042e-02 3.300000000000000155e-02 2.283442977349018393e-14
2.000000000000000042e-02 3.400000000000000244e-02 2.254242398169505703e-14
2.000000000000000042e-02 3.500000000000000333e-02 2.223313344843747738e-14
2.000000000000000042e-02 3.600000000000000422e-02 2.190723194506052817e-14
2.000000000000000042e-02 3.700000000000000511e-02 2.156554747168256616e-14
2.000000000000000042e-02 3.799999999999999906e-02 2.120966488957976818e-14
2.000000000000000042e-02 3.899999999999999994e-02 2.083921618315408533e-14
2.000000000000000042e-02 4.000000000000000083e-02 2.046300177153697506e-14
2.000000000000000042e-02 4.250000000000000305e-02 1.944053998130429725e-14
2.000000000000000042e-02 4.500000000000000527e-02 1.834335335855476536e-14
2.000000000000000042e-02 4.750000000000000056e-02 1.717798220231494972e-14
2.000000000000000042e-02 5.000000000000000278e-02 1.585678267323397786e-14
2.000000000000000042e-02 5.250000000000000500e-02 1.468385127111801423e-14
2.000000000000000042e-02 5.500000000000000028e-02 1.415459106417847958e-14
2.000000000000000042e-02 5.708800000000000680e-02 1.392264284153476325e-14
2.000000000000000042e-02 6.405380000000000795e-02 1.295633778461392183e-14
2.000000000000000042e-02 7.186960000000000570e-02 1.151500371055166116e-14
2.000000000000000042e-02 8.063900000000000234e-02 1.073976169249718228e-14
2.000000000000000042e-02 9.047849600000000547e-02 1.012647305470189429e-14
2.000000000000000042e-02 1.015180000000000110e-01 9.189195153023693982e-15
2.000000000000000042e-02 1.139060000000000072e-01 8.170165857954950628e-15
2.000000000000000042e-02 1.278040000000000009e-01 8.834984295513589330e-15
2.000000000000000042e-02 1.433990080000000222e-01 8.330887959635901586e-15
2.000000000000000042e-02 1.608960000000000112e-01 7.630870226015997670e-15
2.000000000000000042e-02 1.805289919999999992e-01 6.717362159719331537e-15
2.000000000000000042e-02 2.025569920000000190e-01 6.224741609141756370e-15
2.000000000000000042e-02 2.272720000000000018e-01 6.117820191184765391e-15
2.000000000000000042e-02 2.550040000000000084e-01 6.071749508170811613e-15
2.000000000000000042e-02 2.861190080000000080e-01 5.887000760737669623e-15
2.000000000000000042e-02 3.210310080000000066e-01 5.539320882913328097e-15
2.000000000000000042e-02 3.602030080000000467e-01 4.999926981513221906e-15
2.000000000000000042e-02 4.041539840000000217e-01 4.561037764980993249e-15
2.000000000000000042e-02 4.534689920000000152e-01 4.309688192957573201e-15
2.000000000000000042e-02 5.088009920000000630e-01 4.208225418541557296e-15
2.000000000000000042e-02 5.708839680000000749e-01 4.084707857658181655e-15
2.000000000000000042e-02 6.405429759999999861e-01 3.837122314901069641e-15
2.000000000000000042e-02 7.187009920000000385e-01 3.604363399709202440e-15
2.000000000000000042e-02 8.063960320000000959e-01 3.394753448645469384e-15
2.000000000000000042e-02 9.047920000000000407e-01 3.203670976695506704e-15
2.000000000000000042e-02 1.015190020000000137e+00 3.139598424641670055e-15
2.000000000000000042e-02 1.139069950000000109e+00 3.805182553468833970e-15
2.000000000000000042e-02 1.278050050000000049e+00 3.181636550240044453e-15
2.000000000000000042e-02 1.434000000000000163e+00 2.534640491863343904e-15
2.000000000000000042e-02 1.608979970000000037e+00 2.406689469198943071e-15
2.000000000000000042e-02 1.680000000000000160e+00 2.350014177275256818e-15
2.000000000000000042e-02 1.700000000000000178e+00 2.333864916073661313e-15
2.000000000000000042e-02 1.800000000000000044e+00 2.262147306354906450e-15
2.000000000000000042e-02 1.900000000000000133e+00 2.222188637061735479e-15
2.000000000000000042e-02 2.000000000000000000e+00 2.176751579966150602e-15
2.000000000000000042e-02 2.100000000000000089e+00 2.126949793191674048e-15
2.000000000000000042e-02 2.200000000000000178e+00 2.070115463502569862e-15
2.000000000000000042e-02 2.300000000000000266e+00 1.978841387704551802e-15
2.000000000000000042e-02 2.400000000000000355e+00 1.890011188826396941e-15
2.000000000000000042e-02 2.500000000000000000e+00 1.835438361792940816e-15
2.000000000000000042e-02 2.600000000000000089e+00 1.803399990613877041e-15
2.000000000000000042e-02 2.750000130000000098e+00 1.762948939799757890e-15
2.000000000000000042e-02 3.000000000000000000e+00 1.728326779859422828e-15
2.000000000000000042e-02 3.249999870000000346e+00 1.662657157750619928e-15
2.000000000000000042e-02 3.500000000000000000e+00 1.563825852481403560e-15
2.000000000000000042e-02 3.750000130000000098e+00 1.410917727029590679e-15
2.000000000000000042e-02 4.000000000000000000e+00 1.352083752360432744e-15
2.000000000000000042e-02 4.249999869999999902e+00 1.293011412881033843e-15
2.000000000000000042e-02 4.499999740000000692e+00 1.232093139092349162e-15
2.000000000000000042e-02 4.750000130000000098e+00 1.152811533483754525e-15
2.000000000000000042e-02 5.000000000000000000e+00 1.124812092676047177e-15
2.000000000000000042e-02 5.249999869999999902e+00 1.096127497312922013e-15
2.000000000000000042e-02 5.500000260000000196e+00 1.067400683825323816e-15
2.000000000000000042e-02 5.750000130000000098e+00 1.038285846332225649e-15
2.000000000000000042e-02 6.000000000000000000e+00 1.008757344870203323e-15
2.000000000000000042e-02 6.249999870000000790e+00 9.704782137307100538e-16
2.000000000000000042e-02 6.499999740000000692e+00 9.455012894722059506e-16
2.000000000000000042e-02 6.750000130000000098e+00 9.292016680399584155e-16
2.000000000000000042e-02 7.000000000000000000e+00 9.129731239061916512e-16
2.000000000000000042e-02 7.249999870000000790e+00 8.970088546909343205e-16
2.000000000000000042e-02 7.500000260000000196e+00 8.814776707818279175e-16
2.000000000000000042e-02 7.750000130000000098e+00 8.661040632540165942e-16
2.000000000000000042e-02 8.000000000000000000e+00 8.507833219186768473e-16
2.000000000000000042e-02 8.249999869999999902e+00 8.359468637814300704e-16
2.000000000000000042e-02 8.499999739999999804e+00 8.215309832390294300e-16
2.000000000000000042e-02 8.750000130000000098e+00 8.070238647142578573e-16
2.000000000000000042e-02 8.999999490000000435e+00 7.928816823274709634e-16
2.000000000000000042e-02 9.249999869999999902e+00 7.789077232512689076e-16
2.000000000000000042e-02 9.500000260000000196e+00 7.654050589877612463e-16
2.000000000000000042e-02 9.749999620000000533e+00 7.515761222204960156e-16
2.000000000000000042e-02 1.000000000000000000e+01 7.380857756387289409e-16
2.000000000000000042e-02 1.025000040000000112e+01 7.249982385516761961e-16
2.000000000000000042e-02 1.049999970000000005e+01 7.119759293680563751e-16
2.000000000000000042e-02 1.075000010000000117e+01 6.993497009404763910e-16
2.000000000000000042e-02 1.100000050000000051e+01 6.865000939454113929e-16
2.000000000000000042e-02 1.124999990000000061e+01 6.742542728512907862e-16
2.000000000000000042e-02 1.150000029999999995e+01 6.618469219809833231e-16
2.000000000000000042e-02 1.174999960000000065e+01 6.499092696418616623e-16
2.000000000000000042e-02 1.200000000000000000e+01 6.378798666100690993e-16
2.000000000000000042e-02 1.225000040000000112e+01 6.254375497204356921e-16
2.000000000000000042e-02 1.249999970000000005e+01 6.073302345657257679e-16
2.000000000000000042e-02 1.275000010000000117e+01 5.965641501191646547e-16
2.000000000000000042e-02 1.299999950000000126e+01 5.896333916063729027e-16
2.000000000000000042e-02 1.324999990000000061e+01 5.827561037868229804e-16
2.000000000000000042e-02 1.350000029999999995e+01 5.760485589640135516e-16
2.000000000000000042e-02 1.374999960000000065e+01 5.694122057726458837e-16
2.000000000000000042e-02 1.400000000000000000e+01 5.628528416980859574e-16
2.000000000000000042e-02 1.425000040000000112e+01 5.565605217156813756e-16
2.000000000000000042e-02 1.449999970000000005e+01 5.501368678707188455e-16
2.000000000000000042e-02 1.475000010000000117e+01 5.439593303980352414e-16
2.000000000000000042e-02 1.500000050000000051e+01 5.378417993506617186e-16
2.000000000000000042e-02 1.524999990000000061e+01 5.317200473685049546e-16
2.000000000000000042e-02 1.550000030000000173e+01 5.258680646275330689e-16
2.000000000000000042e-02 1.574999960000000065e+01 5.200639688202671830e-16
2.000000000000000042e-02 1.600000000000000000e+01 5.143438742364036316e-16
2.000000000000000042e-02 1.625000040000000112e+01 5.085963927144550712e-16
2.000000000000000042e-02 1.649999970000000005e+01 5.030800711814013155e-16
2.000000000000000042e-02 1.675000010000000117e+01 4.975702694708357218e-16
2.000000000000000042e-02 1.699999950000000126e+01 4.921318234637860176e-16
2.000000000000000042e-02 1.725000089999999986e+01 4.867727617547043475e-16
2.000000000000000042e-02 1.750000029999999995e+01 4.815486243696003029e-16
2.000000000000000042e-02 1.774999960000000243e+01 4.763045844841771974e-16
2.000000000000000042e-02 1.799999900000000252e+01 4.712345910342320757e-16
2.000000000000000042e-02 1.825000040000000112e+01 4.663260465883049205e-16
2.000000000000000042e-02 1.849999970000000005e+01 4.616044486253838739e-16
2.000000000000000042e-02 1.874999910000000014e+01 4.598113774732014283e-16
2.000000000000000042e-02 1.900000050000000229e+01 4.575586861624881335e-16
2.000000000000000042e-02 1.924999990000000238e+01 4.538269309489139603e-16
2.000000000000000042e-02 1.949999920000000131e+01 4.501869959521899933e-16
2.000000000000000042e-02 1.975000059999999991e+01 4.467253116648654207e-16
2.000000000000000042e-02 2.000000000000000000e+01 4.431587687714441104e-16
