4.000000000000000192e-04 0.000000000000000000e+00 2.247633896147641835e-15
4.000000000000000192e-04 1.258929999999999956e-04 2.247633896147641835e-15
4.000000000000000192e-04 1.412539999999999998e-04 2.247633896147641835e-15
4.000000000000000192e-04 1.584890000000000203e-04 2.247633896147641835e-15
4.000000000000000192e-04 1.778280000000000193e-04 2.247633896147641835e-15
4.000000000000000192e-04 1.995270000000000160e-04 2.247633896147641835e-15
4.000000000000000192e-04 2.238730000000000028e-04 2.247633896147641835e-15
4.000000000000000192e-04 2.511890000000000238e-04 2.247633896147641835e-15
4.000000000000000192e-04 2.818390000000000370e-04 2.247633896147641835e-15
4.000000000000000192e-04 3.162290000000000110e-04 2.247633896147641835e-15
4.000000000000000192e-04 3.548150000000000240e-04 2.247633896147641835e-15
4.000000000000000192e-04 3.981090000000000063e-04 2.247633896147641835e-15
4.000000000000000192e-04 4.466860000000000123e-04 2.247633896147641835e-15
4.000000000000000192e-04 5.011899999999999905e-04 2.247633896147641835e-15
4.000000000000000192e-04 5.623439999999999949e-04 2.247633896147641835e-15
4.000000000000000192e-04 6.309610000000000869e-04 2.247633896147641835e-15
4.000000000000000192e-04 7.079500000000000506e-04 2.247633896147641835e-15
4.000000000000000192e-04 7.943340000000000557e-04 2.247633896147641835e-15
4.000000000000000192e-04 8.912570000000000084e-04 2.247633896147641835e-15
4.000000000000000192e-04 1.000000000000000021e-03 2.247633896147641835e-15
4.000000000000000192e-04 1.047130000000000066e-03 2.247633896147641835e-15
4.000000000000000192e-04 1.096480000000000154e-03 2.247633896147641835e-15
4.000000000000000192e-04 1.148150000000000125e-03 2.247633896147641835e-15
4.000000000000000192e-04 1.202260000000000134e-03 2.247633896147641835e-15
4.000000000000000192e-04 1.258930000000000118e-03 2.247633896147641835e-15
4.000000000000000192e-04 1.318260000000000135e-03 2.247633896147641835e-15
4.000000000000000192e-04 1.380380000000000062e-03 2.247633896147641835e-15
4.000000000000000192e-04 1.445440000000000093e-03 2.247633896147641835e-15
4.000000000000000192e-04 1.513560000000000166e-03 2.286134297640724453e-15
4.000000000000000192e-04 1.584890000000000040e-03 2.200763605686907764e-15
4.000000000000000192e-04 1.659590000000000067e-03 2.117606287750610053e-15
4.000000000000000192e-04 1.737800000000000065e-03 2.037167283468753559e-15
4.000000000000000192e-04 1.819700000000000050e-03 1.960020278430243117e-15
4.000000000000000192e-04 1.905460000000000096e-03 2.241552962261790993e-15
4.000000000000000192e-04 1.995260000000000002e-03 2.081502493743783919e-15
4.000000000000000192e-04 2.089290000000000157e-03 2.450251862035157782e-15
4.000000000000000192e-04 2.187759999999999965e-03 2.189786437092447124e-15
4.000000000000000192e-04 2.290869999999999972e-03 2.370925121593410817e-15
4.000000000000000192e-04 2.398830000000000233e-03 2.068233179170164775e-15
4.000000000000000192e-04 2.511880000000000189e-03 1.967640058169896095e-15
4.000000000000000192e-04 2.630270000000000091e-03 2.293594275463008380e-15
4.000000000000000192e-04 2.754230000000000306e-03 3.553941787338967846e-15
4.000000000000000192e-04 2.884030000000000100e-03 5.576463411527829587e-15
4.000000000000000192e-04 3.019949999999999978e-03 9.893967510761095933e-15
4.000000000000000192e-04 3.162270000000000011e-03 2.210761371039828211e-14
4.000000000000000192e-04 3.311310000000000035e-03 2.745783707308761127e-14
4.000000000000000192e-04 3.467360000000000060e-03 3.273893958306904080e-14
4.000000000000000192e-04 3.630780000000000118e-03 3.730974916683332953e-14
4.000000000000000192e-04 3.801890000000000044e-03 3.922198590092761967e-14
4.000000000000000192e-04 3.981070000000000615e-03 3.945934711667170814e-14
4.000000000000000192e-04 4.168690000000000069e-03 4.009896291225130781e-14
4.000000000000000192e-04 4.365149999999999933e-03 2.862836680809149538e-14
4.000000000000000192e-04 4.570880000000000255e-03 2.237918446363516266e-14
4.000000000000000192e-04 4.786290000000000336e-03 1.658035859426305536e-14
4.000000000000000192e-04 5.011859999999999926e-03 1.155812297245689665e-14
4.000000000000000192e-04 5.248070000000000512e-03 7.688828736277703982e-15
4.000000000000000192e-04 5.495400000000000111e-03 5.239869856715754040e-15
4.000000000000000192e-04 5.754390000000000720e-03 5.048713143247064468e-15
4.000000000000000192e-04 6.025590000000000807e-03 4.802076873219018608e-15
4.000000000000000192e-04 6.309560000000000515e-03 4.489512898979280377e-15
4.000000000000000192e-04 6.606920000000000501e-03 4.082953479000602351e-15
4.000000000000000192e-04 6.918300000000000491e-03 3.469193213585935359e-15
4.000000000000000192e-04 7.244350000000000095e-03 3.476030708569706899e-15
4.000000000000000192e-04 7.585760000000000419e-03 3.472413956610263144e-15
4.000000000000000192e-04 7.943270000000000539e-03 3.455815677238310980e-15
4.000000000000000192e-04 8.317620000000001262e-03 3.426897563041494415e-15
4.000000000000000192e-04 8.709620000000001250e-03 3.383767743527390918e-15
4.000000000000000192e-04 9.120090000000000835e-03 3.319524621861984195e-15
4.000000000000000192e-04 9.549900000000000055e-03 3.237021736711854171e-15
4.000000000000000192e-04 9.999980000000000327e-03 3.122634794043945098e-15
4.000000000000000192e-04 1.047130000000000109e-02 3.370837506124179465e-15
4.000000000000000192e-04 1.096480000000000024e-02 3.789556353138183204e-15
4.000000000000000192e-04 1.148150000000000039e-02 4.375493673551496522e-15
4.000000000000000192e-04 1.202260000000000134e-02 4.924887724865809887e-15
4.000000000000000192e-04 1.258920000000000004e-02 5.431996770732147035e-15
4.000000000000000192e-04 1.318250000000000151e-02 5.878856542765560234e-15
4.000000000000000192e-04 1.380380000000000149e-02 6.257525566356561252e-15
4.000000000000000192e-04 1.445440000000000093e-02 6.556563097183930279e-15
4.000000000000000192e-04 1.513560000000000079e-02 6.399792462321467127e-15
4.000000000000000192e-04 1.584890000000000257e-02 6.305682150099999114e-15
4.000000000000000192e-04 1.659580000000000083e-02 6.358976126871330858e-15
4.000000000000000192e-04 1.737800000000000109e-02 6.379805797154220367e-15
4.000000000000000192e-04 1.819700000000000137e-02 6.370413412070916355e-15
4.000000000000000192e-04 1.905460000000000140e-02 6.314437084262632624e-15
4.000000000000000192e-04 1.995260000000000089e-02 6.212295394806253032e-15
4.000000000000000192e-04 2.089290000000000244e-02 5.804238198158382278e-15
4.000000000000000192e-04 2.187760000000000052e-02 5.733526727532103583e-15
4.000000000000000192e-04 2.290860000000000118e-02 5.823577329739139816e-15
4.000000000000000192e-04 2.398830000000000059e-02 5.889732532300626741e-15
4.000000000000000192e-04 2.511880000000000016e-02 5.928468481271710191e-15
4.000000000000000192e-04 2.630260000000000237e-02 5.937665014387418164e-15
4.000000000000000192e-04 2.754220000000000279e-02 5.913498940066381601e-15
4.000000000000000192e-04 2.900000000000000147e-02 5.842880051481748979e-15
4.000000000000000192e-04 3.000000000000000236e-02 5.768629828108304502e-15
4.000000000000000192e-04 3.100000000000000325e-02 5.674261668916417233e-15
4.000000000000000192e-04 3.200000000000000067e-02 5.560312357046388207e-15
4.000000000000000192e-04 3.300000000000000155e-02 5.336726360920213454e-15
4.000000000000000192e-04 3.400000000000000244e-02 5.286972337711447829e-15
4.000000000000000192e-04 3.500000000000000333e-02 5.196804138884847687e-15
4.000000000000000192e-04 3.600000000000000422e-02 5.178843502167526799e-15
4.000000000000000192e-04 3.700000000000000511e-02 5.154387461976740463e-15
4.000000000000000192e-04 3.799999999999999906e-02 5.123306208505006735e-15
4.000000000000000192e-04 3.899999999999999994e-02 5.086133064738438884e-15
4.000000000000000192e-04 4.000000000000000083e-02 5.042738293347604503e-15
4.000000000000000192e-04 4.250000000000000305e-02 4.907892607027064562e-15
4.000000000000000192e-04 4.500000000000000527e-02 4.737807194298713778e-15
4.000000000000000192e-04 4.750000000000000056e-02 4.534117132500721540e-15
4.000000000000000192e-04 5.000000000000000278e-02 4.243836897284671064e-15
4.000000000000000192e-04 5.250000000000000500e-02 4.079106794275555029e-15
4.000000000000000192e-04 5.500000000000000028e-02 3.964930229944741356e-15
4.000000000000000192e-04 5.708800000000000680e-02 3.933650807659956324e-15
4.000000000000000192e-04 6.405380000000000795e-02 3.755868765308126166e-15
4.000000000000000192e-04 7.186960000000000570e-02 3.653685580603030935e-15
4.000000000000000192e-04 8.063900000000000234e-02 3.622126982905721124e-15
4.000000000000000192e-04 9.047849600000000547e-02 3.476450476877461967e-15
4.000000000000000192e-04 1.015180000000000110e-01 3.282343283038098004e-15
4.000000000000000192e-04 1.139060000000000072e-01 5.240555658004936943e-15
4.000000000000000192e-04 1.278040000000000009e-01 4.882052659148900370e-15
4.000000000000000192e-04 1.433990080000000222e-01 4.426430578693017144e-15
4.000000000000000192e-04 1.608960000000000112e-01 3.986437980056482950e-15
4.000000000000000192e-04 1.805289919999999992e-01 3.766638915598541313e-15
4.000000000000000192e-04 2.025569920000000190e-01 3.646123894089964006e-15
4.000000000000000192e-04 2.272720000000000018e-01 3.469436042985443456e-15
4.000000000000000192e-04 2.550040000000000084e-01 3.226434037215976461e-15
4.000000000000000192e-04 2.861190080000000080e-01 2.933230793663859735e-15
4.000000000000000192e-04 3.210310080000000066e-01 2.663975070202694705e-15
4.000000000000000192e-04 3.602030080000000467e-01 2.503144541690894020e-15
4.000000000000000192e-04 4.041539840000000217e-01 2.281156750198357466e-15
4.000000000000000192e-04 4.534689920000000152e-01 2.044047136859865286e-15
4.000000000000000192e-04 5.088009920000000630e-01 1.847040520124639666e-15
4.000000000000000192e-04 5.708839680000000749e-01 1.782842676771217466e-15
4.000000000000000192e-04 6.405429759999999861e-01 1.712712762301624037e-15
4.000000000000000192e-04 7.187009920000000385e-01 1.626002048150917750e-15
4.000000000000000192e-04 8.063960320000000959e-01 1.540071194010183069e-15
4.000000000000000192e-04 9.047920000000000407e-01 1.440968395547746079e-15
4.000000000000000192e-04 1.015190020000000137e+00 1.540153031319367731e-15
4.000000000000000192e-04 1.139069950000000109e+00 1.752970920359154562e-15
4.000000000000000192e-04 1.278050050000000049e+00 1.605440204656611091e-15
4.000000000000000192e-04 1.434000000000000163e+00 1.601156428730091933e-15
4.000000000000000192e-04 1.608979970000000037e+00 1.553256477398314610e-15
4.000000000000000192e-04 1.680000000000000160e+00 1.570795698749590966e-15
4.000000000000000192e-04 1.700000000000000178e+00 1.599890486478852258e-15
4.000000000000000192e-04 1.800000000000000044e+00 1.614578933383559410e-15
4.000000000000000192e-04 1.900000000000000133e+00 1.613569511252566359e-15
4.000000000000000192e-04 2.000000000000000000e+00 1.567261079010893019e-15
4.000000000000000192e-04 2.100000000000000089e+00 1.469405384826469722e-15
4.000000000000000192e-04 2.200000000000000178e+00 1.359039459334913530e-15
4.000000000000000192e-04 2.300000000000000266e+00 1.323696502447934620e-15
4.000000000000000192e-04 2.400000000000000355e+00 1.289005532283192458e-15
4.000000000000000192e-04 2.500000000000000000e+00 1.254807180043706135e-15
4.000000000000000192e-04 2.600000000000000089e+00 1.219680460281266035e-15
4.000000000000000192e-04 2.750000130000000098e+00 1.149661325949607079e-15
4.000000000000000192e-04 3.000000000000000000e+00 1.084249207360221304e-15
4.000000000000000192e-04 3.249999870000000346e+00 1.041055594349144397e-15
4.000000000000000192e-04 3.500000000000000000e+00 9.873147480833504090e-16
4.000000000000000192e-04 3.750000130000000098e+00 9.398563418991454740e-16
4.000000000000000192e-04 4.000000000000000000e+00 9.106916872563363527e-16
4.000000000000000192e-04 4.249999869999999902e+00 8.810164555359670020e-16
4.000000000000000192e-04 4.499999740000000692e+00 8.495881854174568070e-16
4.000000000000000192e-04 4.750000130000000098e+00 8.147656700209904202e-16
4.000000000000000192e-04 5.000000000000000000e+00 7.803070816156329723e-16
4.000000000000000192e-04 5.249999869999999902e+00 7.548729745541833789e-16
4.000000000000000192e-04 5.500000260000000196e+00 7.298282514689088894e-16
4.000000000000000192e-04 5.750000130000000098e+00 7.055353225446202176e-16
4.000000000000000192e-04 6.000000000000000000e+00 6.812486833009355226e-16
4.000000000000000192e-04 6.249999870000000790e+00 6.569899811826488859e-16
4.000000000000000192e-04 6.499999740000000692e+00 6.331434989644827314e-16
4.000000000000000192e-04 6.750000130000000098e+00 6.021677409123673289e-16
4.000000000000000192e-04 7.000000000000000000e+00 5.832189801469363137e-16
4.000000000000000192e-04 7.249999870000000790e+00 5.719047420645562926e-16
4.000000000000000192e-04 7.500000260000000196e+00 5.609228389446039320e-16
4.000000000000000192e-04 7.750000130000000098e+00 5.497301545660911341e-16
4.000000000000000192e-04 8.000000000000000000e+00 5.386308648114246545e-16
4.000000000000000192e-04 8.249999869999999902e+00 5.276081883930489592e-16
4.000000000000000192e-04 8.499999739999999804e+00 5.168420329256816327e-16
4.000000000000000192e-04 8.750000130000000098e+00 5.061649502261951372e-16
4.000000000000000192e-04 8.999999490000000435e+00 4.953502615836639104e-16
4.000000000000000192e-04 9.249999869999999902e+00 4.845119661099120088e-16
4.000000000000000192e-04 9.500000260000000196e+00 4.740423392946662319e-16
4.000000000000000192e-04 9.749999620000000533e+00 4.637193706434895038e-16
4.000000000000000192e-04 1.000000000000000000e+01 4.534845279691402131e-16
4.000000000000000192e-04 1.025000040000000112e+01 4.463833337182176413e-16
4.000000000000000192e-04 1.049999970000000005e+01 4.403670122774231325e-16
4.000000000000000192e-04 1.075000010000000117e+01 4.344234752082572893e-16
4.000000000000000192e-04 1.100000050000000051e+01 4.283076934378941082e-16
4.000000000000000192e-04 1.124999990000000061e+01 4.225819149916569636e-16
4.000000000000000192e-04 1.150000029999999995e+01 4.168616782570662383e-16
4.000000000000000192e-04 1.174999960000000065e+01 4.112887861830033205e-16
4.000000000000000192e-04 1.200000000000000000e+01 4.056181433857157299e-16
4.000000000000000192e-04 1.225000040000000112e+01 4.004166430115421487e-16
4.000000000000000192e-04 1.249999970000000005e+01 3.948568444813153236e-16
4.000000000000000192e-04 1.275000010000000117e+01 3.895297858588390110e-16
4.000000000000000192e-04 1.299999950000000126e+01 3.843167778306183004e-16
4.000000000000000192e-04 1.324999990000000061e+01 3.792041296999415935e-16
4.000000000000000192e-04 1.350000029999999995e+01 3.741448506010062687e-16
4.000000000000000192e-04 1.374999960000000065e+01 3.689747835988224839e-16
4.000000000000000192e-04 1.400000000000000000e+01 3.639975151326204377e-16
4.000000000000000192e-04 1.425000040000000112e+01 3.591797668502967157e-16
4.000000000000000192e-04 1.449999970000000005e+01 3.543344841322868879e-16
4.000000000000000192e-04 1.475000010000000117e+01 3.492764672610681551e-16
4.000000000000000192e-04 1.500000050000000051e+01 3.445284138520031555e-16
4.000000000000000192e-04 1.524999990000000061e+01 3.396157071005241097e-16
4.000000000000000192e-04 1.550000030000000173e+01 3.317165769284654121e-16
4.000000000000000192e-04 1.574999960000000065e+01 3.283591231337596940e-16
4.000000000000000192e-04 1.600000000000000000e+01 3.253767803285207412e-16
4.000000000000000192e-04 1.625000040000000112e+01 3.223286710899724619e-16
4.000000000000000192e-04 1.649999970000000005e+01 3.193303028758244276e-16
4.000000000000000192e-04 1.675000010000000117e+01 3.166970416717531323e-16
4.000000000000000192e-04 1.699999950000000126e+01 3.135642237431922683e-16
4.000000000000000192e-04 1.725000089999999986e+01 3.107092734907670505e-16
4.000000000000000192e-04 1.750000029999999995e+01 3.082242956245780312e-16
4.000000000000000192e-04 1.774999960000000243e+01 3.051381191941052287e-16
4.000000000000000192e-04 1.799999900000000252e+01 3.024733686105208104e-16
4.000000000000000192e-04 1.825000040000000112e+01 2.997359939616871230e-16
4.000000000000000192e-04 1.849999970000000005e+01 2.970954442054201170e-16
4.000000000000000192e-04 1.874999910000000014e+01 2.942051222064488263e-16
4.000000000000000192e-04 1.900000050000000229e+01 2.918920352803381649e-16
4.000000000000000192e-04 1.924999990000000238e+01 2.893456795764204929e-16
4.000000000000000192e-04 1.949999920000000131e+01 2.864989881434216829e-16
4.000000000000000192e-04 1.975000059999999991e+01 2.843138093454541847e-16
4.000000000000000192e-04 2.000000000000000000e+01 2.818864500590285677e-16
8.000000000000000167e-03 0.000000000000000000e+00 3.682414852009955000e-15
8.000000000000000167e-03 1.258929999999999956e-04 3.682414852009955000e-15
8.000000000000000167e-03 1.412539999999999998e-04 3.682414852009955000e-15
8.000000000000000167e-03 1.584890000000000203e-04 3.682414852009955000e-15
8.000000000000000167e-03 1.778280000000000193e-04 3.682414852009955000e-15
8.000000000000000167e-03 1.995270000000000160e-04 3.682414852009955000e-15
8.000000000000000167e-03 2.238730000000000028e-04 3.682414852009955000e-15
8.000000000000000167e-03 2.511890000000000238e-04 3.682414852009955000e-15
8.000000000000000167e-03 2.818390000000000370e-04 3.682414852009955000e-15
8.000000000000000167e-03 3.162290000000000110e-04 3.682414852009955000e-15
8.000000000000000167e-03 3.548150000000000240e-04 3.682414852009955000e-15
8.000000000000000167e-03 3.981090000000000063e-04 3.682414852009955000e-15
8.000000000000000167e-03 4.466860000000000123e-04 3.682414852009955000e-15
8.000000000000000167e-03 5.011899999999999905e-04 3.682414852009955000e-15
8.000000000000000167e-03 5.623439999999999949e-04 3.682414852009955000e-15
8.000000000000000167e-03 6.309610000000000869e-04 3.682414852009955000e-15
8.000000000000000167e-03 7.079500000000000506e-04 3.682414852009955000e-15
8.000000000000000167e-03 7.943340000000000557e-04 3.682414852009955000e-15
8.000000000000000167e-03 8.912570000000000084e-04 3.682414852009955000e-15
8.000000000000000167e-03 1.000000000000000021e-03 3.682414852009955000e-15
8.000000000000000167e-03 1.047130000000000066e-03 3.682414852009955000e-15
8.000000000000000167e-03 1.096480000000000154e-03 3.682414852009955000e-15
8.000000000000000167e-03 1.148150000000000125e-03 3.682414852009955000e-15
8.000000000000000167e-03 1.202260000000000134e-03 3.682414852009955000e-15
8.000000000000000167e-03 1.258930000000000118e-03 3.682414852009955000e-15
8.000000000000000167e-03 1.318260000000000135e-03 3.682414852009955000e-15
8.000000000000000167e-03 1.380380000000000062e-03 3.682414852009955000e-15
8.000000000000000167e-03 1.445440000000000093e-03 3.682414852009955000e-15
8.000000000000000167e-03 1.513560000000000166e-03 3.682414852009955000e-15
8.000000000000000167e-03 1.584890000000000040e-03 3.682414852009955000e-15
8.000000000000000167e-03 1.659590000000000067e-03 3.682414852009955000e-15
8.000000000000000167e-03 1.737800000000000065e-03 4.423083154631927267e-15
8.000000000000000167e-03 1.819700000000000050e-03 4.424960870426846190e-15
8.000000000000000167e-03 1.905460000000000096e-03 4.436332558789338699e-15
8.000000000000000167e-03 1.995260000000000002e-03 4.478121094027875743e-15
8.000000000000000167e-03 2.089290000000000157e-03 4.558932011133256022e-15
8.000000000000000167e-03 2.187759999999999965e-03 5.057215428592903872e-15
8.000000000000000167e-03 2.290869999999999972e-03 5.187843398876616006e-15
8.000000000000000167e-03 2.398830000000000233e-03 5.499555203808575334e-15
8.000000000000000167e-03 2.511880000000000189e-03 5.927163071403759932e-15
8.000000000000000167e-03 2.630270000000000091e-03 6.097547826700004172e-15
8.000000000000000167e-03 2.754230000000000306e-03 6.612814084094784004e-15
8.000000000000000167e-03 2.884030000000000100e-03 7.136118233119936997e-15
8.000000000000000167e-03 3.019949999999999978e-03 7.737300586748508239e-15
8.000000000000000167e-03 3.162270000000000011e-03 9.511433823844972070e-15
8.000000000000000167e-03 3.311310000000000035e-03 1.019737420112365615e-14
8.000000000000000167e-03 3.467360000000000060e-03 1.080915964712793096e-14
8.000000000000000167e-03 3.630780000000000118e-03 1.125602786329735457e-14
8.000000000000000167e-03 3.801890000000000044e-03 1.190576489391487087e-14
8.000000000000000167e-03 3.981070000000000615e-03 1.099413878333944250e-14
8.000000000000000167e-03 4.168690000000000069e-03 1.143647436382617915e-14
8.000000000000000167e-03 4.365149999999999933e-03 1.203846285778791003e-14
8.000000000000000167e-03 4.570880000000000255e-03 1.288225732245308299e-14
8.000000000000000167e-03 4.786290000000000336e-03 1.419396419843957479e-14
8.000000000000000167e-03 5.011859999999999926e-03 1.433976995817868337e-14
8.000000000000000167e-03 5.248070000000000512e-03 1.785061484967993614e-14
8.000000000000000167e-03 5.495400000000000111e-03 2.376547040416356125e-14
8.000000000000000167e-03 5.754390000000000720e-03 3.275754390636636733e-14
8.000000000000000167e-03 6.025590000000000807e-03 4.535883761528427757e-14
8.000000000000000167e-03 6.309560000000000515e-03 5.560145153378956788e-14
8.000000000000000167e-03 6.606920000000000501e-03 5.840989027349573589e-14
8.000000000000000167e-03 6.918300000000000491e-03 5.481001124039638678e-14
8.000000000000000167e-03 7.244350000000000095e-03 5.331815672610793305e-14
8.000000000000000167e-03 7.585760000000000419e-03 5.160603375612835414e-14
8.000000000000000167e-03 7.943270000000000539e-03 4.965179760544627672e-14
8.000000000000000167e-03 8.317620000000001262e-03 4.745195353491293346e-14
8.000000000000000167e-03 8.709620000000001250e-03 4.499577255729568523e-14
8.000000000000000167e-03 9.120090000000000835e-03 4.226285464153555087e-14
8.000000000000000167e-03 9.549900000000000055e-03 3.550160158153573447e-14
8.000000000000000167e-03 9.999980000000000327e-03 3.224983755614546696e-14
8.000000000000000167e-03 1.047130000000000109e-02 2.846073058961253873e-14
8.000000000000000167e-03 1.096480000000000024e-02 2.779124099057456187e-14
8.000000000000000167e-03 1.148150000000000039e-02 2.707856362754361464e-14
8.000000000000000167e-03 1.202260000000000134e-02 2.631965689457993587e-14
8.000000000000000167e-03 1.258920000000000004e-02 2.551614535875435504e-14
8.000000000000000167e-03 1.318250000000000151e-02 2.466650074778899114e-14
8.000000000000000167e-03 1.380380000000000149e-02 2.377361969154800937e-14
8.000000000000000167e-03 1.445440000000000093e-02 2.115696158600341081e-14
8.000000000000000167e-03 1.513560000000000079e-02 2.072668464986888119e-14
8.000000000000000167e-03 1.584890000000000257e-02 2.121327046359259561e-14
8.000000000000000167e-03 1.659580000000000083e-02 2.163119116556276484e-14
8.000000000000000167e-03 1.737800000000000109e-02 2.197020584252515722e-14
8.000000000000000167e-03 1.819700000000000137e-02 2.222022436209777638e-14
8.000000000000000167e-03 1.905460000000000140e-02 2.236996615489318903e-14
8.000000000000000167e-03 1.995260000000000089e-02 2.206608048204996523e-14
8.000000000000000167e-03 2.089290000000000244e-02 2.082410657461571400e-14
8.000000000000000167e-03 2.187760000000000052e-02 2.043129407587624696e-14
8.000000000000000167e-03 2.290860000000000118e-02 2.026715941018577701e-14
8.000000000000000167e-03 2.398830000000000059e-02 2.004836418062308482e-14
8.000000000000000167e-03 2.511880000000000016e-02 1.975208907378367236e-14
8.000000000000000167e-03 2.630260000000000237e-02 1.938147302552881844e-14
8.000000000000000167e-03 2.754220000000000279e-02 1.893290934980824640e-14
8.000000000000000167e-03 2.900000000000000147e-02 1.832819805015236717e-14
8.000000000000000167e-03 3.000000000000000236e-02 1.786782740145526886e-14
8.000000000000000167e-03 3.100000000000000325e-02 1.737156369700892534e-14
8.000000000000000167e-03 3.200000000000000067e-02 1.684117544902280534e-14
8.000000000000000167e-03 3.300000000000000155e-02 1.560589296485589672e-14
8.000000000000000167e-03 3.400000000000000244e-02 1.479790053189539453e-14
8.000000000000000167e-03 3.500000000000000333e-02 1.431177034561526750e-14
8.000000000000000167e-03 3.600000000000000422e-02 1.412282368575424048e-14
8.000000000000000167e-03 3.700000000000000511e-02 1.392379416459766657e-14
8.000000000000000167e-03 3.799999999999999906e-02 1.371573703401706712e-14
8.000000000000000167e-03 3.899999999999999994e-02 1.349886635151647135e-14
8.000000000000000167e-03 4.000000000000000083e-02 1.327312307323353696e-14
8.000000000000000167e-03 4.250000000000000305e-02 1.267447950780651319e-14
8.000000000000000167e-03 4.500000000000000527e-02 1.203025595884263683e-14
8.000000000000000167e-03 4.750000000000000056e-02 1.134396218306491734e-14
8.000000000000000167e-03 5.000000000000000278e-02 1.061879624863195780e-14
8.000000000000000167e-03 5.250000000000000500e-02 9.846338368992758799e-15
8.000000000000000167e-03 5.500000000000000028e-02 9.003437893968605196e-15
8.000000000000000167e-03 5.708800000000000680e-02 8.640317150772212460e-15
8.000000000000000167e-03 6.405380000000000795e-02 7.981941083743949921e-15
8.000000000000000167e-03 7.186960000000000570e-02 7.135884150333880196e-15
8.000000000000000167e-03 8.063900000000000234e-02 6.500069584965886506e-15
8.000000000000000167e-03 9.047849600000000547e-02 6.162102465702447537e-15
8.000000000000000167e-03 1.015180000000000110e-01 5.702021302417753039e-15
8.000000000000000167e-03 1.139060000000000072e-01 5.245744567392337334e-15
8.000000000000000167e-03 1.278040000000000009e-01 8.258355507068683173e-15
8.000000000000000167e-03 1.433990080000000222e-01 7.542039039444609535e-15
8.000000000000000167e-03 1.608960000000000112e-01 6.727662674070242679e-15
8.000000000000000167e-03 1.805289919999999992e-01 5.851128452297224847e-15
8.000000000000000167e-03 2.025569920000000190e-01 5.081225149703985487e-15
8.000000000000000167e-03 2.272720000000000018e-01 5.069963144674955659e-15
8.000000000000000167e-03 2.550040000000000084e-01 4.963026570591620764e-15
8.000000000000000167e-03 2.861190080000000080e-01 4.744974387020186269e-15
8.000000000000000167e-03 3.210310080000000066e-01 4.394326470919468266e-15
8.000000000000000167e-03 3.602030080000000467e-01 3.988085892970318906e-15
8.000000000000000167e-03 4.041539840000000217e-01 3.678624984974413787e-15
8.000000000000000167e-03 4.534689920000000152e-01 3.501741970703807126e-15
8.000000000000000167e-03 5.088009920000000630e-01 3.482494213180369204e-15
8.000000000000000167e-03 5.708839680000000749e-01 3.363411716016533702e-15
8.000000000000000167e-03 6.405429759999999861e-01 3.252556720320008862e-15
8.000000000000000167e-03 7.187009920000000385e-01 3.201567306057732478e-15
8.000000000000000167e-03 8.063960320000000959e-01 2.991017327168255121e-15
8.000000000000000167e-03 9.047920000000000407e-01 2.760598864810814331e-15
8.000000000000000167e-03 1.015190020000000137e+00 2.605864195590257421e-15
8.000000000000000167e-03 1.139069950000000109e+00 2.654118036641595270e-15
8.000000000000000167e-03 1.278050050000000049e+00 4.887960035576528585e-15
8.000000000000000167e-03 1.434000000000000163e+00 2.646119064220524433e-15
8.000000000000000167e-03 1.608979970000000037e+00 2.294667252541866794e-15
8.000000000000000167e-03 1.680000000000000160e+00 2.262390831162990334e-15
8.000000000000000167e-03 1.700000000000000178e+00 2.258061755994288108e-15
8.000000000000000167e-03 1.800000000000000044e+00 2.256871037686799244e-15
8.000000000000000167e-03 1.900000000000000133e+00 2.086787198999084059e-15
8.000000000000000167e-03 2.000000000000000000e+00 1.852590882698422414e-15
8.000000000000000167e-03 2.100000000000000089e+00 1.826180050384500287e-15
8.000000000000000167e-03 2.200000000000000178e+00 1.788193416198934223e-15
8.000000000000000167e-03 2.300000000000000266e+00 1.762437189445700389e-15
8.000000000000000167e-03 2.400000000000000355e+00 1.729271296314673536e-15
8.000000000000000167e-03 2.500000000000000000e+00 1.701980934208497128e-15
8.000000000000000167e-03 2.600000000000000089e+00 1.661036307731024959e-15
8.000000000000000167e-03 2.750000130000000098e+00 1.590502290405049597e-15
8.000000000000000167e-03 3.000000000000000000e+00 1.501928000591674568e-15
8.000000000000000167e-03 3.249999870000000346e+00 1.470661995336176185e-15
8.000000000000000167e-03 3.500000000000000000e+00 1.396978939285332120e-15
8.000000000000000167e-03 3.750000130000000098e+00 1.154473013415142402e-15
8.000000000000000167e-03 4.000000000000000000e+00 1.047646222010876325e-15
8.000000000000000167e-03 4.249999869999999902e+00 1.011683985738581057e-15
8.000000000000000167e-03 4.499999740000000692e+00 9.763479148158417625e-16
8.000000000000000167e-03 4.750000130000000098e+00 9.409062503164849049e-16
8.000000000000000167e-03 5.000000000000000000e+00 9.106549358563694673e-16
8.000000000000000167e-03 5.249999869999999902e+00 1.001823493951219621e-15
8.000000000000000167e-03 5.500000260000000196e+00 9.973116081669703928e-16
8.000000000000000167e-03 5.750000130000000098e+00 9.870321902273094684e-16
8.000000000000000167e-03 6.000000000000000000e+00 9.706356140294306371e-16
8.000000000000000167e-03 6.249999870000000790e+00 9.495484779196011260e-16
8.000000000000000167e-03 6.499999740000000692e+00 9.233128884195440779e-16
8.000000000000000167e-03 6.750000130000000098e+00 8.924646840019647916e-16
8.000000000000000167e-03 7.000000000000000000e+00 8.383163397380790010e-16
8.000000000000000167e-03 7.249999870000000790e+00 8.055291577277988213e-16
8.000000000000000167e-03 7.500000260000000196e+00 7.911171647770006995e-16
8.000000000000000167e-03 7.750000130000000098e+00 7.772736775935367512e-16
8.000000000000000167e-03 8.000000000000000000e+00 7.636482181608600581e-16
8.000000000000000167e-03 8.249999869999999902e+00 7.505919340346287866e-16
8.000000000000000167e-03 8.499999739999999804e+00 7.374079184344964276e-16
8.000000000000000167e-03 8.750000130000000098e+00 7.243209442841379473e-16
8.000000000000000167e-03 8.999999490000000435e+00 7.115432905681249239e-16
8.000000000000000167e-03 9.249999869999999902e+00 6.994149581278027776e-16
8.000000000000000167e-03 9.500000260000000196e+00 6.866619337617786264e-16
8.000000000000000167e-03 9.749999620000000533e+00 6.752169399573088333e-16
8.000000000000000167e-03 1.000000000000000000e+01 6.636088351903963740e-16
8.000000000000000167e-03 1.025000040000000112e+01 6.553522622574677481e-16
8.000000000000000167e-03 1.049999970000000005e+01 6.473067961908394216e-16
8.000000000000000167e-03 1.075000010000000117e+01 6.390865152327909143e-16
8.000000000000000167e-03 1.100000050000000051e+01 6.310360577023183819e-16
8.000000000000000167e-03 1.124999990000000061e+01 6.226869164831941173e-16
8.000000000000000167e-03 1.150000029999999995e+01 6.145848832725742093e-16
8.000000000000000167e-03 1.174999960000000065e+01 6.063412463861294668e-16
8.000000000000000167e-03 1.200000000000000000e+01 5.979158500902074463e-16
8.000000000000000167e-03 1.225000040000000112e+01 5.894696447589701143e-16
8.000000000000000167e-03 1.249999970000000005e+01 5.811060241739994403e-16
8.000000000000000167e-03 1.275000010000000117e+01 5.727247456706705097e-16
8.000000000000000167e-03 1.299999950000000126e+01 5.642849620580817623e-16
8.000000000000000167e-03 1.324999990000000061e+01 5.557815949523160595e-16
8.000000000000000167e-03 1.350000029999999995e+01 5.474177087668467628e-16
8.000000000000000167e-03 1.374999960000000065e+01 5.389213829375717136e-16
8.000000000000000167e-03 1.400000000000000000e+01 5.302902580823894193e-16
8.000000000000000167e-03 1.425000040000000112e+01 5.220198620868662227e-16
8.000000000000000167e-03 1.449999970000000005e+01 5.134208780808444064e-16
8.000000000000000167e-03 1.475000010000000117e+01 5.049912210956023930e-16
8.000000000000000167e-03 1.500000050000000051e+01 4.965799022798079109e-16
8.000000000000000167e-03 1.524999990000000061e+01 4.922424661273637204e-16
8.000000000000000167e-03 1.550000030000000173e+01 4.871481335837826472e-16
8.000000000000000167e-03 1.574999960000000065e+01 4.817448861403155199e-16
8.000000000000000167e-03 1.600000000000000000e+01 4.765324236208630084e-16
8.000000000000000167e-03 1.625000040000000112e+01 4.716423305927847769e-16
8.000000000000000167e-03 1.649999970000000005e+01 4.666342836070967321e-16
8.000000000000000167e-03 1.675000010000000117e+01 4.618180589974071253e-16
8.000000000000000167e-03 1.699999950000000126e+01 4.569961864959852966e-16
8.000000000000000167e-03 1.725000089999999986e+01 4.521835656420600365e-16
8.000000000000000167e-03 1.750000029999999995e+01 4.473433351760702818e-16
8.000000000000000167e-03 1.774999960000000243e+01 4.428130191232430685e-16
8.000000000000000167e-03 1.799999900000000252e+01 4.382372643681407530e-16
8.000000000000000167e-03 1.825000040000000112e+01 4.338814610903965721e-16
8.000000000000000167e-03 1.849999970000000005e+01 4.294916307265489853e-16
8.000000000000000167e-03 1.874999910000000014e+01 4.251092532619009485e-16
8.000000000000000167e-03 1.900000050000000229e+01 4.205801503701561132e-16
8.000000000000000167e-03 1.924999990000000238e+01 4.166028336933047518e-16
8.000000000000000167e-03 1.949999920000000131e+01 4.122765951584568015e-16
8.000000000000000167e-03 1.975000059999999991e+01 4.082824007053495376e-16
8.000000000000000167e-03 2.000000000000000000e+01 4.041831806419690505e-16
5.000000000000000278e-02 0.000000000000000000e+00 5.958426389101208102e-15
5.000000000000000278e-02 1.258929999999999956e-04 5.958426389101208102e-15
5.000000000000000278e-02 1.412539999999999998e-04 6.408314061556335253e-15
5.000000000000000278e-02 1.584890000000000203e-04 6.318472729175421643e-15
5.000000000000000278e-02 1.778280000000000193e-04 6.227774453495027545e-15
5.000000000000000278e-02 1.995270000000000160e-04 6.136286006496874705e-15
5.000000000000000278e-02 2.238730000000000028e-04 6.417662276296097505e-15
5.000000000000000278e-02 2.511890000000000238e-04 6.307197305171206588e-15
5.000000000000000278e-02 2.818390000000000370e-04 6.195223604839103791e-15
5.000000000000000278e-02 3.162290000000000110e-04 6.396134701444459542e-15
5.000000000000000278e-02 3.548150000000000240e-04 6.271058549209144902e-15
5.000000000000000278e-02 3.981090000000000063e-04 6.598514518824998766e-15
5.000000000000000278e-02 4.466860000000000123e-04 6.450244160965088200e-15
5.000000000000000278e-02 5.011899999999999905e-04 6.597290418613667959e-15
5.000000000000000278e-02 5.623439999999999949e-04 6.794149200050929171e-15
5.000000000000000278e-02 6.309610000000000869e-04 6.655455739596211543e-15
5.000000000000000278e-02 7.079500000000000506e-04 7.424538648685427978e-15
5.000000000000000278e-02 7.943340000000000557e-04 7.142953307927569349e-15
5.000000000000000278e-02 8.912570000000000084e-04 7.656846174990580670e-15
5.000000000000000278e-02 1.000000000000000021e-03 7.444607913174000463e-15
5.000000000000000278e-02 1.047130000000000066e-03 7.963186469071009565e-15
5.000000000000000278e-02 1.096480000000000154e-03 7.777366264390097991e-15
5.000000000000000278e-02 1.148150000000000125e-03 7.552413271069275114e-15
5.000000000000000278e-02 1.202260000000000134e-03 8.216298615463145037e-15
5.000000000000000278e-02 1.258930000000000118e-03 8.098323824938895939e-15
5.000000000000000278e-02 1.318260000000000135e-03 7.957169386206030268e-15
5.000000000000000278e-02 1.380380000000000062e-03 8.777099508639563482e-15
5.000000000000000278e-02 1.445440000000000093e-03 8.513625641606651167e-15
5.000000000000000278e-02 1.513560000000000166e-03 9.259775702479188614e-15
5.000000000000000278e-02 1.584890000000000040e-03 8.845687823506215326e-15
5.000000000000000278e-02 1.659590000000000067e-03 9.515481384747170378e-15
5.000000000000000278e-02 1.737800000000000065e-03 1.015339003380590193e-14
5.000000000000000278e-02 1.819700000000000050e-03 9.796410598664135900e-15
5.000000000000000278e-02 1.905460000000000096e-03 1.048830299660795402e-14
5.000000000000000278e-02 1.995260000000000002e-03 1.089366028027351104e-14
5.000000000000000278e-02 2.089290000000000157e-03 1.130947201731690575e-14
5.000000000000000278e-02 2.187759999999999965e-03 1.162087703608854852e-14
5.000000000000000278e-02 2.290869999999999972e-03 1.182573586672127271e-14
5.000000000000000278e-02 2.398830000000000233e-03 1.176519891562686729e-14
5.000000000000000278e-02 2.511880000000000189e-03 1.305645049329137707e-14
5.000000000000000278e-02 2.630270000000000091e-03 1.115336528393730111e-14
5.000000000000000278e-02 2.754230000000000306e-03 1.106000199073997233e-14
5.000000000000000278e-02 2.884030000000000100e-03 1.218818801074812976e-14
5.000000000000000278e-02 3.019949999999999978e-03 1.421598551282751109e-14
5.000000000000000278e-02 3.162270000000000011e-03 1.670063782830116076e-14
5.000000000000000278e-02 3.311310000000000035e-03 1.810904831779705129e-14
5.000000000000000278e-02 3.467360000000000060e-03 1.789726703862567292e-14
5.000000000000000278e-02 3.630780000000000118e-03 1.639994964669110345e-14
5.000000000000000278e-02 3.801890000000000044e-03 1.712043908235176194e-14
5.000000000000000278e-02 3.981070000000000615e-03 2.365471174480587261e-14
5.000000000000000278e-02 4.168690000000000069e-03 3.618374724193265638e-14
5.000000000000000278e-02 4.365149999999999933e-03 5.619402017912907579e-14
5.000000000000000278e-02 4.570880000000000255e-03 8.044297467444368980e-14
5.000000000000000278e-02 4.786290000000000336e-03 1.052695354709145729e-13
5.000000000000000278e-02 5.011859999999999926e-03 1.303497377890703869e-13
5.000000000000000278e-02 5.248070000000000512e-03 1.552712296389747871e-13
5.000000000000000278e-02 5.495400000000000111e-03 1.795309450351676399e-13
5.000000000000000278e-02 5.754390000000000720e-03 2.025322354099697039e-13
5.000000000000000278e-02 6.025590000000000807e-03 2.235338718148164472e-13
5.000000000000000278e-02 6.309560000000000515e-03 2.416976084751633072e-13
5.000000000000000278e-02 6.606920000000000501e-03 2.286175744053054586e-13
5.000000000000000278e-02 6.918300000000000491e-03 1.750188518187448309e-13
5.000000000000000278e-02 7.244350000000000095e-03 1.557822415880295030e-13
5.000000000000000278e-02 7.585760000000000419e-03 1.548441927551225760e-13
5.000000000000000278e-02 7.943270000000000539e-03 1.534733690553198183e-13
5.000000000000000278e-02 8.317620000000001262e-03 1.516388424458483479e-13
5.000000000000000278e-02 8.709620000000001250e-03 1.493061721516288145e-13
5.000000000000000278e-02 9.120090000000000835e-03 1.464251652272380545e-13
5.000000000000000278e-02 9.549900000000000055e-03 1.327424385054670307e-13
5.000000000000000278e-02 9.999980000000000327e-03 1.162838304394679378e-13
5.000000000000000278e-02 1.047130000000000109e-02 1.152755577342422466e-13
5.000000000000000278e-02 1.096480000000000024e-02 1.134376555301267524e-13
5.000000000000000278e-02 1.148150000000000039e-02 1.106754102976393096e-13
5.000000000000000278e-02 1.202260000000000134e-02 1.068913403169682351e-13
5.000000000000000278e-02 1.258920000000000004e-02 1.019814096212352741e-13
5.000000000000000278e-02 1.318250000000000151e-02 9.210029327289225374e-14
5.000000000000000278e-02 1.380380000000000149e-02 7.908752396013542355e-14
5.000000000000000278e-02 1.445440000000000093e-02 7.446902102231614603e-14
5.000000000000000278e-02 1.513560000000000079e-02 7.230017729792694439e-14
5.000000000000000278e-02 1.584890000000000257e-02 6.989488245322843125e-14
5.000000000000000278e-02 1.659580000000000083e-02 6.722097397951308455e-14
5.000000000000000278e-02 1.737800000000000109e-02 6.427375055736595587e-14
5.000000000000000278e-02 1.819700000000000137e-02 6.103694965780168566e-14
5.000000000000000278e-02 1.905460000000000140e-02 5.749212263712369896e-14
5.000000000000000278e-02 1.995260000000000089e-02 5.362618726335647960e-14
5.000000000000000278e-02 2.089290000000000244e-02 4.941772602847065742e-14
5.000000000000000278e-02 2.187760000000000052e-02 4.444397178022367592e-14
5.000000000000000278e-02 2.290860000000000118e-02 3.773213171755464018e-14
5.000000000000000278e-02 2.398830000000000059e-02 3.468868436488579923e-14
5.000000000000000278e-02 2.511880000000000016e-02 3.387160220536905714e-14
5.000000000000000278e-02 2.630260000000000237e-02 3.292915475879969348e-14
5.000000000000000278e-02 2.754220000000000279e-02 3.185365720791572290e-14
5.000000000000000278e-02 2.900000000000000147e-02 3.048019782849749504e-14
5.000000000000000278e-02 3.000000000000000236e-02 2.947483848144365904e-14
5.000000000000000278e-02 3.100000000000000325e-02 2.842101264383750009e-14
5.000000000000000278e-02 3.200000000000000067e-02 2.732039959580737906e-14
5.000000000000000278e-02 3.300000000000000155e-02 2.618059934015563711e-14
5.000000000000000278e-02 3.400000000000000244e-02 2.499317324972391527e-14
5.000000000000000278e-02 3.500000000000000333e-02 2.376632779327986216e-14
5.000000000000000278e-02 3.600000000000000422e-02 2.250163516349806585e-14
5.000000000000000278e-02 3.700000000000000511e-02 2.111668763583923758e-14
5.000000000000000278e-02 3.799999999999999906e-02 1.959815730590254782e-14
5.000000000000000278e-02 3.899999999999999994e-02 1.856065168549541457e-14
5.000000000000000278e-02 4.000000000000000083e-02 1.768744681504229998e-14
5.000000000000000278e-02 4.250000000000000305e-02 1.702695267674988106e-14
5.000000000000000278e-02 4.500000000000000527e-02 1.635313418948633478e-14
5.000000000000000278e-02 4.750000000000000056e-02 1.558741252584905822e-14
5.000000000000000278e-02 5.000000000000000278e-02 1.473739932928955043e-14
5.000000000000000278e-02 5.250000000000000500e-02 1.372688012131140424e-14
5.000000000000000278e-02 5.500000000000000028e-02 1.283270203843545224e-14
5.000000000000000278e-02 5.708800000000000680e-02 1.231493182485162748e-14
5.000000000000000278e-02 6.405380000000000795e-02 1.154603292541608848e-14
5.000000000000000278e-02 7.186960000000000570e-02 1.057553800848871549e-14
5.000000000000000278e-02 8.063900000000000234e-02 9.220802691500470019e-15
5.000000000000000278e-02 9.047849600000000547e-02 7.982089917243955389e-15
5.000000000000000278e-02 1.015180000000000110e-01 9.650674277785748207e-15
5.000000000000000278e-02 1.139060000000000072e-01 9.140130581353053805e-15
5.000000000000000278e-02 1.278040000000000009e-01 8.394312737762231192e-15
5.000000000000000278e-02 1.433990080000000222e-01 7.356344491133296430e-15
5.000000000000000278e-02 1.608960000000000112e-01 6.658466851482882662e-15
5.000000000000000278e-02 1.805289919999999992e-01 6.384789606584278262e-15
5.000000000000000278e-02 2.025569920000000190e-01 6.398616963945750099e-15
5.000000000000000278e-02 2.272720000000000018e-01 6.326095481234807931e-15
5.000000000000000278e-02 2.550040000000000084e-01 6.152990385362270713e-15
5.000000000000000278e-02 2.861190080000000080e-01 5.864304785335005741e-15
5.000000000000000278e-02 3.210310080000000066e-01 5.448289341389289907e-15
5.000000000000000278e-02 3.602030080000000467e-01 5.193406529031375788e-15
5.000000000000000278e-02 4.041539840000000217e-01 5.046639886044987001e-15
5.000000000000000278e-02 4.534689920000000152e-01 5.080599617433453501e-15
5.000000000000000278e-02 5.088009920000000630e-01 5.080143869184978736e-15
5.000000000000000278e-02 5.708839680000000749e-01 5.041528214138361180e-15
5.000000000000000278e-02 6.405429759999999861e-01 5.024749593327541838e-15
5.000000000000000278e-02 7.187009920000000385e-01 5.005450189611074297e-15
5.000000000000000278e-02 8.063960320000000959e-01 4.628660229371030666e-15
5.000000000000000278e-02 9.047920000000000407e-01 4.224621799302272326e-15
5.000000000000000278e-02 1.015190020000000137e+00 3.795991308122606636e-15
5.000000000000000278e-02 1.139069950000000109e+00 3.476543682120535829e-15
5.000000000000000278e-02 1.278050050000000049e+00 3.211368672310466504e-15
5.000000000000000278e-02 1.434000000000000163e+00 3.044682843812640373e-15
5.000000000000000278e-02 1.608979970000000037e+00 3.009645849971008832e-15
5.000000000000000278e-02 1.680000000000000160e+00 2.955703306261041176e-15
5.000000000000000278e-02 1.700000000000000178e+00 2.935401934255036816e-15
5.000000000000000278e-02 1.800000000000000044e+00 2.820271942043144635e-15
5.000000000000000278e-02 1.900000000000000133e+00 2.492407005231357869e-15
5.000000000000000278e-02 2.000000000000000000e+00 2.430598731320558604e-15
5.000000000000000278e-02 2.100000000000000089e+00 2.366185738710579512e-15
5.000000000000000278e-02 2.200000000000000178e+00 2.298628795290312903e-15
5.000000000000000278e-02 2.300000000000000266e+00 2.229432552908710762e-15
5.000000000000000278e-02 2.400000000000000355e+00 2.158491951459552556e-15
5.000000000000000278e-02 2.500000000000000000e+00 2.087425347527413044e-15
5.000000000000000278e-02 2.600000000000000089e+00 2.018782693503031067e-15
5.000000000000000278e-02 2.750000130000000098e+00 1.902032265969382505e-15
5.000000000000000278e-02 3.000000000000000000e+00 1.848492964169727886e-15
5.000000000000000278e-02 3.249999870000000346e+00 1.788490931077699395e-15
5.000000000000000278e-02 3.500000000000000000e+00 1.722177717677941114e-15
5.000000000000000278e-02 3.750000130000000098e+00 1.652260222794961710e-15
5.000000000000000278e-02 4.000000000000000000e+00 1.576829132666358325e-15
5.000000000000000278e-02 4.249999869999999902e+00 1.428440353150058197e-15
5.000000000000000278e-02 4.499999740000000692e+00 1.338182970293657654e-15
5.000000000000000278e-02 4.750000130000000098e+00 1.312414852757549552e-15
5.000000000000000278e-02 5.000000000000000000e+00 1.285843630078739306e-15
5.000000000000000278e-02 5.249999869999999902e+00 1.259324157979348135e-15
5.000000000000000278e-02 5.500000260000000196e+00 1.232222771636873981e-15
5.000000000000000278e-02 5.750000130000000098e+00 1.204709174561927156e-15
5.000000000000000278e-02 6.000000000000000000e+00 1.176996245997464010e-15
5.000000000000000278e-02 6.249999870000000790e+00 1.148947246338518049e-15
5.000000000000000278e-02 6.499999740000000692e+00 1.120599486722124771e-15
5.000000000000000278e-02 6.750000130000000098e+00 1.092456007528401295e-15
5.000000000000000278e-02 7.000000000000000000e+00 1.063648762422376150e-15
5.000000000000000278e-02 7.249999870000000790e+00 1.034460273803406081e-15
5.000000000000000278e-02 7.500000260000000196e+00 1.002671321500497396e-15
5.000000000000000278e-02 7.750000130000000098e+00 8.860673029126171595e-16
5.000000000000000278e-02 8.000000000000000000e+00 8.718013712549229218e-16
5.000000000000000278e-02 8.249999869999999902e+00 8.576309017332588827e-16
5.000000000000000278e-02 8.499999739999999804e+00 8.446384133602079946e-16
5.000000000000000278e-02 8.750000130000000098e+00 8.309758589124270537e-16
5.000000000000000278e-02 8.999999490000000435e+00 8.180593510084080376e-16
5.000000000000000278e-02 9.249999869999999902e+00 8.050890324150047828e-16
5.000000000000000278e-02 9.500000260000000196e+00 7.926674964253322025e-16
5.000000000000000278e-02 9.749999620000000533e+00 7.803211469175647822e-16
5.000000000000000278e-02 1.000000000000000000e+01 7.682469412136383128e-16
5.000000000000000278e-02 1.025000040000000112e+01 7.567516695279829232e-16
5.000000000000000278e-02 1.049999970000000005e+01 7.451168038606117591e-16
5.000000000000000278e-02 1.075000010000000117e+01 7.336806478984967386e-16
5.000000000000000278e-02 1.100000050000000051e+01 7.222075332547004726e-16
5.000000000000000278e-02 1.124999990000000061e+01 7.110409232368081596e-16
5.000000000000000278e-02 1.150000029999999995e+01 6.995062307957190543e-16
5.000000000000000278e-02 1.174999960000000065e+01 6.882260336537501613e-16
5.000000000000000278e-02 1.200000000000000000e+01 6.768158363541314947e-16
5.000000000000000278e-02 1.225000040000000112e+01 6.657868951625410270e-16
5.000000000000000278e-02 1.249999970000000005e+01 6.551091550423607101e-16
5.000000000000000278e-02 1.275000010000000117e+01 6.443436222315211232e-16
5.000000000000000278e-02 1.299999950000000126e+01 6.340901337848415117e-16
5.000000000000000278e-02 1.324999990000000061e+01 6.239023153201361424e-16
5.000000000000000278e-02 1.350000029999999995e+01 6.138316040309339422e-16
5.000000000000000278e-02 1.374999960000000065e+01 6.040126498619388335e-16
5.000000000000000278e-02 1.400000000000000000e+01 5.943561057093362017e-16
5.000000000000000278e-02 1.425000040000000112e+01 5.848224982084606446e-16
5.000000000000000278e-02 1.449999970000000005e+01 5.753747365758396424e-16
5.000000000000000278e-02 1.475000010000000117e+01 5.662964686336715108e-16
5.000000000000000278e-02 1.500000050000000051e+01 5.573875528938243294e-16
5.000000000000000278e-02 1.524999990000000061e+01 5.486278472609258377e-16
5.000000000000000278e-02 1.550000030000000173e+01 5.398236726534459624e-16
5.000000000000000278e-02 1.574999960000000065e+01 5.312763333814944713e-16
5.000000000000000278e-02 1.600000000000000000e+01 5.227572293461585002e-16
5.000000000000000278e-02 1.625000040000000112e+01 5.144957485757302274e-16
5.000000000000000278e-02 1.649999970000000005e+01 5.065171035555037047e-16
5.000000000000000278e-02 1.675000010000000117e+01 4.987500992298990458e-16
5.000000000000000278e-02 1.699999950000000126e+01 4.911256362397333224e-16
5.000000000000000278e-02 1.725000089999999986e+01 4.984605135935429726e-16
5.000000000000000278e-02 1.750000029999999995e+01 5.025953369211327570e-16
5.000000000000000278e-02 1.774999960000000243e+01 4.974172743947178767e-16
5.000000000000000278e-02 1.799999900000000252e+01 4.924636900048728386e-16
5.000000000000000278e-02 1.825000040000000112e+01 4.875214424874043746e-16
5.000000000000000278e-02 1.849999970000000005e+01 4.826495642710382331e-16
5.000000000000000278e-02 1.874999910000000014e+01 4.777727235581775982e-16
5.000000000000000278e-02 1.900000050000000229e+01 4.731120923295447384e-16
5.000000000000000278e-02 1.924999990000000238e+01 4.683431147903498261e-16
5.000000000000000278e-02 1.949999920000000131e+01 4.638649167824114055e-16
5.000000000000000278e-02 1.975000059999999991e+01 4.593825242869398724e-16
5.000000000000000278e-02 2.000000000000000000e+01 4.550905018738799888e-16
1.000000000000000048e-04 0.000000000000000000e+00 2.063367499235022545e-15
1.000000000000000048e-04 1.258929999999999956e-04 2.063367499235022545e-15
1.000000000000000048e-04 1.412539999999999998e-04 2.063367499235022545e-15
1.000000000000000048e-04 1.584890000000000203e-04 2.063367499235022545e-15
1.000000000000000048e-04 1.778280000000000193e-04 2.063367499235022545e-15
1.000000000000000048e-04 1.995270000000000160e-04 2.063367499235022545e-15
1.000000000000000048e-04 2.238730000000000028e-04 2.063367499235022545e-15
1.000000000000000048e-04 2.511890000000000238e-04 2.082407508387025085e-15
1.000000000000000048e-04 2.818390000000000370e-04 2.082407508387025085e-15
1.000000000000000048e-04 3.162290000000000110e-04 2.082407508387025085e-15
1.000000000000000048e-04 3.548150000000000240e-04 2.082407508387025085e-15
1.000000000000000048e-04 3.981090000000000063e-04 2.072859964897355715e-15
1.000000000000000048e-04 4.466860000000000123e-04 2.072470829763811671e-15
1.000000000000000048e-04 5.011899999999999905e-04 2.073407726700855816e-15
1.000000000000000048e-04 5.623439999999999949e-04 2.073907928728131580e-15
1.000000000000000048e-04 6.309610000000000869e-04 2.075947999932757599e-15
1.000000000000000048e-04 7.079500000000000506e-04 2.095278104908139066e-15
1.000000000000000048e-04 7.943340000000000557e-04 2.097761450427983594e-15
1.000000000000000048e-04 8.912570000000000084e-04 2.112076169912799410e-15
1.000000000000000048e-04 1.000000000000000021e-03 2.168902303107939779e-15
1.000000000000000048e-04 1.047130000000000066e-03 2.216760561422965890e-15
1.000000000000000048e-04 1.096480000000000154e-03 2.221168332545138290e-15
1.000000000000000048e-04 1.148150000000000125e-03 2.220775869383983372e-15
1.000000000000000048e-04 1.202260000000000134e-03 2.214488638514631385e-15
1.000000000000000048e-04 1.258930000000000118e-03 2.197995087952527216e-15
1.000000000000000048e-04 1.318260000000000135e-03 2.277773112764336802e-15
1.000000000000000048e-04 1.380380000000000062e-03 2.308437538695867917e-15
1.000000000000000048e-04 1.445440000000000093e-03 2.317170348409679764e-15
1.000000000000000048e-04 1.513560000000000166e-03 2.330021283040126465e-15
1.000000000000000048e-04 1.584890000000000040e-03 2.340168343633167751e-15
1.000000000000000048e-04 1.659590000000000067e-03 2.403132832863571344e-15
1.000000000000000048e-04 1.737800000000000065e-03 2.417438847318072802e-15
1.000000000000000048e-04 1.819700000000000050e-03 2.431966525241724917e-15
1.000000000000000048e-04 1.905460000000000096e-03 2.461732734989210522e-15
1.000000000000000048e-04 1.995260000000000002e-03 2.510692254412683360e-15
1.000000000000000048e-04 2.089290000000000157e-03 2.539715529147492807e-15
1.000000000000000048e-04 2.187759999999999965e-03 2.555166301430273787e-15
1.000000000000000048e-04 2.290869999999999972e-03 2.577084801673426398e-15
1.000000000000000048e-04 2.398830000000000233e-03 2.578227873799253986e-15
1.000000000000000048e-04 2.511880000000000189e-03 2.632122408279582148e-15
1.000000000000000048e-04 2.630270000000000091e-03 2.718768967275912610e-15
1.000000000000000048e-04 2.754230000000000306e-03 2.823869714904743787e-15
1.000000000000000048e-04 2.884030000000000100e-03 3.111225017356585069e-15
1.000000000000000048e-04 3.019949999999999978e-03 1.132718896201791128e-14
1.000000000000000048e-04 3.162270000000000011e-03 1.050028074991042043e-13
1.000000000000000048e-04 3.311310000000000035e-03 1.257224041844050237e-13
1.000000000000000048e-04 3.467360000000000060e-03 1.366901829631703384e-13
1.000000000000000048e-04 3.630780000000000118e-03 1.489799854266873499e-13
1.000000000000000048e-04 3.801890000000000044e-03 1.627689663412259310e-13
1.000000000000000048e-04 3.981070000000000615e-03 1.641510889926898336e-13
1.000000000000000048e-04 4.168690000000000069e-03 1.379907622763401736e-13
1.000000000000000048e-04 4.365149999999999933e-03 1.213589806089371886e-13
1.000000000000000048e-04 4.570880000000000255e-03 1.029999759380882596e-13
1.000000000000000048e-04 4.786290000000000336e-03 7.962540434873011666e-14
1.000000000000000048e-04 5.011859999999999926e-03 5.040509245671258304e-14
1.000000000000000048e-04 5.248070000000000512e-03 1.810350476135254615e-14
1.000000000000000048e-04 5.495400000000000111e-03 3.730317159731383354e-15
1.000000000000000048e-04 5.754390000000000720e-03 3.325896333876507983e-15
1.000000000000000048e-04 6.025590000000000807e-03 3.172046797209555344e-15
1.000000000000000048e-04 6.309560000000000515e-03 3.000752130467664069e-15
1.000000000000000048e-04 6.606920000000000501e-03 2.806682817069662540e-15
1.000000000000000048e-04 6.918300000000000491e-03 2.588554587828087436e-15
1.000000000000000048e-04 7.244350000000000095e-03 2.459262550813450473e-15
1.000000000000000048e-04 7.585760000000000419e-03 2.430433667540521875e-15
1.000000000000000048e-04 7.943270000000000539e-03 2.389390509708437273e-15
1.000000000000000048e-04 8.317620000000001262e-03 2.334523468835994403e-15
1.000000000000000048e-04 8.709620000000001250e-03 2.262911499405470295e-15
1.000000000000000048e-04 9.120090000000000835e-03 2.173444904018767451e-15
1.000000000000000048e-04 9.549900000000000055e-03 2.064525690127404616e-15
1.000000000000000048e-04 9.999980000000000327e-03 1.930435617570083850e-15
1.000000000000000048e-04 1.047130000000000109e-02 1.802627871917829581e-15
1.000000000000000048e-04 1.096480000000000024e-02 1.742264005821324211e-15
1.000000000000000048e-04 1.148150000000000039e-02 1.748752458383168456e-15
1.000000000000000048e-04 1.202260000000000134e-02 1.757605477287204182e-15
1.000000000000000048e-04 1.258920000000000004e-02 1.764945125342143671e-15
1.000000000000000048e-04 1.318250000000000151e-02 1.773786670940607948e-15
1.000000000000000048e-04 1.380380000000000149e-02 1.784981540995999790e-15
1.000000000000000048e-04 1.445440000000000093e-02 1.771190451102662290e-15
1.000000000000000048e-04 1.513560000000000079e-02 1.745002550704873932e-15
1.000000000000000048e-04 1.584890000000000257e-02 1.703663269173081251e-15
1.000000000000000048e-04 1.659580000000000083e-02 1.704493688236264138e-15
1.000000000000000048e-04 1.737800000000000109e-02 1.705228114126158705e-15
1.000000000000000048e-04 1.819700000000000137e-02 1.706019857064869341e-15
1.000000000000000048e-04 1.905460000000000140e-02 1.707591654670164932e-15
1.000000000000000048e-04 1.995260000000000089e-02 1.689112675064197757e-15
1.000000000000000048e-04 2.089290000000000244e-02 1.702770522739861207e-15
1.000000000000000048e-04 2.187760000000000052e-02 1.760167730572711418e-15
1.000000000000000048e-04 2.290860000000000118e-02 1.851514669563897114e-15
1.000000000000000048e-04 2.398830000000000059e-02 1.943356206694412069e-15
1.000000000000000048e-04 2.511880000000000016e-02 2.035147086926530148e-15
1.000000000000000048e-04 2.630260000000000237e-02 2.127364925221663822e-15
1.000000000000000048e-04 2.754220000000000279e-02 2.220088593482173250e-15
1.000000000000000048e-04 2.900000000000000147e-02 2.323288454769829531e-15
1.000000000000000048e-04 3.000000000000000236e-02 2.390149758116926345e-15
1.000000000000000048e-04 3.100000000000000325e-02 2.454204468229288799e-15
1.000000000000000048e-04 3.200000000000000067e-02 2.477720811454381643e-15
1.000000000000000048e-04 3.300000000000000155e-02 2.449215402476529838e-15
1.000000000000000048e-04 3.400000000000000244e-02 2.409227086550028489e-15
1.000000000000000048e-04 3.500000000000000333e-02 2.419864160779188959e-15
1.000000000000000048e-04 3.600000000000000422e-02 2.428639863962679052e-15
1.000000000000000048e-04 3.700000000000000511e-02 2.435502056582496646e-15
1.000000000000000048e-04 3.799999999999999906e-02 2.440811883480069322e-15
1.000000000000000048e-04 3.899999999999999994e-02 2.444356245260365938e-15
1.000000000000000048e-04 4.000000000000000083e-02 2.446159150664207914e-15
1.000000000000000048e-04 4.250000000000000305e-02 2.443029091102756495e-15
1.000000000000000048e-04 4.500000000000000527e-02 2.430275168588265373e-15
1.000000000000000048e-04 4.750000000000000056e-02 2.408046901617561966e-15
1.000000000000000048e-04 5.000000000000000278e-02 2.335172027023372675e-15
1.000000000000000048e-04 5.250000000000000500e-02 2.316739577543567536e-15
1.000000000000000048e-04 5.500000000000000028e-02 2.336825325199685745e-15
1.000000000000000048e-04 5.708800000000000680e-02 2.374044198141519685e-15
1.000000000000000048e-04 6.405380000000000795e-02 2.490361975927221331e-15
1.000000000000000048e-04 7.186960000000000570e-02 2.609828002449685282e-15
1.000000000000000048e-04 8.063900000000000234e-02 2.731671570425843472e-15
1.000000000000000048e-04 9.047849600000000547e-02 2.854558672806538160e-15
1.000000000000000048e-04 1.015180000000000110e-01 2.977551522224351251e-15
1.000000000000000048e-04 1.139060000000000072e-01 3.099357139503907524e-15
1.000000000000000048e-04 1.278040000000000009e-01 3.218655783051727437e-15
1.000000000000000048e-04 1.433990080000000222e-01 3.265006252711556384e-15
1.000000000000000048e-04 1.608960000000000112e-01 3.976616528234358261e-15
1.000000000000000048e-04 1.805289919999999992e-01 3.577643589886612719e-15
1.000000000000000048e-04 2.025569920000000190e-01 3.212517376572937434e-15
1.000000000000000048e-04 2.272720000000000018e-01 2.899881257379576704e-15
1.000000000000000048e-04 2.550040000000000084e-01 2.648636075587281601e-15
1.000000000000000048e-04 2.861190080000000080e-01 2.412270395004659779e-15
1.000000000000000048e-04 3.210310080000000066e-01 2.288927133208874772e-15
1.000000000000000048e-04 3.602030080000000467e-01 2.158315269199357061e-15
1.000000000000000048e-04 4.041539840000000217e-01 1.954623748161154495e-15
1.000000000000000048e-04 4.534689920000000152e-01 1.719921400911983253e-15
1.000000000000000048e-04 5.088009920000000630e-01 1.630595194659907458e-15
1.000000000000000048e-04 5.708839680000000749e-01 1.529885389758289211e-15
1.000000000000000048e-04 6.405429759999999861e-01 1.413007831679345293e-15
1.000000000000000048e-04 7.187009920000000385e-01 1.273338390359452156e-15
1.000000000000000048e-04 8.063960320000000959e-01 1.160435501856760648e-15
1.000000000000000048e-04 9.047920000000000407e-01 1.155208647081095668e-15
1.000000000000000048e-04 1.015190020000000137e+00 1.230305756955503396e-15
1.000000000000000048e-04 1.139069950000000109e+00 1.666797687459575226e-15
1.000000000000000048e-04 1.278050050000000049e+00 1.581868368516809465e-15
1.000000000000000048e-04 1.434000000000000163e+00 1.687322948585980469e-15
1.000000000000000048e-04 1.608979970000000037e+00 1.547641770851157563e-15
1.000000000000000048e-04 1.680000000000000160e+00 1.409843401093577390e-15
1.000000000000000048e-04 1.700000000000000178e+00 1.401481672178975166e-15
1.000000000000000048e-04 1.800000000000000044e+00 1.360224819062423592e-15
1.000000000000000048e-04 1.900000000000000133e+00 1.325973755201527182e-15
1.000000000000000048e-04 2.000000000000000000e+00 1.305847261933558436e-15
1.000000000000000048e-04 2.100000000000000089e+00 1.283301127333328444e-15
1.000000000000000048e-04 2.200000000000000178e+00 1.252869989361115541e-15
1.000000000000000048e-04 2.300000000000000266e+00 1.219765858659176723e-15
1.000000000000000048e-04 2.400000000000000355e+00 1.179157603022995900e-15
1.000000000000000048e-04 2.500000000000000000e+00 1.119671742739520644e-15
1.000000000000000048e-04 2.600000000000000089e+00 1.068393713705463984e-15
1.000000000000000048e-04 2.750000130000000098e+00 1.038518681899246924e-15
1.000000000000000048e-04 3.000000000000000000e+00 9.897637883513430696e-16
1.000000000000000048e-04 3.249999870000000346e+00 9.582312115745316289e-16
1.000000000000000048e-04 3.500000000000000000e+00 9.284181325670243325e-16
1.000000000000000048e-04 3.750000130000000098e+00 8.925480218046836401e-16
1.000000000000000048e-04 4.000000000000000000e+00 8.561785875314693366e-16
1.000000000000000048e-04 4.249999869999999902e+00 8.192061214313152041e-16
1.000000000000000048e-04 4.499999740000000692e+00 7.680826372928980465e-16
1.000000000000000048e-04 4.750000130000000098e+00 7.448994667907049194e-16
1.000000000000000048e-04 5.000000000000000000e+00 7.213636662574774959e-16
1.000000000000000048e-04 5.249999869999999902e+00 6.973485608069665887e-16
1.000000000000000048e-04 5.500000260000000196e+00 6.737068333781949992e-16
1.000000000000000048e-04 5.750000130000000098e+00 6.492194797588161530e-16
1.000000000000000048e-04 6.000000000000000000e+00 6.241234101203181994e-16
1.000000000000000048e-04 6.249999870000000790e+00 5.952310386575329995e-16
1.000000000000000048e-04 6.499999740000000692e+00 5.807167214875609219e-16
1.000000000000000048e-04 6.750000130000000098e+00 5.662076840709059611e-16
1.000000000000000048e-04 7.000000000000000000e+00 5.526884942369353280e-16
1.000000000000000048e-04 7.249999870000000790e+00 5.391195914389106378e-16
1.000000000000000048e-04 7.500000260000000196e+00 5.264268013135572816e-16
1.000000000000000048e-04 7.750000130000000098e+00 5.139419715459012968e-16
1.000000000000000048e-04 8.000000000000000000e+00 5.017124927985958497e-16
1.000000000000000048e-04 8.249999869999999902e+00 4.901740858239667829e-16
1.000000000000000048e-04 8.499999739999999804e+00 4.785247143328678982e-16
1.000000000000000048e-04 8.750000130000000098e+00 4.666125348620343811e-16
1.000000000000000048e-04 8.999999490000000435e+00 4.498329680685736795e-16
1.000000000000000048e-04 9.249999869999999902e+00 4.421717871621968113e-16
1.000000000000000048e-04 9.500000260000000196e+00 4.348807137477416372e-16
1.000000000000000048e-04 9.749999620000000533e+00 4.280259017321903150e-16
1.000000000000000048e-04 1.000000000000000000e+01 4.206481561669630501e-16
1.000000000000000048e-04 1.025000040000000112e+01 4.139102029775151742e-16
1.000000000000000048e-04 1.049999970000000005e+01 4.072635228844275898e-16
1.000000000000000048e-04 1.075000010000000117e+01 4.008279196000988729e-16
1.000000000000000048e-04 1.100000050000000051e+01 3.942268404043470509e-16
1.000000000000000048e-04 1.124999990000000061e+01 3.882938701227699671e-16
1.000000000000000048e-04 1.150000029999999995e+01 3.819603193947964545e-16
1.000000000000000048e-04 1.174999960000000065e+01 3.757403236263032659e-16
1.000000000000000048e-04 1.200000000000000000e+01 3.699556130971873790e-16
1.000000000000000048e-04 1.225000040000000112e+01 3.642483115067422371e-16
1.000000000000000048e-04 1.249999970000000005e+01 3.586023388571790526e-16
1.000000000000000048e-04 1.275000010000000117e+01 3.531568314801224921e-16
1.000000000000000048e-04 1.299999950000000126e+01 3.474491169791502157e-16
1.000000000000000048e-04 1.324999990000000061e+01 3.420568794349542675e-16
1.000000000000000048e-04 1.350000029999999995e+01 3.367855206514803978e-16
1.000000000000000048e-04 1.374999960000000065e+01 3.307792572944803446e-16
1.000000000000000048e-04 1.400000000000000000e+01 3.274379613285246680e-16
1.000000000000000048e-04 1.425000040000000112e+01 3.245174082556588532e-16
1.000000000000000048e-04 1.449999970000000005e+01 3.212377449294431283e-16
1.000000000000000048e-04 1.475000010000000117e+01 3.181940345074970409e-16
1.000000000000000048e-04 1.500000050000000051e+01 3.151711918816982022e-16
1.000000000000000048e-04 1.524999990000000061e+01 3.122188387548112479e-16
1.000000000000000048e-04 1.550000030000000173e+01 3.092733682916033600e-16
1.000000000000000048e-04 1.574999960000000065e+01 3.063817509289562332e-16
1.000000000000000048e-04 1.600000000000000000e+01 3.035237724400739948e-16
1.000000000000000048e-04 1.625000040000000112e+01 3.004264122247902318e-16
1.000000000000000048e-04 1.649999970000000005e+01 2.978788757288923166e-16
1.000000000000000048e-04 1.675000010000000117e+01 2.951487950036754940e-16
1.000000000000000048e-04 1.699999950000000126e+01 2.921176102758661260e-16
1.000000000000000048e-04 1.725000089999999986e+01 2.896569002694386206e-16
1.000000000000000048e-04 1.750000029999999995e+01 2.866995182985973150e-16
1.000000000000000048e-04 1.774999960000000243e+01 2.840481512090814775e-16
1.000000000000000048e-04 1.799999900000000252e+01 2.813838445671460031e-16
1.000000000000000048e-04 1.825000040000000112e+01 2.785016661508553058e-16
1.000000000000000048e-04 1.849999970000000005e+01 2.763373988650389396e-16
1.000000000000000048e-04 1.874999910000000014e+01 2.735994944785611083e-16
1.000000000000000048e-04 1.900000050000000229e+01 2.710638165788833235e-16
1.000000000000000048e-04 1.924999990000000238e+01 2.683123197452823277e-16
1.000000000000000048e-04 1.949999920000000131e+01 2.660505871073935880e-16
1.000000000000000048e-04 1.975000059999999991e+01 2.633790656954619167e-16
1.000000000000000048e-04 2.000000000000000000e+01 2.608588583700856442e-16
4.000000000000000083e-03 0.000000000000000000e+00 3.238332629603369242e-15
4.000000000000000083e-03 1.258929999999999956e-04 3.238332629603369242e-15
4.000000000000000083e-03 1.412539999999999998e-04 3.238332629603369242e-15
4.000000000000000083e-03 1.584890000000000203e-04 3.238332629603369242e-15
4.000000000000000083e-03 1.778280000000000193e-04 3.238332629603369242e-15
4.000000000000000083e-03 1.995270000000000160e-04 3.238332629603369242e-15
4.000000000000000083e-03 2.238730000000000028e-04 3.238332629603369242e-15
4.000000000000000083e-03 2.511890000000000238e-04 3.238332629603369242e-15
4.000000000000000083e-03 2.818390000000000370e-04 3.238332629603369242e-15
4.000000000000000083e-03 3.162290000000000110e-04 3.238332629603369242e-15
4.000000000000000083e-03 3.548150000000000240e-04 3.238332629603369242e-15
4.000000000000000083e-03 3.981090000000000063e-04 3.238332629603369242e-15
4.000000000000000083e-03 4.466860000000000123e-04 3.238332629603369242e-15
4.000000000000000083e-03 5.011899999999999905e-04 3.238332629603369242e-15
4.000000000000000083e-03 5.623439999999999949e-04 3.238332629603369242e-15
4.000000000000000083e-03 6.309610000000000869e-04 3.238332629603369242e-15
4.000000000000000083e-03 7.079500000000000506e-04 3.238332629603369242e-15
4.000000000000000083e-03 7.943340000000000557e-04 3.238332629603369242e-15
4.000000000000000083e-03 8.912570000000000084e-04 3.238332629603369242e-15
4.000000000000000083e-03 1.000000000000000021e-03 3.238332629603369242e-15
4.000000000000000083e-03 1.047130000000000066e-03 3.238332629603369242e-15
4.000000000000000083e-03 1.096480000000000154e-03 3.238332629603369242e-15
4.000000000000000083e-03 1.148150000000000125e-03 3.238332629603369242e-15
4.000000000000000083e-03 1.202260000000000134e-03 3.238332629603369242e-15
4.000000000000000083e-03 1.258930000000000118e-03 3.238332629603369242e-15
4.000000000000000083e-03 1.318260000000000135e-03 3.238332629603369242e-15
4.000000000000000083e-03 1.380380000000000062e-03 3.238332629603369242e-15
4.000000000000000083e-03 1.445440000000000093e-03 3.238332629603369242e-15
4.000000000000000083e-03 1.513560000000000166e-03 3.238332629603369242e-15
4.000000000000000083e-03 1.584890000000000040e-03 3.238332629603369242e-15
4.000000000000000083e-03 1.659590000000000067e-03 3.238332629603369242e-15
4.000000000000000083e-03 1.737800000000000065e-03 3.238332629603369242e-15
4.000000000000000083e-03 1.819700000000000050e-03 3.238332629603369242e-15
4.000000000000000083e-03 1.905460000000000096e-03 3.238332629603369242e-15
4.000000000000000083e-03 1.995260000000000002e-03 3.238332629603369242e-15
4.000000000000000083e-03 2.089290000000000157e-03 3.238332629603369242e-15
4.000000000000000083e-03 2.187759999999999965e-03 3.238332629603369242e-15
4.000000000000000083e-03 2.290869999999999972e-03 3.238332629603369242e-15
4.000000000000000083e-03 2.398830000000000233e-03 3.238332629603369242e-15
4.000000000000000083e-03 2.511880000000000189e-03 4.492078270191159666e-15
4.000000000000000083e-03 2.630270000000000091e-03 5.455135666264567422e-15
4.000000000000000083e-03 2.754230000000000306e-03 8.469309919277309115e-15
4.000000000000000083e-03 2.884030000000000100e-03 1.346479674723179833e-14
4.000000000000000083e-03 3.019949999999999978e-03 1.949491548985167609e-14
4.000000000000000083e-03 3.162270000000000011e-03 3.034597639856902838e-14
4.000000000000000083e-03 3.311310000000000035e-03 3.407990857878741892e-14
4.000000000000000083e-03 3.467360000000000060e-03 3.411369128635988864e-14
4.000000000000000083e-03 3.630780000000000118e-03 2.889699731003242660e-14
4.000000000000000083e-03 3.801890000000000044e-03 2.312227481951371542e-14
4.000000000000000083e-03 3.981070000000000615e-03 3.123093815593944710e-14
4.000000000000000083e-03 4.168690000000000069e-03 3.573879148918658581e-14
4.000000000000000083e-03 4.365149999999999933e-03 3.249700932505481480e-14
4.000000000000000083e-03 4.570880000000000255e-03 2.378257937235938684e-14
4.000000000000000083e-03 4.786290000000000336e-03 1.653017306673765823e-14
4.000000000000000083e-03 5.011859999999999926e-03 1.340671708215092312e-14
4.000000000000000083e-03 5.248070000000000512e-03 1.143735799072575253e-14
4.000000000000000083e-03 5.495400000000000111e-03 1.330673712904275464e-14
4.000000000000000083e-03 5.754390000000000720e-03 1.641861801738409041e-14
4.000000000000000083e-03 6.025590000000000807e-03 1.963378740991182622e-14
4.000000000000000083e-03 6.309560000000000515e-03 2.292008024737359317e-14
4.000000000000000083e-03 6.606920000000000501e-03 2.641601225971096557e-14
4.000000000000000083e-03 6.918300000000000491e-03 2.590371706312005702e-14
4.000000000000000083e-03 7.244350000000000095e-03 2.810582127517266764e-14
4.000000000000000083e-03 7.585760000000000419e-03 3.029170201681343343e-14
4.000000000000000083e-03 7.943270000000000539e-03 3.247482037716432839e-14
4.000000000000000083e-03 8.317620000000001262e-03 3.462770832214461844e-14
4.000000000000000083e-03 8.709620000000001250e-03 3.673804231822940690e-14
4.000000000000000083e-03 9.120090000000000835e-03 3.876258862439607065e-14
4.000000000000000083e-03 9.549900000000000055e-03 4.068832527399085511e-14
4.000000000000000083e-03 9.999980000000000327e-03 3.882872128876796191e-14
4.000000000000000083e-03 1.047130000000000109e-02 3.439434019734453667e-14
4.000000000000000083e-03 1.096480000000000024e-02 3.152160461679863761e-14
4.000000000000000083e-03 1.148150000000000039e-02 2.896201692266432423e-14
4.000000000000000083e-03 1.202260000000000134e-02 2.646606346925881483e-14
4.000000000000000083e-03 1.258920000000000004e-02 2.404111374189086725e-14
4.000000000000000083e-03 1.318250000000000151e-02 2.172616875972433217e-14
4.000000000000000083e-03 1.380380000000000149e-02 1.955366539819130181e-14
4.000000000000000083e-03 1.445440000000000093e-02 1.669038032176072530e-14
4.000000000000000083e-03 1.513560000000000079e-02 1.527936200638825584e-14
4.000000000000000083e-03 1.584890000000000257e-02 1.590375157632475092e-14
4.000000000000000083e-03 1.659580000000000083e-02 1.688585786296166686e-14
4.000000000000000083e-03 1.737800000000000109e-02 1.782933746848769289e-14
4.000000000000000083e-03 1.819700000000000137e-02 1.870244253407949851e-14
4.000000000000000083e-03 1.905460000000000140e-02 1.950652087293701783e-14
4.000000000000000083e-03 1.995260000000000089e-02 2.022943882307985756e-14
4.000000000000000083e-03 2.089290000000000244e-02 1.920577641863157967e-14
4.000000000000000083e-03 2.187760000000000052e-02 1.911391182784735111e-14
4.000000000000000083e-03 2.290860000000000118e-02 1.931708282819466953e-14
4.000000000000000083e-03 2.398830000000000059e-02 1.947728430683089414e-14
4.000000000000000083e-03 2.511880000000000016e-02 1.958850607220096372e-14
4.000000000000000083e-03 2.630260000000000237e-02 1.964770729039072716e-14
4.000000000000000083e-03 2.754220000000000279e-02 1.964687478885945506e-14
4.000000000000000083e-03 2.900000000000000147e-02 1.956950171179345818e-14
4.000000000000000083e-03 3.000000000000000236e-02 1.946998356461637718e-14
4.000000000000000083e-03 3.100000000000000325e-02 1.933457807888753953e-14
4.000000000000000083e-03 3.200000000000000067e-02 1.916478457516433052e-14
4.000000000000000083e-03 3.300000000000000155e-02 1.896254446982362634e-14
4.000000000000000083e-03 3.400000000000000244e-02 1.819449315539146963e-14
4.000000000000000083e-03 3.500000000000000333e-02 1.781464207359317378e-14
4.000000000000000083e-03 3.600000000000000422e-02 1.724821847251732096e-14
4.000000000000000083e-03 3.700000000000000511e-02 1.693510463593681666e-14
4.000000000000000083e-03 3.799999999999999906e-02 1.661293912132781608e-14
4.000000000000000083e-03 3.899999999999999994e-02 1.628203873125867021e-14
4.000000000000000083e-03 4.000000000000000083e-02 1.594949449229055421e-14
4.000000000000000083e-03 4.250000000000000305e-02 1.506695929208465558e-14
4.000000000000000083e-03 4.500000000000000527e-02 1.413902647833247777e-14
4.000000000000000083e-03 4.750000000000000056e-02 1.317051951425701389e-14
4.000000000000000083e-03 5.000000000000000278e-02 1.216498435486414387e-14
4.000000000000000083e-03 5.250000000000000500e-02 1.112546540541835557e-14
4.000000000000000083e-03 5.500000000000000028e-02 9.971446160034178827e-15
4.000000000000000083e-03 5.708800000000000680e-02 9.546489911780091707e-15
4.000000000000000083e-03 6.405380000000000795e-02 8.782864658318325298e-15
4.000000000000000083e-03 7.186960000000000570e-02 7.720212246871742560e-15
4.000000000000000083e-03 8.063900000000000234e-02 7.121922632085402602e-15
4.000000000000000083e-03 9.047849600000000547e-02 6.696687346640241447e-15
4.000000000000000083e-03 1.015180000000000110e-01 6.064332037270303922e-15
4.000000000000000083e-03 1.139060000000000072e-01 8.613873656084197626e-15
4.000000000000000083e-03 1.278040000000000009e-01 8.007678479329250768e-15
4.000000000000000083e-03 1.433990080000000222e-01 7.260939747457108502e-15
4.000000000000000083e-03 1.608960000000000112e-01 6.359947349834709992e-15
4.000000000000000083e-03 1.805289919999999992e-01 5.485814076238192083e-15
4.000000000000000083e-03 2.025569920000000190e-01 5.447719803034151658e-15
4.000000000000000083e-03 2.272720000000000018e-01 5.636268300735794121e-15
4.000000000000000083e-03 2.550040000000000084e-01 5.610611642132028702e-15
4.000000000000000083e-03 2.861190080000000080e-01 5.329284323169209740e-15
4.000000000000000083e-03 3.210310080000000066e-01 4.745990843154534341e-15
4.000000000000000083e-03 3.602030080000000467e-01 4.098301235247044542e-15
4.000000000000000083e-03 4.041539840000000217e-01 3.737900325305252288e-15
4.000000000000000083e-03 4.534689920000000152e-01 3.647953255219516176e-15
4.000000000000000083e-03 5.088009920000000630e-01 3.452140273454455109e-15
4.000000000000000083e-03 5.708839680000000749e-01 3.287109545276251166e-15
4.000000000000000083e-03 6.405429759999999861e-01 3.130483186827912751e-15
4.000000000000000083e-03 7.187009920000000385e-01 2.994495074594748491e-15
4.000000000000000083e-03 8.063960320000000959e-01 2.840639417443881276e-15
4.000000000000000083e-03 9.047920000000000407e-01 2.589221447011566940e-15
4.000000000000000083e-03 1.015190020000000137e+00 2.380699663878877066e-15
4.000000000000000083e-03 1.139069950000000109e+00 2.567676543560621294e-15
4.000000000000000083e-03 1.278050050000000049e+00 4.712212389825577795e-15
4.000000000000000083e-03 1.434000000000000163e+00 2.471621785989449095e-15
4.000000000000000083e-03 1.608979970000000037e+00 1.969175749309852176e-15
4.000000000000000083e-03 1.680000000000000160e+00 1.926080826369422083e-15
4.000000000000000083e-03 1.700000000000000178e+00 1.915597007706654295e-15
4.000000000000000083e-03 1.800000000000000044e+00 1.865263398316931772e-15
4.000000000000000083e-03 1.900000000000000133e+00 1.824209393823519889e-15
4.000000000000000083e-03 2.000000000000000000e+00 1.740972412319587833e-15
4.000000000000000083e-03 2.100000000000000089e+00 1.678816508041175710e-15
4.000000000000000083e-03 2.200000000000000178e+00 1.593751713319683476e-15
4.000000000000000083e-03 2.300000000000000266e+00 1.567557348966811379e-15
4.000000000000000083e-03 2.400000000000000355e+00 1.543456077763667838e-15
4.000000000000000083e-03 2.500000000000000000e+00 1.530836902601100619e-15
4.000000000000000083e-03 2.600000000000000089e+00 1.557202490891068373e-15
4.000000000000000083e-03 2.750000130000000098e+00 1.558884408171327529e-15
4.000000000000000083e-03 3.000000000000000000e+00 1.482668807000363022e-15
4.000000000000000083e-03 3.249999870000000346e+00 1.292480339408017466e-15
4.000000000000000083e-03 3.500000000000000000e+00 1.184420272524826810e-15
4.000000000000000083e-03 3.750000130000000098e+00 1.143374942273962929e-15
4.000000000000000083e-03 4.000000000000000000e+00 1.094325296329135996e-15
4.000000000000000083e-03 4.249999869999999902e+00 1.036694481472545029e-15
4.000000000000000083e-03 4.499999740000000692e+00 9.882365665352515984e-16
4.000000000000000083e-03 4.750000130000000098e+00 9.593372508385607465e-16
4.000000000000000083e-03 5.000000000000000000e+00 9.307452835198380461e-16
4.000000000000000083e-03 5.249999869999999902e+00 9.030408798210102377e-16
4.000000000000000083e-03 5.500000260000000196e+00 8.761289728535500901e-16
4.000000000000000083e-03 5.750000130000000098e+00 8.502035173378776929e-16
4.000000000000000083e-03 6.000000000000000000e+00 8.384136512605487302e-16
4.000000000000000083e-03 6.249999870000000790e+00 8.288697269353847845e-16
4.000000000000000083e-03 6.499999740000000692e+00 8.165155207830005771e-16
4.000000000000000083e-03 6.750000130000000098e+00 8.033805830721824534e-16
4.000000000000000083e-03 7.000000000000000000e+00 7.889755036973038691e-16
4.000000000000000083e-03 7.249999870000000790e+00 7.744045260464696412e-16
4.000000000000000083e-03 7.500000260000000196e+00 7.584961807091356606e-16
4.000000000000000083e-03 7.750000130000000098e+00 7.424303350121410182e-16
4.000000000000000083e-03 8.000000000000000000e+00 7.259322618843725861e-16
4.000000000000000083e-03 8.249999869999999902e+00 7.081597689129819130e-16
4.000000000000000083e-03 8.499999739999999804e+00 6.812889527311103746e-16
4.000000000000000083e-03 8.750000130000000098e+00 6.641400509120965301e-16
4.000000000000000083e-03 8.999999490000000435e+00 6.527901649364594955e-16
4.000000000000000083e-03 9.249999869999999902e+00 6.413228274637427892e-16
4.000000000000000083e-03 9.500000260000000196e+00 6.301764246192073445e-16
4.000000000000000083e-03 9.749999620000000533e+00 6.189705821412456551e-16
4.000000000000000083e-03 1.000000000000000000e+01 6.075213343137077910e-16
4.000000000000000083e-03 1.025000040000000112e+01 5.964318360476476870e-16
4.000000000000000083e-03 1.049999970000000005e+01 5.853877109220269868e-16
4.000000000000000083e-03 1.075000010000000117e+01 5.744617439495121447e-16
4.000000000000000083e-03 1.100000050000000051e+01 5.634891046133958118e-16
4.000000000000000083e-03 1.124999990000000061e+01 5.525475821951350562e-16
4.000000000000000083e-03 1.150000029999999995e+01 5.418468961691685644e-16
4.000000000000000083e-03 1.174999960000000065e+01 5.309882248084181282e-16
4.000000000000000083e-03 1.200000000000000000e+01 5.205962299581479779e-16
4.000000000000000083e-03 1.225000040000000112e+01 5.098971994884712060e-16
4.000000000000000083e-03 1.249999970000000005e+01 4.997930351112689567e-16
4.000000000000000083e-03 1.275000010000000117e+01 4.921860348374913409e-16
4.000000000000000083e-03 1.299999950000000126e+01 4.858884527817236029e-16
4.000000000000000083e-03 1.324999990000000061e+01 4.799787573225627870e-16
4.000000000000000083e-03 1.350000029999999995e+01 4.739083391038684543e-16
4.000000000000000083e-03 1.374999960000000065e+01 4.682769556767707172e-16
4.000000000000000083e-03 1.400000000000000000e+01 4.623871139785960467e-16
4.000000000000000083e-03 1.425000040000000112e+01 4.565985110425023032e-16
4.000000000000000083e-03 1.449999970000000005e+01 4.510853291481731562e-16
4.000000000000000083e-03 1.475000010000000117e+01 4.456148839464562094e-16
4.000000000000000083e-03 1.500000050000000051e+01 4.400762087434004254e-16
4.000000000000000083e-03 1.524999990000000061e+01 4.348128021384448794e-16
4.000000000000000083e-03 1.550000030000000173e+01 4.295592382104028820e-16
4.000000000000000083e-03 1.574999960000000065e+01 4.242492968969002771e-16
4.000000000000000083e-03 1.600000000000000000e+01 4.191750842152641342e-16
4.000000000000000083e-03 1.625000040000000112e+01 4.141827134852296462e-16
4.000000000000000083e-03 1.649999970000000005e+01 4.091153910556417531e-16
4.000000000000000083e-03 1.675000010000000117e+01 4.038662400783014261e-16
4.000000000000000083e-03 1.699999950000000126e+01 3.990485142715937135e-16
4.000000000000000083e-03 1.725000089999999986e+01 3.942923880248947417e-16
4.000000000000000083e-03 1.750000029999999995e+01 3.895095428152064596e-16
4.000000000000000083e-03 1.774999960000000243e+01 3.848137285336277840e-16
4.000000000000000083e-03 1.799999900000000252e+01 3.801692863975709800e-16
4.000000000000000083e-03 1.825000040000000112e+01 3.755328880833876691e-16
4.000000000000000083e-03 1.849999970000000005e+01 3.711428609292810846e-16
4.000000000000000083e-03 1.874999910000000014e+01 3.665285428321926582e-16
4.000000000000000083e-03 1.900000050000000229e+01 3.621968933939828982e-16
4.000000000000000083e-03 1.924999990000000238e+01 3.578200858871683064e-16
4.000000000000000083e-03 1.949999920000000131e+01 3.534735882886477626e-16
4.000000000000000083e-03 1.975000059999999991e+01 3.503756314646516491e-16
4.000000000000000083e-03 2.000000000000000000e+01 3.483613693625320086e-16
2.000000000000000042e-02 0.000000000000000000e+00 4.650050648628785190e-15
2.000000000000000042e-02 1.258929999999999956e-04 4.650050648628785190e-15
2.000000000000000042e-02 1.412539999999999998e-04 4.650050648628785190e-15
2.000000000000000042e-02 1.584890000000000203e-04 4.650050648628785190e-15
2.000000000000000042e-02 1.778280000000000193e-04 4.650050648628785190e-15
2.000000000000000042e-02 1.995270000000000160e-04 4.650050648628785190e-15
2.000000000000000042e-02 2.238730000000000028e-04 4.650050648628785190e-15
2.000000000000000042e-02 2.511890000000000238e-04 4.650050648628785190e-15
2.000000000000000042e-02 2.818390000000000370e-04 4.650050648628785190e-15
2.000000000000000042e-02 3.162290000000000110e-04 4.650050648628785190e-15
2.000000000000000042e-02 3.548150000000000240e-04 4.650050648628785190e-15
2.000000000000000042e-02 3.981090000000000063e-04 4.650050648628785190e-15
2.000000000000000042e-02 4.466860000000000123e-04 4.650050648628785190e-15
2.000000000000000042e-02 5.011899999999999905e-04 4.650050648628785190e-15
2.000000000000000042e-02 5.623439999999999949e-04 4.650050648628785190e-15
2.000000000000000042e-02 6.309610000000000869e-04 4.650050648628785190e-15
2.000000000000000042e-02 7.079500000000000506e-04 4.650050648628785190e-15
2.000000000000000042e-02 7.943340000000000557e-04 4.650050648628785190e-15
2.000000000000000042e-02 8.912570000000000084e-04 4.650050648628785190e-15
2.000000000000000042e-02 1.000000000000000021e-03 5.798638509180078646e-15
2.000000000000000042e-02 1.047130000000000066e-03 5.794807432134266783e-15
2.000000000000000042e-02 1.096480000000000154e-03 5.788038022299427418e-15
2.000000000000000042e-02 1.148150000000000125e-03 5.793354726789614676e-15
2.000000000000000042e-02 1.202260000000000134e-03 5.800275368876874767e-15
2.000000000000000042e-02 1.258930000000000118e-03 5.812275694405814818e-15
2.000000000000000042e-02 1.318260000000000135e-03 5.775156937227973851e-15
2.000000000000000042e-02 1.380380000000000062e-03 5.800258594697523476e-15
2.000000000000000042e-02 1.445440000000000093e-03 5.821560622978532652e-15
2.000000000000000042e-02 1.513560000000000166e-03 5.838981478367287289e-15
2.000000000000000042e-02 1.584890000000000040e-03 5.852552913629105963e-15
2.000000000000000042e-02 1.659590000000000067e-03 5.731832283458642585e-15
2.000000000000000042e-02 1.737800000000000065e-03 6.005066514318010234e-15
2.000000000000000042e-02 1.819700000000000050e-03 5.860543885414459297e-15
2.000000000000000042e-02 1.905460000000000096e-03 5.703147249600634525e-15
2.000000000000000042e-02 1.995260000000000002e-03 5.531701300532661068e-15
2.000000000000000042e-02 2.089290000000000157e-03 6.011830338472910879e-15
2.000000000000000042e-02 2.187759999999999965e-03 5.786910812288644686e-15
2.000000000000000042e-02 2.290869999999999972e-03 6.137272712643341881e-15
2.000000000000000042e-02 2.398830000000000233e-03 5.797845567498113578e-15
2.000000000000000042e-02 2.511880000000000189e-03 7.524223936872290262e-15
2.000000000000000042e-02 2.630270000000000091e-03 6.843991156067780818e-15
2.000000000000000042e-02 2.754230000000000306e-03 7.675132718961949809e-15
2.000000000000000042e-02 2.884030000000000100e-03 5.915230133867394191e-15
2.000000000000000042e-02 3.019949999999999978e-03 1.077667783025379806e-14
2.000000000000000042e-02 3.162270000000000011e-03 1.132613032696032176e-14
2.000000000000000042e-02 3.311310000000000035e-03 1.203521004961372417e-14
2.000000000000000042e-02 3.467360000000000060e-03 1.310287644617992714e-14
2.000000000000000042e-02 3.630780000000000118e-03 1.451766975113081548e-14
2.000000000000000042e-02 3.801890000000000044e-03 1.619977770930399783e-14
2.000000000000000042e-02 3.981070000000000615e-03 1.716528136854595904e-14
2.000000000000000042e-02 4.168690000000000069e-03 1.725170080943170196e-14
2.000000000000000042e-02 4.365149999999999933e-03 1.616611682687793690e-14
2.000000000000000042e-02 4.570880000000000255e-03 1.522260743703472030e-14
2.000000000000000042e-02 4.786290000000000336e-03 1.723304122071251599e-14
2.000000000000000042e-02 5.011859999999999926e-03 2.099392860691270311e-14
2.000000000000000042e-02 5.248070000000000512e-03 2.707967580113911026e-14
2.000000000000000042e-02 5.495400000000000111e-03 3.631494749433266648e-14
2.000000000000000042e-02 5.754390000000000720e-03 4.252365288099520495e-14
2.000000000000000042e-02 6.025590000000000807e-03 4.089698379095354656e-14
2.000000000000000042e-02 6.309560000000000515e-03 4.434716061547120482e-14
2.000000000000000042e-02 6.606920000000000501e-03 4.974279015187908780e-14
2.000000000000000042e-02 6.918300000000000491e-03 5.597856781271797526e-14
2.000000000000000042e-02 7.244350000000000095e-03 6.315191386570759837e-14
2.000000000000000042e-02 7.585760000000000419e-03 7.138701255026206815e-14
2.000000000000000042e-02 7.943270000000000539e-03 8.079276778851815079e-14
2.000000000000000042e-02 8.317620000000001262e-03 9.153506361767569645e-14
2.000000000000000042e-02 8.709620000000001250e-03 9.694486908844437304e-14
2.000000000000000042e-02 9.120090000000000835e-03 8.571068539670521638e-14
2.000000000000000042e-02 9.549900000000000055e-03 7.984960738987872202e-14
2.000000000000000042e-02 9.999980000000000327e-03 7.648411650491882532e-14
2.000000000000000042e-02 1.047130000000000109e-02 7.300723860370365275e-14
2.000000000000000042e-02 1.096480000000000024e-02 6.944774709510279114e-14
2.000000000000000042e-02 1.148150000000000039e-02 6.579903495348258711e-14
2.000000000000000042e-02 1.202260000000000134e-02 6.209460019390735788e-14
2.000000000000000042e-02 1.258920000000000004e-02 5.696261222545850497e-14
2.000000000000000042e-02 1.318250000000000151e-02 4.942638869410310135e-14
2.000000000000000042e-02 1.380380000000000149e-02 4.679889808315370458e-14
2.000000000000000042e-02 1.445440000000000093e-02 4.630570963170409544e-14
2.000000000000000042e-02 1.513560000000000079e-02 4.567524779366172787e-14
2.000000000000000042e-02 1.584890000000000257e-02 4.490762341602647290e-14
2.000000000000000042e-02 1.659580000000000083e-02 4.397086987094344979e-14
2.000000000000000042e-02 1.737800000000000109e-02 4.286024383751307513e-14
2.000000000000000042e-02 1.819700000000000137e-02 3.939573410242245551e-14
2.000000000000000042e-02 1.905460000000000140e-02 3.568051904568350340e-14
2.000000000000000042e-02 1.995260000000000089e-02 3.484758777105409637e-14
2.000000000000000042e-02 2.089290000000000244e-02 3.392013967072757969e-14
2.000000000000000042e-02 2.187760000000000052e-02 3.289177867220479290e-14
2.000000000000000042e-02 2.290860000000000118e-02 3.175890890961640946e-14
2.000000000000000042e-02 2.398830000000000059e-02 3.051395304257418153e-14
2.000000000000000042e-02 2.511880000000000016e-02 2.915214932208942623e-14
2.000000000000000042e-02 2.630260000000000237e-02 2.766669838342527664e-14
2.000000000000000042e-02 2.754220000000000279e-02 2.604927073402557971e-14
2.000000000000000042e-02 2.900000000000000147e-02 2.408509820171184745e-14
2.000000000000000042e-02 3.000000000000000236e-02 2.251917472061707400e-14
2.000000000000000042e-02 3.100000000000000325e-02 2.030286437687168800e-14
2.000000000000000042e-02 3.200000000000000067e-02 1.894371093622751900e-14
2.000000000000000042e-02 3.300000000000000155e-02 1.862169707250922393e-14
2.000000000000000042e-02 3.400000000000000244e-02 1.828962669493937324e-14
2.000000000000000042e-02 3.500000000000000333e-02 1.794830379835559212e-14
2.000000000000000042e-02 3.600000000000000422e-02 1.759774977913457549e-14
2.000000000000000042e-02 3.700000000000000511e-02 1.723881103880205829e-14
2.000000000000000042e-02 3.799999999999999906e-02 1.687184989900745820e-14
2.000000000000000042e-02 3.899999999999999994e-02 1.649740030054196653e-14
2.000000000000000042e-02 4.000000000000000083e-02 1.611890358025762326e-14
2.000000000000000042e-02 4.250000000000000305e-02 1.513261610842240921e-14
2.000000000000000042e-02 4.500000000000000527e-02 1.410791831689918046e-14
2.000000000000000042e-02 4.750000000000000056e-02 1.304872019114614737e-14
2.000000000000000042e-02 5.000000000000000278e-02 1.186523891186622057e-14
2.000000000000000042e-02 5.250000000000000500e-02 1.089883585157469670e-14
2.000000000000000042e-02 5.500000000000000028e-02 1.039928243532019785e-14
2.000000000000000042e-02 5.708800000000000680e-02 1.018952467115856915e-14
2.000000000000000042e-02 6.405380000000000795e-02 9.385545478867484915e-15
2.000000000000000042e-02 7.186960000000000570e-02 8.281116796720693912e-15
2.000000000000000042e-02 8.063900000000000234e-02 7.629397242694607831e-15
2.000000000000000042e-02 9.047849600000000547e-02 7.146113106877479396e-15
2.000000000000000042e-02 1.015180000000000110e-01 6.447851765271068109e-15
2.000000000000000042e-02 1.139060000000000072e-01 5.716724030387047106e-15
2.000000000000000042e-02 1.278040000000000009e-01 6.985273657482178586e-15
2.000000000000000042e-02 1.433990080000000222e-01 6.605786306633328099e-15
2.000000000000000042e-02 1.608960000000000112e-01 6.072985810161071263e-15
2.000000000000000042e-02 1.805289919999999992e-01 5.376510080580213761e-15
2.000000000000000042e-02 2.025569920000000190e-01 5.023232610537726742e-15
2.000000000000000042e-02 2.272720000000000018e-01 4.889961893827064748e-15
2.000000000000000042e-02 2.550040000000000084e-01 4.901139202795244157e-15
2.000000000000000042e-02 2.861190080000000080e-01 4.794845168873840597e-15
2.000000000000000042e-02 3.210310080000000066e-01 4.551757342289403836e-15
2.000000000000000042e-02 3.602030080000000467e-01 4.145420319395229412e-15
2.000000000000000042e-02 4.041539840000000217e-01 3.811620999202050644e-15
2.000000000000000042e-02 4.534689920000000152e-01 3.613744961563207677e-15
2.000000000000000042e-02 5.088009920000000630e-01 3.594578815815619405e-15
2.000000000000000042e-02 5.708839680000000749e-01 3.565740521069663182e-15
2.000000000000000042e-02 6.405429759999999861e-01 3.407973735363534868e-15
2.000000000000000042e-02 7.187009920000000385e-01 3.224042789183907335e-15
2.000000000000000042e-02 8.063960320000000959e-01 3.053968350821102543e-15
2.000000000000000042e-02 9.047920000000000407e-01 2.877504792211006963e-15
2.000000000000000042e-02 1.015190020000000137e+00 2.756816188739410916e-15
2.000000000000000042e-02 1.139069950000000109e+00 3.603670450239369941e-15
2.000000000000000042e-02 1.278050050000000049e+00 3.089540314127000818e-15
2.000000000000000042e-02 1.434000000000000163e+00 2.230964084681598701e-15
2.000000000000000042e-02 1.608979970000000037e+00 2.128872703828733373e-15
2.000000000000000042e-02 1.680000000000000160e+00 2.082718341478287424e-15
2.000000000000000042e-02 1.700000000000000178e+00 2.069510120860340336e-15
2.000000000000000042e-02 1.800000000000000044e+00 2.002842063891102213e-15
2.000000000000000042e-02 1.900000000000000133e+00 1.978827717924840910e-15
2.000000000000000042e-02 2.000000000000000000e+00 1.947359717082976380e-15
2.000000000000000042e-02 2.100000000000000089e+00 1.909186439547499935e-15
2.000000000000000042e-02 2.200000000000000178e+00 1.862804572166348304e-15
2.000000000000000042e-02 2.300000000000000266e+00 1.780663265807389898e-15
2.000000000000000042e-02 2.400000000000000355e+00 1.702659825979624998e-15
2.000000000000000042e-02 2.500000000000000000e+00 1.646157611538100233e-15
2.000000000000000042e-02 2.600000000000000089e+00 1.619576972275495446e-15
2.000000000000000042e-02 2.750000130000000098e+00 1.585414020635628348e-15
2.000000000000000042e-02 3.000000000000000000e+00 1.568225930641327535e-15
2.000000000000000042e-02 3.249999870000000346e+00 1.511984342318363174e-15
2.000000000000000042e-02 3.500000000000000000e+00 1.427380875547456821e-15
2.000000000000000042e-02 3.750000130000000098e+00 1.276392985611231394e-15
2.000000000000000042e-02 4.000000000000000000e+00 1.226214997216705601e-15
2.000000000000000042e-02 4.249999869999999902e+00 1.173829862263463421e-15
2.000000000000000042e-02 4.499999740000000692e+00 1.118144105791781576e-15
2.000000000000000042e-02 4.750000130000000098e+00 1.041405669884662309e-15
2.000000000000000042e-02 5.000000000000000000e+00 1.019859926381589280e-15
2.000000000000000042e-02 5.249999869999999902e+00 9.964059357786801581e-16
2.000000000000000042e-02 5.500000260000000196e+00 9.718278160140992867e-16
2.000000000000000042e-02 5.750000130000000098e+00 9.461478453531889967e-16
2.000000000000000042e-02 6.000000000000000000e+00 9.192686175703481492e-16
2.000000000000000042e-02 6.249999870000000790e+00 8.825938259646956459e-16
2.000000000000000042e-02 6.499999740000000692e+00 8.611848290668831986e-16
2.000000000000000042e-02 6.750000130000000098e+00 8.493414686820492413e-16
2.000000000000000042e-02 7.000000000000000000e+00 8.373295103967507190e-16
2.000000000000000042e-02 7.249999870000000790e+00 8.252266711653211151e-16
2.000000000000000042e-02 7.500000260000000196e+00 8.134580709084350225e-16
2.000000000000000042e-02 7.750000130000000098e+00 8.014052804459726540e-16
2.000000000000000042e-02 8.000000000000000000e+00 7.893968835906309055e-16
2.000000000000000042e-02 8.249999869999999902e+00 7.773466713281277068e-16
2.000000000000000042e-02 8.499999739999999804e+00 7.658350497130585904e-16
2.000000000000000042e-02 8.750000130000000098e+00 7.538556515494934888e-16
2.000000000000000042e-02 8.999999490000000435e+00 7.421398282474735122e-16
2.000000000000000042e-02 9.249999869999999902e+00 7.304981390778757151e-16
2.000000000000000042e-02 9.500000260000000196e+00 7.190449374163630375e-16
2.000000000000000042e-02 9.749999620000000533e+00 7.070325421503458927e-16
2.000000000000000042e-02 1.000000000000000000e+01 6.953257540186195386e-16
2.000000000000000042e-02 1.025000040000000112e+01 6.838206454280370304e-16
2.000000000000000042e-02 1.049999970000000005e+01 6.723682231641703383e-16
2.000000000000000042e-02 1.075000010000000117e+01 6.608343324865927573e-16
2.000000000000000042e-02 1.100000050000000051e+01 6.492930619977700149e-16
2.000000000000000042e-02 1.124999990000000061e+01 6.380738119267480296e-16
2.000000000000000042e-02 1.150000029999999995e+01 6.266845468015246362e-16
2.000000000000000042e-02 1.174999960000000065e+01 6.155932421422962666e-16
2.000000000000000042e-02 1.200000000000000000e+01 6.042548546777797259e-16
2.000000000000000042e-02 1.225000040000000112e+01 5.925709990284855508e-16
2.000000000000000042e-02 1.249999970000000005e+01 5.745881337003570575e-16
2.000000000000000042e-02 1.275000010000000117e+01 5.642760254115663815e-16
2.000000000000000042e-02 1.299999950000000126e+01 5.581929837060886094e-16
2.000000000000000042e-02 1.324999990000000061e+01 5.522147770368502779e-16
2.000000000000000042e-02 1.350000029999999995e+01 5.464269377044346305e-16
2.000000000000000042e-02 1.374999960000000065e+01 5.406347876030977077e-16
2.000000000000000042e-02 1.400000000000000000e+01 5.347740891582414979e-16
2.000000000000000042e-02 1.425000040000000112e+01 5.293485451377943562e-16
2.000000000000000042e-02 1.449999970000000005e+01 5.236415989435523213e-16
2.000000000000000042e-02 1.475000010000000117e+01 5.179929921204364353e-16
2.000000000000000042e-02 1.500000050000000051e+01 5.127099157356955440e-16
2.000000000000000042e-02 1.524999990000000061e+01 5.072418614425361914e-16
2.000000000000000042e-02 1.550000030000000173e+01 5.019567357058454945e-16
2.000000000000000042e-02 1.574999960000000065e+01 4.966869656100300281e-16
2.000000000000000042e-02 1.600000000000000000e+01 4.915943257747022099e-16
2.000000000000000042e-02 1.625000040000000112e+01 4.864011100930229440e-16
2.000000000000000042e-02 1.649999970000000005e+01 4.813355241356119394e-16
2.000000000000000042e-02 1.675000010000000117e+01 4.763521816712545252e-16
2.000000000000000042e-02 1.699999950000000126e+01 4.714515030444105857e-16
2.000000000000000042e-02 1.725000089999999986e+01 4.664163419065568639e-16
2.000000000000000042e-02 1.750000029999999995e+01 4.616708483453809264e-16
2.000000000000000042e-02 1.774999960000000243e+01 4.568745200958921975e-16
2.000000000000000042e-02 1.799999900000000252e+01 4.522311861744422493e-16
2.000000000000000042e-02 1.825000040000000112e+01 4.475999425422256795e-16
2.000000000000000042e-02 1.849999970000000005e+01 4.432679902792972088e-16
2.000000000000000042e-02 1.874999910000000014e+01 4.421529628591192194e-16
2.000000000000000042e-02 1.900000050000000229e+01 4.402129964416961691e-16
2.000000000000000042e-02 1.924999990000000238e+01 4.369367116667043906e-16
2.000000000000000042e-02 1.949999920000000131e+01 4.335083528665531126e-16
2.000000000000000042e-02 1.975000059999999991e+01 4.304757332503316813e-16
2.000000000000000042e-02 2.000000000000000000e+01 4.271979073626157336e-16
