4.000000000000000192e-04 0.000000000000000000e+00 1.994177992854514604e-14
4.000000000000000192e-04 1.258929999999999956e-04 1.994177992854514604e-14
4.000000000000000192e-04 1.412539999999999998e-04 1.994177992854514604e-14
4.000000000000000192e-04 1.584890000000000203e-04 1.994177992854514604e-14
4.000000000000000192e-04 1.778280000000000193e-04 1.994177992854514604e-14
4.000000000000000192e-04 1.995270000000000160e-04 1.994177992854514604e-14
4.000000000000000192e-04 2.238730000000000028e-04 1.994177992854514604e-14
4.000000000000000192e-04 2.511890000000000238e-04 1.994177992854514604e-14
4.000000000000000192e-04 2.818390000000000370e-04 1.994177992854514604e-14
4.000000000000000192e-04 3.162290000000000110e-04 1.994177992854514604e-14
4.000000000000000192e-04 3.548150000000000240e-04 1.994177992854514604e-14
4.000000000000000192e-04 3.981090000000000063e-04 1.994177992854514604e-14
4.000000000000000192e-04 4.466860000000000123e-04 1.994177992854514604e-14
4.000000000000000192e-04 5.011899999999999905e-04 1.994177992854514604e-14
4.000000000000000192e-04 5.623439999999999949e-04 1.994177992854514604e-14
4.000000000000000192e-04 6.309610000000000869e-04 1.994177992854514604e-14
4.000000000000000192e-04 7.079500000000000506e-04 1.994177992854514604e-14
4.000000000000000192e-04 7.943340000000000557e-04 1.994177992854514604e-14
4.000000000000000192e-04 8.912570000000000084e-04 1.994177992854514604e-14
4.000000000000000192e-04 1.000000000000000021e-03 1.994177992854514604e-14
4.000000000000000192e-04 1.047130000000000066e-03 1.994177992854514604e-14
4.000000000000000192e-04 1.096480000000000154e-03 1.994177992854514604e-14
4.000000000000000192e-04 1.148150000000000125e-03 1.994177992854514604e-14
4.000000000000000192e-04 1.202260000000000134e-03 1.994177992854514604e-14
4.000000000000000192e-04 1.258930000000000118e-03 1.994177992854514604e-14
4.000000000000000192e-04 1.318260000000000135e-03 1.994177992854514604e-14
4.000000000000000192e-04 1.380380000000000062e-03 1.994177992854514604e-14
4.000000000000000192e-04 1.445440000000000093e-03 1.994177992854514604e-14
4.000000000000000192e-04 1.513560000000000166e-03 2.021202197930238058e-14
4.000000000000000192e-04 1.584890000000000040e-03 1.929256783109031210e-14
4.000000000000000192e-04 1.659590000000000067e-03 1.840309452331797165e-14
4.000000000000000192e-04 1.737800000000000065e-03 1.754977241766381521e-14
4.000000000000000192e-04 1.819700000000000050e-03 1.673959747899139691e-14
4.000000000000000192e-04 1.905460000000000096e-03 1.962957484638726940e-14
4.000000000000000192e-04 1.995260000000000002e-03 1.796150085417035373e-14
4.000000000000000192e-04 2.089290000000000157e-03 2.175663534469655293e-14
4.000000000000000192e-04 2.187759999999999965e-03 1.885863201866371830e-14
4.000000000000000192e-04 2.290869999999999972e-03 2.045550173207945871e-14
4.000000000000000192e-04 2.398830000000000233e-03 1.748272806643685842e-14
4.000000000000000192e-04 2.511880000000000189e-03 1.648954712489156912e-14
4.000000000000000192e-04 2.630270000000000091e-03 1.959693955086156881e-14
4.000000000000000192e-04 2.754230000000000306e-03 3.134429033215111433e-14
4.000000000000000192e-04 2.884030000000000100e-03 4.787921786238534401e-14
4.000000000000000192e-04 3.019949999999999978e-03 7.780403293972650203e-14
4.000000000000000192e-04 3.162270000000000011e-03 1.201302850549373407e-13
4.000000000000000192e-04 3.311310000000000035e-03 1.338842499339469328e-13
4.000000000000000192e-04 3.467360000000000060e-03 1.399608400679168260e-13
4.000000000000000192e-04 3.630780000000000118e-03 1.451990552045380790e-13
4.000000000000000192e-04 3.801890000000000044e-03 1.395264126995975219e-13
4.000000000000000192e-04 3.981070000000000615e-03 1.162558321518280266e-13
4.000000000000000192e-04 4.168690000000000069e-03 1.016314884361791950e-13
4.000000000000000192e-04 4.365149999999999933e-03 8.434323942929842099e-14
4.000000000000000192e-04 4.570880000000000255e-03 7.533895677977207520e-14
4.000000000000000192e-04 4.786290000000000336e-03 6.604339935208769553e-14
4.000000000000000192e-04 5.011859999999999926e-03 5.680459291591262273e-14
4.000000000000000192e-04 5.248070000000000512e-03 4.775988643924789189e-14
4.000000000000000192e-04 5.495400000000000111e-03 3.845854756352245698e-14
4.000000000000000192e-04 5.754390000000000720e-03 3.698224447031118865e-14
4.000000000000000192e-04 6.025590000000000807e-03 3.514413238937551065e-14
4.000000000000000192e-04 6.309560000000000515e-03 3.287613820994572688e-14
4.000000000000000192e-04 6.606920000000000501e-03 2.996502191205252061e-14
4.000000000000000192e-04 6.918300000000000491e-03 2.616446738632574565e-14
4.000000000000000192e-04 7.244350000000000095e-03 2.593095816649195996e-14
4.000000000000000192e-04 7.585760000000000419e-03 2.560309036818031878e-14
4.000000000000000192e-04 7.943270000000000539e-03 2.516040053122990897e-14
4.000000000000000192e-04 8.317620000000001262e-03 2.461405704601788260e-14
4.000000000000000192e-04 8.709620000000001250e-03 2.394723581610631250e-14
4.000000000000000192e-04 9.120090000000000835e-03 2.311129234233910478e-14
4.000000000000000192e-04 9.549900000000000055e-03 2.213422442033576382e-14
4.000000000000000192e-04 9.999980000000000327e-03 2.091060023680140429e-14
4.000000000000000192e-04 1.047130000000000109e-02 2.015824994109686587e-14
4.000000000000000192e-04 1.096480000000000024e-02 2.084349238108253347e-14
4.000000000000000192e-04 1.148150000000000039e-02 2.204111002682964426e-14
4.000000000000000192e-04 1.202260000000000134e-02 2.301282447374481331e-14
4.000000000000000192e-04 1.258920000000000004e-02 2.373491466419235603e-14
4.000000000000000192e-04 1.318250000000000151e-02 2.410580585534304986e-14
4.000000000000000192e-04 1.380380000000000149e-02 2.409948714534114090e-14
4.000000000000000192e-04 1.445440000000000093e-02 2.366995244708531903e-14
4.000000000000000192e-04 1.513560000000000079e-02 2.249257393724667768e-14
4.000000000000000192e-04 1.584890000000000257e-02 2.161561777875222438e-14
4.000000000000000192e-04 1.659580000000000083e-02 2.124422973854620679e-14
4.000000000000000192e-04 1.737800000000000109e-02 2.082205402574204838e-14
4.000000000000000192e-04 1.819700000000000137e-02 2.039652468034521609e-14
4.000000000000000192e-04 1.905460000000000140e-02 1.986918278957766462e-14
4.000000000000000192e-04 1.995260000000000089e-02 1.927960258848368457e-14
4.000000000000000192e-04 2.089290000000000244e-02 1.810362187574845089e-14
4.000000000000000192e-04 2.187760000000000052e-02 1.765760805688894296e-14
4.000000000000000192e-04 2.290860000000000118e-02 1.765437331439229780e-14
4.000000000000000192e-04 2.398830000000000059e-02 1.761422783626026235e-14
4.000000000000000192e-04 2.511880000000000016e-02 1.753093031202902303e-14
4.000000000000000192e-04 2.630260000000000237e-02 1.740525063167954803e-14
4.000000000000000192e-04 2.754220000000000279e-02 1.723216007464313149e-14
4.000000000000000192e-04 2.900000000000000147e-02 1.697495016802977830e-14
4.000000000000000192e-04 3.000000000000000236e-02 1.676688182218772318e-14
4.000000000000000192e-04 3.100000000000000325e-02 1.653444750531846626e-14
4.000000000000000192e-04 3.200000000000000067e-02 1.627837609365426086e-14
4.000000000000000192e-04 3.300000000000000155e-02 1.584910535928982337e-14
4.000000000000000192e-04 3.400000000000000244e-02 1.557413571722439001e-14
4.000000000000000192e-04 3.500000000000000333e-02 1.535845639056096742e-14
4.000000000000000192e-04 3.600000000000000422e-02 1.527000592703909712e-14
4.000000000000000192e-04 3.700000000000000511e-02 1.517147157728953082e-14
4.000000000000000192e-04 3.799999999999999906e-02 1.506232403557226794e-14
4.000000000000000192e-04 3.899999999999999994e-02 1.494432572426568132e-14
4.000000000000000192e-04 4.000000000000000083e-02 1.481619782094259415e-14
4.000000000000000192e-04 4.250000000000000305e-02 1.445214085216062576e-14
4.000000000000000192e-04 4.500000000000000527e-02 1.403262867307450299e-14
4.000000000000000192e-04 4.750000000000000056e-02 1.356097109045598660e-14
4.000000000000000192e-04 5.000000000000000278e-02 1.298910870962112548e-14
4.000000000000000192e-04 5.250000000000000500e-02 1.241866532946063643e-14
4.000000000000000192e-04 5.500000000000000028e-02 1.214554048773099667e-14
4.000000000000000192e-04 5.708800000000000680e-02 1.204047276616520996e-14
4.000000000000000192e-04 6.405380000000000795e-02 1.151442613795090651e-14
4.000000000000000192e-04 7.186960000000000570e-02 1.096038903673193936e-14
4.000000000000000192e-04 8.063900000000000234e-02 1.067808468927317916e-14
4.000000000000000192e-04 9.047849600000000547e-02 1.017868184217785527e-14
4.000000000000000192e-04 1.015180000000000110e-01 9.434555786692791357e-15
4.000000000000000192e-04 1.139060000000000072e-01 9.686348205385976661e-15
4.000000000000000192e-04 1.278040000000000009e-01 9.245376390791692348e-15
4.000000000000000192e-04 1.433990080000000222e-01 8.624283016739375226e-15
4.000000000000000192e-04 1.608960000000000112e-01 7.943977301794892705e-15
4.000000000000000192e-04 1.805289919999999992e-01 7.683834776315010609e-15
4.000000000000000192e-04 2.025569920000000190e-01 7.400187715223491068e-15
4.000000000000000192e-04 2.272720000000000018e-01 7.011705881183903170e-15
4.000000000000000192e-04 2.550040000000000084e-01 6.503794083134140408e-15
4.000000000000000192e-04 2.861190080000000080e-01 5.896186279062524748e-15
4.000000000000000192e-04 3.210310080000000066e-01 5.458240144415465207e-15
4.000000000000000192e-04 3.602030080000000467e-01 5.145286708402927663e-15
4.000000000000000192e-04 4.041539840000000217e-01 4.738097789517523817e-15
4.000000000000000192e-04 4.534689920000000152e-01 4.297187987915593901e-15
4.000000000000000192e-04 5.088009920000000630e-01 4.024529582956107165e-15
4.000000000000000192e-04 5.708839680000000749e-01 3.839264932386602320e-15
4.000000000000000192e-04 6.405429759999999861e-01 3.604370925916615809e-15
4.000000000000000192e-04 7.187009920000000385e-01 3.299036230135975115e-15
4.000000000000000192e-04 8.063960320000000959e-01 2.994848859539683835e-15
4.000000000000000192e-04 9.047920000000000407e-01 2.766767294272975816e-15
4.000000000000000192e-04 1.015190020000000137e+00 2.742995878399115413e-15
4.000000000000000192e-04 1.139069950000000109e+00 2.890517346841196191e-15
4.000000000000000192e-04 1.278050050000000049e+00 2.310107960904001420e-15
4.000000000000000192e-04 1.434000000000000163e+00 2.126813738787604860e-15
4.000000000000000192e-04 1.608979970000000037e+00 1.991231649245874922e-15
4.000000000000000192e-04 1.680000000000000160e+00 1.975253249615293941e-15
4.000000000000000192e-04 1.700000000000000178e+00 1.990336666278001725e-15
4.000000000000000192e-04 1.800000000000000044e+00 1.964931577269418594e-15
4.000000000000000192e-04 1.900000000000000133e+00 1.905760636105913483e-15
4.000000000000000192e-04 2.000000000000000000e+00 1.828978963308687919e-15
4.000000000000000192e-04 2.100000000000000089e+00 1.710046202852856835e-15
4.000000000000000192e-04 2.200000000000000178e+00 1.601976994989648369e-15
4.000000000000000192e-04 2.300000000000000266e+00 1.550867029500841790e-15
4.000000000000000192e-04 2.400000000000000355e+00 1.501436453908844879e-15
4.000000000000000192e-04 2.500000000000000000e+00 1.453478524569355875e-15
4.000000000000000192e-04 2.600000000000000089e+00 1.405847517800263545e-15
4.000000000000000192e-04 2.750000130000000098e+00 1.320410025760900015e-15
4.000000000000000192e-04 3.000000000000000000e+00 1.246748191555829663e-15
4.000000000000000192e-04 3.249999870000000346e+00 1.185705218951531248e-15
4.000000000000000192e-04 3.500000000000000000e+00 1.118885818479660412e-15
4.000000000000000192e-04 3.750000130000000098e+00 1.061668878152648646e-15
4.000000000000000192e-04 4.000000000000000000e+00 1.019885985753768848e-15
4.000000000000000192e-04 4.249999869999999902e+00 9.794086517904167754e-16
4.000000000000000192e-04 4.499999740000000692e+00 9.408686951915597648e-16
4.000000000000000192e-04 4.750000130000000098e+00 9.019570437819884152e-16
4.000000000000000192e-04 5.000000000000000000e+00 8.660223364295585396e-16
4.000000000000000192e-04 5.249999869999999902e+00 8.379966569925960075e-16
4.000000000000000192e-04 5.500000260000000196e+00 8.113045653178750080e-16
4.000000000000000192e-04 5.750000130000000098e+00 7.857537261519460862e-16
4.000000000000000192e-04 6.000000000000000000e+00 7.613552489282350138e-16
4.000000000000000192e-04 6.249999870000000790e+00 7.379870368177827631e-16
4.000000000000000192e-04 6.499999740000000692e+00 7.155616957480116425e-16
4.000000000000000192e-04 6.750000130000000098e+00 6.875363234700758603e-16
4.000000000000000192e-04 7.000000000000000000e+00 6.662095274665158312e-16
4.000000000000000192e-04 7.249999870000000790e+00 6.498305847130688492e-16
4.000000000000000192e-04 7.500000260000000196e+00 6.339622296850775007e-16
4.000000000000000192e-04 7.750000130000000098e+00 6.185698576113426260e-16
4.000000000000000192e-04 8.000000000000000000e+00 6.036410710498671595e-16
4.000000000000000192e-04 8.249999869999999902e+00 5.891593290616616037e-16
4.000000000000000192e-04 8.499999739999999804e+00 5.750175975303192401e-16
4.000000000000000192e-04 8.750000130000000098e+00 5.613162941981925012e-16
4.000000000000000192e-04 8.999999490000000435e+00 5.480508409988229876e-16
4.000000000000000192e-04 9.249999869999999902e+00 5.351119860589007820e-16
4.000000000000000192e-04 9.500000260000000196e+00 5.226048359710659515e-16
4.000000000000000192e-04 9.749999620000000533e+00 5.104642801835363134e-16
4.000000000000000192e-04 1.000000000000000000e+01 4.987531978612873343e-16
4.000000000000000192e-04 1.025000040000000112e+01 4.896709992398779332e-16
4.000000000000000192e-04 1.049999970000000005e+01 4.812651597518244701e-16
4.000000000000000192e-04 1.075000010000000117e+01 4.730736270525952216e-16
4.000000000000000192e-04 1.100000050000000051e+01 4.650991364068258063e-16
4.000000000000000192e-04 1.124999990000000061e+01 4.573141968662480454e-16
4.000000000000000192e-04 1.150000029999999995e+01 4.496794879767417138e-16
4.000000000000000192e-04 1.174999960000000065e+01 4.422514333239260448e-16
4.000000000000000192e-04 1.200000000000000000e+01 4.350583702312587759e-16
4.000000000000000192e-04 1.225000040000000112e+01 4.279061791669158807e-16
4.000000000000000192e-04 1.249999970000000005e+01 4.210017360789312436e-16
4.000000000000000192e-04 1.275000010000000117e+01 4.142009768165005179e-16
4.000000000000000192e-04 1.299999950000000126e+01 4.075874122189399578e-16
4.000000000000000192e-04 1.324999990000000061e+01 4.011107454102044539e-16
4.000000000000000192e-04 1.350000029999999995e+01 3.947687464051911586e-16
4.000000000000000192e-04 1.374999960000000065e+01 3.886066769985487075e-16
4.000000000000000192e-04 1.400000000000000000e+01 3.825412459280347758e-16
4.000000000000000192e-04 1.425000040000000112e+01 3.766035500301873873e-16
4.000000000000000192e-04 1.449999970000000005e+01 3.707971339074482587e-16
4.000000000000000192e-04 1.475000010000000117e+01 3.651349245775994286e-16
4.000000000000000192e-04 1.500000050000000051e+01 3.595220915093867748e-16
4.000000000000000192e-04 1.524999990000000061e+01 3.537741954540359067e-16
4.000000000000000192e-04 1.550000030000000173e+01 3.455427585139585056e-16
4.000000000000000192e-04 1.574999960000000065e+01 3.414908837267815477e-16
4.000000000000000192e-04 1.600000000000000000e+01 3.375191271505198468e-16
4.000000000000000192e-04 1.625000040000000112e+01 3.335548476504895961e-16
4.000000000000000192e-04 1.649999970000000005e+01 3.296437114722483372e-16
4.000000000000000192e-04 1.675000010000000117e+01 3.258161683921540927e-16
4.000000000000000192e-04 1.699999950000000126e+01 3.220908856155461548e-16
4.000000000000000192e-04 1.725000089999999986e+01 3.183804013634415856e-16
4.000000000000000192e-04 1.750000029999999995e+01 3.147270469283361456e-16
4.000000000000000192e-04 1.774999960000000243e+01 3.111375996996082275e-16
4.000000000000000192e-04 1.799999900000000252e+01 3.076389517013582025e-16
4.000000000000000192e-04 1.825000040000000112e+01 3.041483533322914677e-16
4.000000000000000192e-04 1.849999970000000005e+01 3.007250341601463017e-16
4.000000000000000192e-04 1.874999910000000014e+01 2.974209137253070190e-16
4.000000000000000192e-04 1.900000050000000229e+01 2.940484975615777328e-16
4.000000000000000192e-04 1.924999990000000238e+01 2.907773938807912543e-16
4.000000000000000192e-04 1.949999920000000131e+01 2.875429961070406420e-16
4.000000000000000192e-04 1.975000059999999991e+01 2.843667895284349846e-16
4.000000000000000192e-04 2.000000000000000000e+01 2.812428021687484300e-16
8.000000000000000167e-03 0.000000000000000000e+00 3.262039919361255682e-14
8.000000000000000167e-03 1.258929999999999956e-04 3.262039919361255682e-14
8.000000000000000167e-03 1.412539999999999998e-04 3.262039919361255682e-14
8.000000000000000167e-03 1.584890000000000203e-04 3.262039919361255682e-14
8.000000000000000167e-03 1.778280000000000193e-04 3.262039919361255682e-14
8.000000000000000167e-03 1.995270000000000160e-04 3.262039919361255682e-14
8.000000000000000167e-03 2.238730000000000028e-04 3.262039919361255682e-14
8.000000000000000167e-03 2.511890000000000238e-04 3.262039919361255682e-14
8.000000000000000167e-03 2.818390000000000370e-04 3.262039919361255682e-14
8.000000000000000167e-03 3.162290000000000110e-04 3.262039919361255682e-14
8.000000000000000167e-03 3.548150000000000240e-04 3.262039919361255682e-14
8.000000000000000167e-03 3.981090000000000063e-04 3.262039919361255682e-14
8.000000000000000167e-03 4.466860000000000123e-04 3.262039919361255682e-14
8.000000000000000167e-03 5.011899999999999905e-04 3.262039919361255682e-14
8.000000000000000167e-03 5.623439999999999949e-04 3.262039919361255682e-14
8.000000000000000167e-03 6.309610000000000869e-04 3.262039919361255682e-14
8.000000000000000167e-03 7.079500000000000506e-04 3.262039919361255682e-14
8.000000000000000167e-03 7.943340000000000557e-04 3.262039919361255682e-14
8.000000000000000167e-03 8.912570000000000084e-04 3.262039919361255682e-14
8.000000000000000167e-03 1.000000000000000021e-03 3.262039919361255682e-14
8.000000000000000167e-03 1.047130000000000066e-03 3.262039919361255682e-14
8.000000000000000167e-03 1.096480000000000154e-03 3.262039919361255682e-14
8.000000000000000167e-03 1.148150000000000125e-03 3.262039919361255682e-14
8.000000000000000167e-03 1.202260000000000134e-03 3.262039919361255682e-14
8.000000000000000167e-03 1.258930000000000118e-03 3.262039919361255682e-14
8.000000000000000167e-03 1.318260000000000135e-03 3.262039919361255682e-14
8.000000000000000167e-03 1.380380000000000062e-03 3.262039919361255682e-14
8.000000000000000167e-03 1.445440000000000093e-03 3.262039919361255682e-14
8.000000000000000167e-03 1.513560000000000166e-03 3.262039919361255682e-14
8.000000000000000167e-03 1.584890000000000040e-03 3.262039919361255682e-14
8.000000000000000167e-03 1.659590000000000067e-03 3.262039919361255682e-14
8.000000000000000167e-03 1.737800000000000065e-03 3.956244145441920326e-14
8.000000000000000167e-03 1.819700000000000050e-03 3.958089048270815085e-14
8.000000000000000167e-03 1.905460000000000096e-03 3.969025965246556409e-14
8.000000000000000167e-03 1.995260000000000002e-03 4.009354933981257709e-14
8.000000000000000167e-03 2.089290000000000157e-03 4.087416670091373238e-14
8.000000000000000167e-03 2.187759999999999965e-03 4.568272510881425133e-14
8.000000000000000167e-03 2.290869999999999972e-03 4.691421215456304871e-14
8.000000000000000167e-03 2.398830000000000233e-03 4.987030762072571854e-14
8.000000000000000167e-03 2.511880000000000189e-03 5.390245523660494059e-14
8.000000000000000167e-03 2.630270000000000091e-03 5.537778658752487232e-14
8.000000000000000167e-03 2.754230000000000306e-03 6.012000033239296720e-14
8.000000000000000167e-03 2.884030000000000100e-03 6.478510314991403994e-14
8.000000000000000167e-03 3.019949999999999978e-03 7.000641722271686954e-14
8.000000000000000167e-03 3.162270000000000011e-03 8.134809609337649721e-14
8.000000000000000167e-03 3.311310000000000035e-03 8.520232150451003230e-14
8.000000000000000167e-03 3.467360000000000060e-03 8.686312966530159013e-14
8.000000000000000167e-03 3.630780000000000118e-03 8.538826713740540090e-14
8.000000000000000167e-03 3.801890000000000044e-03 8.231337409473467523e-14
8.000000000000000167e-03 3.981070000000000615e-03 7.666867545141677532e-14
8.000000000000000167e-03 4.168690000000000069e-03 7.587161164640363479e-14
8.000000000000000167e-03 4.365149999999999933e-03 7.545319219019862027e-14
8.000000000000000167e-03 4.570880000000000255e-03 7.575907167172522808e-14
8.000000000000000167e-03 4.786290000000000336e-03 7.825215773830338176e-14
8.000000000000000167e-03 5.011859999999999926e-03 8.016997935354627655e-14
8.000000000000000167e-03 5.248070000000000512e-03 8.714765496616636072e-14
8.000000000000000167e-03 5.495400000000000111e-03 9.701750637598653808e-14
8.000000000000000167e-03 5.754390000000000720e-03 1.077039759361509631e-13
8.000000000000000167e-03 6.025590000000000807e-03 1.189857097671498271e-13
8.000000000000000167e-03 6.309560000000000515e-03 1.243029817327528996e-13
8.000000000000000167e-03 6.606920000000000501e-03 1.195702319275544709e-13
8.000000000000000167e-03 6.918300000000000491e-03 1.104948133764513935e-13
8.000000000000000167e-03 7.244350000000000095e-03 1.040138004599465883e-13
8.000000000000000167e-03 7.585760000000000419e-03 9.715454093892311120e-14
8.000000000000000167e-03 7.943270000000000539e-03 8.986759598806490397e-14
8.000000000000000167e-03 8.317620000000001262e-03 8.224449556014757694e-14
8.000000000000000167e-03 8.709620000000001250e-03 7.435787257919383405e-14
8.000000000000000167e-03 9.120090000000000835e-03 6.618032023690622094e-14
8.000000000000000167e-03 9.549900000000000055e-03 5.668642769707234670e-14
8.000000000000000167e-03 9.999980000000000327e-03 4.753640684957364302e-14
8.000000000000000167e-03 1.047130000000000109e-02 4.488986088237000157e-14
8.000000000000000167e-03 1.096480000000000024e-02 4.359945499759669619e-14
8.000000000000000167e-03 1.148150000000000039e-02 4.221949995749324364e-14
8.000000000000000167e-03 1.202260000000000134e-02 4.072017382322418741e-14
8.000000000000000167e-03 1.258920000000000004e-02 3.910578349702868475e-14
8.000000000000000167e-03 1.318250000000000151e-02 3.735599554344453550e-14
8.000000000000000167e-03 1.380380000000000149e-02 3.548195707522159038e-14
8.000000000000000167e-03 1.445440000000000093e-02 3.281563348082652082e-14
8.000000000000000167e-03 1.513560000000000079e-02 3.136532926211125816e-14
8.000000000000000167e-03 1.584890000000000257e-02 3.108782343466905207e-14
8.000000000000000167e-03 1.659580000000000083e-02 3.074111313301114215e-14
8.000000000000000167e-03 1.737800000000000109e-02 3.030836565862932566e-14
8.000000000000000167e-03 1.819700000000000137e-02 2.979085551087142378e-14
8.000000000000000167e-03 1.905460000000000140e-02 2.918178044595420514e-14
8.000000000000000167e-03 1.995260000000000089e-02 2.835891732794777147e-14
8.000000000000000167e-03 2.089290000000000244e-02 2.691891469020468275e-14
8.000000000000000167e-03 2.187760000000000052e-02 2.622599049881555839e-14
8.000000000000000167e-03 2.290860000000000118e-02 2.578460297989081179e-14
8.000000000000000167e-03 2.398830000000000059e-02 2.534983836288116107e-14
8.000000000000000167e-03 2.511880000000000016e-02 2.479761514779924936e-14
8.000000000000000167e-03 2.630260000000000237e-02 2.418804834163731252e-14
8.000000000000000167e-03 2.754220000000000279e-02 2.352969108437679333e-14
8.000000000000000167e-03 2.900000000000000147e-02 2.272487615558261174e-14
8.000000000000000167e-03 3.000000000000000236e-02 2.215166916986484588e-14
8.000000000000000167e-03 3.100000000000000325e-02 2.156327488053624451e-14
8.000000000000000167e-03 3.200000000000000067e-02 2.096184466657119772e-14
8.000000000000000167e-03 3.300000000000000155e-02 2.013282534080021523e-14
8.000000000000000167e-03 3.400000000000000244e-02 1.926693257018718526e-14
8.000000000000000167e-03 3.500000000000000333e-02 1.875316255688796655e-14
8.000000000000000167e-03 3.600000000000000422e-02 1.857600228079595601e-14
8.000000000000000167e-03 3.700000000000000511e-02 1.839095167736406870e-14
8.000000000000000167e-03 3.799999999999999906e-02 1.819807651689675679e-14
8.000000000000000167e-03 3.899999999999999994e-02 1.799697287526686743e-14
8.000000000000000167e-03 4.000000000000000083e-02 1.778868608070739904e-14
8.000000000000000167e-03 4.250000000000000305e-02 1.724122024165636700e-14
8.000000000000000167e-03 4.500000000000000527e-02 1.666809600254665002e-14
8.000000000000000167e-03 4.750000000000000056e-02 1.606788196191198814e-14
8.000000000000000167e-03 5.000000000000000278e-02 1.543631607663849551e-14
8.000000000000000167e-03 5.250000000000000500e-02 1.477076939267320517e-14
8.000000000000000167e-03 5.500000000000000028e-02 1.400019218394981592e-14
8.000000000000000167e-03 5.708800000000000680e-02 1.362174528576489864e-14
8.000000000000000167e-03 6.405380000000000795e-02 1.300108590983408042e-14
8.000000000000000167e-03 7.186960000000000570e-02 1.214131547965557925e-14
8.000000000000000167e-03 8.063900000000000234e-02 1.140018048653339306e-14
8.000000000000000167e-03 9.047849600000000547e-02 1.091458654905131938e-14
8.000000000000000167e-03 1.015180000000000110e-01 1.021943166812642634e-14
8.000000000000000167e-03 1.139060000000000072e-01 9.405390082352374898e-15
8.000000000000000167e-03 1.278040000000000009e-01 9.169331527773118991e-15
8.000000000000000167e-03 1.433990080000000222e-01 8.744226817446067826e-15
8.000000000000000167e-03 1.608960000000000112e-01 8.106232326166359601e-15
8.000000000000000167e-03 1.805289919999999992e-01 7.237094259139323019e-15
8.000000000000000167e-03 2.025569920000000190e-01 6.683451589441292296e-15
8.000000000000000167e-03 2.272720000000000018e-01 6.434379997963880823e-15
8.000000000000000167e-03 2.550040000000000084e-01 6.112677937285588137e-15
8.000000000000000167e-03 2.861190080000000080e-01 5.713777014142265299e-15
8.000000000000000167e-03 3.210310080000000066e-01 5.215381836309961534e-15
8.000000000000000167e-03 3.602030080000000467e-01 4.686512835498459103e-15
8.000000000000000167e-03 4.041539840000000217e-01 4.260587173814982409e-15
8.000000000000000167e-03 4.534689920000000152e-01 3.990297875164041025e-15
8.000000000000000167e-03 5.088009920000000630e-01 3.740023344778071900e-15
8.000000000000000167e-03 5.708839680000000749e-01 3.465796083242361842e-15
8.000000000000000167e-03 6.405429759999999861e-01 3.228170034987192595e-15
8.000000000000000167e-03 7.187009920000000385e-01 3.026623531797567897e-15
8.000000000000000167e-03 8.063960320000000959e-01 2.789793987197124340e-15
8.000000000000000167e-03 9.047920000000000407e-01 2.554251448086900460e-15
8.000000000000000167e-03 1.015190020000000137e+00 2.374413085580468011e-15
8.000000000000000167e-03 1.139069950000000109e+00 2.345456495494226381e-15
8.000000000000000167e-03 1.278050050000000049e+00 2.759804601069360475e-15
8.000000000000000167e-03 1.434000000000000163e+00 1.886206047030377947e-15
8.000000000000000167e-03 1.608979970000000037e+00 1.687678718565015941e-15
8.000000000000000167e-03 1.680000000000000160e+00 1.640686026784745308e-15
8.000000000000000167e-03 1.700000000000000178e+00 1.629795757990778129e-15
8.000000000000000167e-03 1.800000000000000044e+00 1.538267821250981584e-15
8.000000000000000167e-03 1.900000000000000133e+00 1.384206878233984027e-15
8.000000000000000167e-03 2.000000000000000000e+00 1.264890314522535303e-15
8.000000000000000167e-03 2.100000000000000089e+00 1.228047030634152708e-15
8.000000000000000167e-03 2.200000000000000178e+00 1.193874634442446883e-15
8.000000000000000167e-03 2.300000000000000266e+00 1.161723314825182573e-15
8.000000000000000167e-03 2.400000000000000355e+00 1.127084874349481311e-15
8.000000000000000167e-03 2.500000000000000000e+00 1.095994903494270613e-15
8.000000000000000167e-03 2.600000000000000089e+00 1.066244150682498581e-15
8.000000000000000167e-03 2.750000130000000098e+00 1.020649742589715944e-15
8.000000000000000167e-03 3.000000000000000000e+00 9.364364202903202793e-16
8.000000000000000167e-03 3.249999870000000346e+00 8.763923174389111092e-16
8.000000000000000167e-03 3.500000000000000000e+00 8.173354748111417797e-16
8.000000000000000167e-03 3.750000130000000098e+00 6.930141372248831210e-16
8.000000000000000167e-03 4.000000000000000000e+00 6.551687889105329729e-16
8.000000000000000167e-03 4.249999869999999902e+00 6.299661320534305405e-16
8.000000000000000167e-03 4.499999740000000692e+00 6.064772581078695370e-16
8.000000000000000167e-03 4.750000130000000098e+00 5.839090270490526271e-16
8.000000000000000167e-03 5.000000000000000000e+00 5.667334062329419864e-16
8.000000000000000167e-03 5.249999869999999902e+00 5.854171143686365370e-16
8.000000000000000167e-03 5.500000260000000196e+00 5.656046295511657699e-16
8.000000000000000167e-03 5.750000130000000098e+00 5.465842863711411452e-16
8.000000000000000167e-03 6.000000000000000000e+00 5.285017507960508690e-16
8.000000000000000167e-03 6.249999870000000790e+00 5.111785742900116917e-16
8.000000000000000167e-03 6.499999740000000692e+00 4.946161538134564061e-16
8.000000000000000167e-03 6.750000130000000098e+00 4.783920604433582616e-16
8.000000000000000167e-03 7.000000000000000000e+00 4.565908785310950723e-16
8.000000000000000167e-03 7.249999870000000790e+00 4.392744845511186874e-16
8.000000000000000167e-03 7.500000260000000196e+00 4.291081782225453310e-16
8.000000000000000167e-03 7.750000130000000098e+00 4.192863020899228172e-16
8.000000000000000167e-03 8.000000000000000000e+00 4.099127660741281290e-16
8.000000000000000167e-03 8.249999869999999902e+00 4.009412790909472901e-16
8.000000000000000167e-03 8.499999739999999804e+00 3.922950208730505016e-16
8.000000000000000167e-03 8.750000130000000098e+00 3.839376509921283828e-16
8.000000000000000167e-03 8.999999490000000435e+00 3.759412755813618596e-16
8.000000000000000167e-03 9.249999869999999902e+00 3.681114953678059603e-16
8.000000000000000167e-03 9.500000260000000196e+00 3.606151882222857378e-16
8.000000000000000167e-03 9.749999620000000533e+00 3.532145244102804712e-16
8.000000000000000167e-03 1.000000000000000000e+01 3.461707481693496870e-16
8.000000000000000167e-03 1.025000040000000112e+01 3.396460597606147609e-16
8.000000000000000167e-03 1.049999970000000005e+01 3.330674219959575980e-16
8.000000000000000167e-03 1.075000010000000117e+01 3.266650101544354002e-16
8.000000000000000167e-03 1.100000050000000051e+01 3.204148653641546867e-16
8.000000000000000167e-03 1.124999990000000061e+01 3.143869096083616032e-16
8.000000000000000167e-03 1.150000029999999995e+01 3.085246445460056028e-16
8.000000000000000167e-03 1.174999960000000065e+01 3.027872196414098582e-16
8.000000000000000167e-03 1.200000000000000000e+01 2.972584436896408074e-16
8.000000000000000167e-03 1.225000040000000112e+01 2.918957347237796134e-16
8.000000000000000167e-03 1.249999970000000005e+01 2.866780921646416750e-16
8.000000000000000167e-03 1.275000010000000117e+01 2.816238167411583897e-16
8.000000000000000167e-03 1.299999950000000126e+01 2.767057364744653340e-16
8.000000000000000167e-03 1.324999990000000061e+01 2.719445620509460121e-16
8.000000000000000167e-03 1.350000029999999995e+01 2.673265302244072921e-16
8.000000000000000167e-03 1.374999960000000065e+01 2.628455812681924422e-16
8.000000000000000167e-03 1.400000000000000000e+01 2.584765887577106068e-16
8.000000000000000167e-03 1.425000040000000112e+01 2.542471531652700767e-16
8.000000000000000167e-03 1.449999970000000005e+01 2.501359020184653072e-16
8.000000000000000167e-03 1.475000010000000117e+01 2.461427407059442697e-16
8.000000000000000167e-03 1.500000050000000051e+01 2.424659472862435078e-16
8.000000000000000167e-03 1.524999990000000061e+01 2.399583462170130518e-16
8.000000000000000167e-03 1.550000030000000173e+01 2.371788693150829543e-16
8.000000000000000167e-03 1.574999960000000065e+01 2.344849055490916329e-16
8.000000000000000167e-03 1.600000000000000000e+01 2.318612930758162962e-16
8.000000000000000167e-03 1.625000040000000112e+01 2.292470062245133087e-16
8.000000000000000167e-03 1.649999970000000005e+01 2.266846637988001346e-16
8.000000000000000167e-03 1.675000010000000117e+01 2.241787035315509681e-16
8.000000000000000167e-03 1.699999950000000126e+01 2.217414909448942968e-16
8.000000000000000167e-03 1.725000089999999986e+01 2.193196483549978168e-16
8.000000000000000167e-03 1.750000029999999995e+01 2.169624147901058446e-16
8.000000000000000167e-03 1.774999960000000243e+01 2.146330685052643978e-16
8.000000000000000167e-03 1.799999900000000252e+01 2.123727663786633443e-16
8.000000000000000167e-03 1.825000040000000112e+01 2.101007997254408876e-16
8.000000000000000167e-03 1.849999970000000005e+01 2.078899229355700921e-16
8.000000000000000167e-03 1.874999910000000014e+01 2.057131986876369559e-16
8.000000000000000167e-03 1.900000050000000229e+01 2.036037943516582490e-16
8.000000000000000167e-03 1.924999990000000238e+01 2.014834619784859932e-16
8.000000000000000167e-03 1.949999920000000131e+01 1.994616691358038752e-16
8.000000000000000167e-03 1.975000059999999991e+01 1.974030964837273305e-16
8.000000000000000167e-03 2.000000000000000000e+01 1.954236949936147909e-16
5.000000000000000278e-02 0.000000000000000000e+00 5.348431177785261296e-14
5.000000000000000278e-02 1.258929999999999956e-04 5.348431177785261296e-14
5.000000000000000278e-02 1.412539999999999998e-04 5.798773864972005781e-14
5.000000000000000278e-02 1.584890000000000203e-04 5.708941997341839451e-14
5.000000000000000278e-02 1.778280000000000193e-04 5.618245892832715184e-14
5.000000000000000278e-02 1.995270000000000160e-04 5.526751701283891923e-14
5.000000000000000278e-02 2.238730000000000028e-04 5.808429661228453941e-14
5.000000000000000278e-02 2.511890000000000238e-04 5.697975152495832007e-14
5.000000000000000278e-02 2.818390000000000370e-04 5.585998765071565024e-14
5.000000000000000278e-02 3.162290000000000110e-04 5.786849064958747861e-14
5.000000000000000278e-02 3.548150000000000240e-04 5.661628620835197560e-14
5.000000000000000278e-02 3.981090000000000063e-04 5.981998850355226261e-14
5.000000000000000278e-02 4.466860000000000123e-04 5.833369663777834628e-14
5.000000000000000278e-02 5.011899999999999905e-04 5.980702263656131667e-14
5.000000000000000278e-02 5.623439999999999949e-04 6.177924681776088101e-14
5.000000000000000278e-02 6.309610000000000869e-04 6.038904405967480678e-14
5.000000000000000278e-02 7.079500000000000506e-04 6.808161944482050554e-14
5.000000000000000278e-02 7.943340000000000557e-04 6.525982139962250010e-14
5.000000000000000278e-02 8.912570000000000084e-04 7.035865943343187253e-14
5.000000000000000278e-02 1.000000000000000021e-03 6.821093112165047689e-14
5.000000000000000278e-02 1.047130000000000066e-03 7.332832797000156320e-14
5.000000000000000278e-02 1.096480000000000154e-03 7.143525969990541355e-14
5.000000000000000278e-02 1.148150000000000125e-03 6.915324030778157747e-14
5.000000000000000278e-02 1.202260000000000134e-03 7.569660870899120018e-14
5.000000000000000278e-02 1.258930000000000118e-03 7.445365222489564831e-14
5.000000000000000278e-02 1.318260000000000135e-03 7.297934410014317823e-14
5.000000000000000278e-02 1.380380000000000062e-03 8.102220313347475327e-14
5.000000000000000278e-02 1.445440000000000093e-03 7.829358126433488755e-14
5.000000000000000278e-02 1.513560000000000166e-03 8.558875093962266464e-14
5.000000000000000278e-02 1.584890000000000040e-03 8.137041308406383851e-14
5.000000000000000278e-02 1.659590000000000067e-03 8.791884706259679927e-14
5.000000000000000278e-02 1.737800000000000065e-03 9.408837556715409937e-14
5.000000000000000278e-02 1.819700000000000050e-03 9.042985835472525280e-14
5.000000000000000278e-02 1.905460000000000096e-03 9.709560101763504320e-14
5.000000000000000278e-02 1.995260000000000002e-03 1.008650051242037264e-13
5.000000000000000278e-02 2.089290000000000157e-03 1.047644670228377980e-13
5.000000000000000278e-02 2.187759999999999965e-03 1.076123557991046811e-13
5.000000000000000278e-02 2.290869999999999972e-03 1.094081561296326559e-13
5.000000000000000278e-02 2.398830000000000233e-03 1.086357872595113443e-13
5.000000000000000278e-02 2.511880000000000189e-03 1.209668013357904988e-13
5.000000000000000278e-02 2.630270000000000091e-03 1.025776762059823664e-13
5.000000000000000278e-02 2.754230000000000306e-03 9.982881172138408647e-14
5.000000000000000278e-02 2.884030000000000100e-03 1.064903248269898100e-13
5.000000000000000278e-02 3.019949999999999978e-03 1.194324691240246666e-13
5.000000000000000278e-02 3.162270000000000011e-03 1.344439458098953913e-13
5.000000000000000278e-02 3.311310000000000035e-03 1.422121947674116163e-13
5.000000000000000278e-02 3.467360000000000060e-03 1.396668447055585692e-13
5.000000000000000278e-02 3.630780000000000118e-03 1.278773601509046504e-13
5.000000000000000278e-02 3.801890000000000044e-03 1.212155453475194321e-13
5.000000000000000278e-02 3.981070000000000615e-03 1.187770445779091007e-13
5.000000000000000278e-02 4.168690000000000069e-03 1.164757352894106914e-13
5.000000000000000278e-02 4.365149999999999933e-03 1.143892059481777550e-13
5.000000000000000278e-02 4.570880000000000255e-03 1.120472924367192233e-13
5.000000000000000278e-02 4.786290000000000336e-03 1.091488707131441507e-13
5.000000000000000278e-02 5.011859999999999926e-03 1.057003844756347849e-13
5.000000000000000278e-02 5.248070000000000512e-03 1.016070279327291233e-13
5.000000000000000278e-02 5.495400000000000111e-03 9.681166576482590665e-14
5.000000000000000278e-02 5.754390000000000720e-03 9.134515674418600642e-14
5.000000000000000278e-02 6.025590000000000807e-03 8.510273878086714183e-14
5.000000000000000278e-02 6.309560000000000515e-03 7.830571642352295909e-14
5.000000000000000278e-02 6.606920000000000501e-03 7.181649981571474918e-14
5.000000000000000278e-02 6.918300000000000491e-03 6.203558886815329609e-14
5.000000000000000278e-02 7.244350000000000095e-03 5.651448819455642760e-14
5.000000000000000278e-02 7.585760000000000419e-03 5.279810858008997691e-14
5.000000000000000278e-02 7.943270000000000539e-03 4.881561946769177594e-14
5.000000000000000278e-02 8.317620000000001262e-03 4.459815421014751380e-14
5.000000000000000278e-02 8.709620000000001250e-03 4.019789072176517051e-14
5.000000000000000278e-02 9.120090000000000835e-03 3.556470579115884494e-14
5.000000000000000278e-02 9.549900000000000055e-03 3.121175334774591691e-14
5.000000000000000278e-02 9.999980000000000327e-03 2.879922482333187564e-14
5.000000000000000278e-02 1.047130000000000109e-02 2.766167926078093403e-14
5.000000000000000278e-02 1.096480000000000024e-02 2.655413115302224646e-14
5.000000000000000278e-02 1.148150000000000039e-02 2.543955786868628069e-14
5.000000000000000278e-02 1.202260000000000134e-02 2.433927764765132382e-14
5.000000000000000278e-02 1.258920000000000004e-02 2.327761297058785151e-14
5.000000000000000278e-02 1.318250000000000151e-02 2.234443788083256878e-14
5.000000000000000278e-02 1.380380000000000149e-02 2.154700648171637800e-14
5.000000000000000278e-02 1.445440000000000093e-02 2.101325391024284897e-14
5.000000000000000278e-02 1.513560000000000079e-02 2.051186376132234672e-14
5.000000000000000278e-02 1.584890000000000257e-02 2.005807338522203667e-14
5.000000000000000278e-02 1.659580000000000083e-02 1.955229872551327516e-14
5.000000000000000278e-02 1.737800000000000109e-02 1.905129653625722261e-14
5.000000000000000278e-02 1.819700000000000137e-02 1.855709738597601640e-14
5.000000000000000278e-02 1.905460000000000140e-02 1.807647648159366673e-14
5.000000000000000278e-02 1.995260000000000089e-02 1.763526180433286803e-14
5.000000000000000278e-02 2.089290000000000244e-02 1.721206177771065421e-14
5.000000000000000278e-02 2.187760000000000052e-02 1.681609961507289757e-14
5.000000000000000278e-02 2.290860000000000118e-02 1.635633966199762804e-14
5.000000000000000278e-02 2.398830000000000059e-02 1.594045823372016134e-14
5.000000000000000278e-02 2.511880000000000016e-02 1.563773173588199922e-14
5.000000000000000278e-02 2.630260000000000237e-02 1.533367870382775797e-14
5.000000000000000278e-02 2.754220000000000279e-02 1.503742508027641487e-14
5.000000000000000278e-02 2.900000000000000147e-02 1.470337927607151414e-14
5.000000000000000278e-02 3.000000000000000236e-02 1.448576478502599263e-14
5.000000000000000278e-02 3.100000000000000325e-02 1.427653273928200048e-14
5.000000000000000278e-02 3.200000000000000067e-02 1.407394801146065585e-14
5.000000000000000278e-02 3.300000000000000155e-02 1.390101127489038266e-14
5.000000000000000278e-02 3.400000000000000244e-02 1.371453335460879067e-14
5.000000000000000278e-02 3.500000000000000333e-02 1.353913614901962186e-14
5.000000000000000278e-02 3.600000000000000422e-02 1.337261713489380086e-14
5.000000000000000278e-02 3.700000000000000511e-02 1.321313530408629005e-14
5.000000000000000278e-02 3.799999999999999906e-02 1.302862992315516089e-14
5.000000000000000278e-02 3.899999999999999994e-02 1.281210695583880172e-14
5.000000000000000278e-02 4.000000000000000083e-02 1.260215207782270475e-14
5.000000000000000278e-02 4.250000000000000305e-02 1.227021723122560402e-14
5.000000000000000278e-02 4.500000000000000527e-02 1.195263677970434192e-14
5.000000000000000278e-02 4.750000000000000056e-02 1.164241473787516422e-14
5.000000000000000278e-02 5.000000000000000278e-02 1.134160926425694691e-14
5.000000000000000278e-02 5.250000000000000500e-02 1.104485654647793248e-14
5.000000000000000278e-02 5.500000000000000028e-02 1.072682348387805875e-14
5.000000000000000278e-02 5.708800000000000680e-02 1.048941374714668330e-14
5.000000000000000278e-02 6.405380000000000795e-02 1.000383914350584757e-14
5.000000000000000278e-02 7.186960000000000570e-02 9.451601370784994442e-15
5.000000000000000278e-02 8.063900000000000234e-02 8.869542797286829317e-15
5.000000000000000278e-02 9.047849600000000547e-02 8.268950375681592708e-15
5.000000000000000278e-02 1.015180000000000110e-01 7.903729548782535610e-15
5.000000000000000278e-02 1.139060000000000072e-01 7.493264461595249303e-15
5.000000000000000278e-02 1.278040000000000009e-01 7.030957382096683270e-15
5.000000000000000278e-02 1.433990080000000222e-01 6.518454607544543430e-15
5.000000000000000278e-02 1.608960000000000112e-01 6.083691338812258494e-15
5.000000000000000278e-02 1.805289919999999992e-01 5.790380447043765006e-15
5.000000000000000278e-02 2.025569920000000190e-01 5.493398977392437505e-15
5.000000000000000278e-02 2.272720000000000018e-01 5.177884253144098678e-15
5.000000000000000278e-02 2.550040000000000084e-01 4.817180866482567589e-15
5.000000000000000278e-02 2.861190080000000080e-01 4.431663033022258814e-15
5.000000000000000278e-02 3.210310080000000066e-01 4.012613322829446586e-15
5.000000000000000278e-02 3.602030080000000467e-01 3.686092367508514054e-15
5.000000000000000278e-02 4.041539840000000217e-01 3.417350992947012787e-15
5.000000000000000278e-02 4.534689920000000152e-01 3.175861751219614437e-15
5.000000000000000278e-02 5.088009920000000630e-01 2.944526585473094447e-15
5.000000000000000278e-02 5.708839680000000749e-01 2.704795729757931791e-15
5.000000000000000278e-02 6.405429759999999861e-01 2.509722067124022293e-15
5.000000000000000278e-02 7.187009920000000385e-01 2.306576653670206436e-15
5.000000000000000278e-02 8.063960320000000959e-01 2.112022962642123361e-15
5.000000000000000278e-02 9.047920000000000407e-01 1.918171384286186504e-15
5.000000000000000278e-02 1.015190020000000137e+00 1.741260096967041037e-15
5.000000000000000278e-02 1.139069950000000109e+00 1.620076780982913861e-15
5.000000000000000278e-02 1.278050050000000049e+00 1.547534597742648964e-15
5.000000000000000278e-02 1.434000000000000163e+00 1.292371510431917378e-15
5.000000000000000278e-02 1.608979970000000037e+00 1.161682481169030648e-15
5.000000000000000278e-02 1.680000000000000160e+00 1.110380685551065476e-15
5.000000000000000278e-02 1.700000000000000178e+00 1.095497960117445932e-15
5.000000000000000278e-02 1.800000000000000044e+00 1.021136563327022733e-15
5.000000000000000278e-02 1.900000000000000133e+00 9.414843597984642519e-16
5.000000000000000278e-02 2.000000000000000000e+00 9.025007842183360984e-16
5.000000000000000278e-02 2.100000000000000089e+00 8.655900729139059657e-16
5.000000000000000278e-02 2.200000000000000178e+00 8.299782822488170663e-16
5.000000000000000278e-02 2.300000000000000266e+00 7.968518150643712370e-16
5.000000000000000278e-02 2.400000000000000355e+00 7.661703638245786311e-16
5.000000000000000278e-02 2.500000000000000000e+00 7.392954864753534283e-16
5.000000000000000278e-02 2.600000000000000089e+00 7.138569358781654691e-16
5.000000000000000278e-02 2.750000130000000098e+00 6.755902024923226695e-16
5.000000000000000278e-02 3.000000000000000000e+00 6.317689669693432258e-16
5.000000000000000278e-02 3.249999870000000346e+00 5.905027340578671003e-16
5.000000000000000278e-02 3.500000000000000000e+00 5.502293139047469926e-16
5.000000000000000278e-02 3.750000130000000098e+00 5.164962822783226803e-16
5.000000000000000278e-02 4.000000000000000000e+00 4.847544546082014089e-16
5.000000000000000278e-02 4.249999869999999902e+00 4.403784249997388442e-16
5.000000000000000278e-02 4.499999740000000692e+00 4.183298360939383312e-16
5.000000000000000278e-02 4.750000130000000098e+00 4.025301321348758592e-16
5.000000000000000278e-02 5.000000000000000000e+00 3.876077914538517205e-16
5.000000000000000278e-02 5.249999869999999902e+00 3.735179626384264769e-16
5.000000000000000278e-02 5.500000260000000196e+00 3.603450563127838921e-16
5.000000000000000278e-02 5.750000130000000098e+00 3.478525437234082460e-16
5.000000000000000278e-02 6.000000000000000000e+00 3.360501330869080106e-16
5.000000000000000278e-02 6.249999870000000790e+00 3.248663736335638381e-16
5.000000000000000278e-02 6.499999740000000692e+00 3.143426045381852661e-16
5.000000000000000278e-02 6.750000130000000098e+00 3.043180777743170454e-16
5.000000000000000278e-02 7.000000000000000000e+00 2.949028158464737400e-16
5.000000000000000278e-02 7.249999870000000790e+00 2.857213549822806447e-16
5.000000000000000278e-02 7.500000260000000196e+00 2.753204339841485360e-16
5.000000000000000278e-02 7.750000130000000098e+00 2.554051831164337321e-16
5.000000000000000278e-02 8.000000000000000000e+00 2.500215917961607751e-16
5.000000000000000278e-02 8.249999869999999902e+00 2.448380687998419116e-16
5.000000000000000278e-02 8.499999739999999804e+00 2.397804454275168981e-16
5.000000000000000278e-02 8.750000130000000098e+00 2.348724276923499909e-16
5.000000000000000278e-02 8.999999490000000435e+00 2.300455570319944354e-16
5.000000000000000278e-02 9.249999869999999902e+00 2.254154484831711551e-16
5.000000000000000278e-02 9.500000260000000196e+00 2.208838021357169590e-16
5.000000000000000278e-02 9.749999620000000533e+00 2.164919097259739245e-16
5.000000000000000278e-02 1.000000000000000000e+01 2.121565300201319657e-16
5.000000000000000278e-02 1.025000040000000112e+01 2.080198699279069383e-16
5.000000000000000278e-02 1.049999970000000005e+01 2.039575108035073599e-16
5.000000000000000278e-02 1.075000010000000117e+01 2.000540812562455315e-16
5.000000000000000278e-02 1.100000050000000051e+01 1.962194826420610606e-16
5.000000000000000278e-02 1.124999990000000061e+01 1.924687739344801749e-16
5.000000000000000278e-02 1.150000029999999995e+01 1.887123920915923145e-16
5.000000000000000278e-02 1.174999960000000065e+01 1.850590883913667339e-16
5.000000000000000278e-02 1.200000000000000000e+01 1.815211155573033695e-16
5.000000000000000278e-02 1.225000040000000112e+01 1.781006127640939792e-16
5.000000000000000278e-02 1.249999970000000005e+01 1.747727135431050634e-16
5.000000000000000278e-02 1.275000010000000117e+01 1.715638860816257123e-16
5.000000000000000278e-02 1.299999950000000126e+01 1.684433512063273240e-16
5.000000000000000278e-02 1.324999990000000061e+01 1.654071218730266006e-16
5.000000000000000278e-02 1.350000029999999995e+01 1.624569851880300816e-16
5.000000000000000278e-02 1.374999960000000065e+01 1.596360693958160024e-16
5.000000000000000278e-02 1.400000000000000000e+01 1.568713457885843133e-16
5.000000000000000278e-02 1.425000040000000112e+01 1.541848507184022031e-16
5.000000000000000278e-02 1.449999970000000005e+01 1.516073953153964388e-16
5.000000000000000278e-02 1.475000010000000117e+01 1.490773711109292001e-16
5.000000000000000278e-02 1.500000050000000051e+01 1.466266937019936300e-16
5.000000000000000278e-02 1.524999990000000061e+01 1.442669287470256356e-16
5.000000000000000278e-02 1.550000030000000173e+01 1.419712495796697788e-16
5.000000000000000278e-02 1.574999960000000065e+01 1.397380672038539559e-16
5.000000000000000278e-02 1.600000000000000000e+01 1.375361275345236047e-16
5.000000000000000278e-02 1.625000040000000112e+01 1.354312189484364976e-16
5.000000000000000278e-02 1.649999970000000005e+01 1.333818355261197859e-16
5.000000000000000278e-02 1.675000010000000117e+01 1.314109836474814066e-16
5.000000000000000278e-02 1.699999950000000126e+01 1.297308593732618021e-16
5.000000000000000278e-02 1.725000089999999986e+01 1.293880315700309865e-16
5.000000000000000278e-02 1.750000029999999995e+01 1.299148080112989602e-16
5.000000000000000278e-02 1.774999960000000243e+01 1.285701207861419874e-16
5.000000000000000278e-02 1.799999900000000252e+01 1.271950340674227216e-16
5.000000000000000278e-02 1.825000040000000112e+01 1.258880947888602283e-16
5.000000000000000278e-02 1.849999970000000005e+01 1.245454056709153150e-16
5.000000000000000278e-02 1.874999910000000014e+01 1.232601938604251388e-16
5.000000000000000278e-02 1.900000050000000229e+01 1.219934239197171238e-16
5.000000000000000278e-02 1.924999990000000238e+01 1.207283917630241134e-16
5.000000000000000278e-02 1.949999920000000131e+01 1.194663351490578968e-16
5.000000000000000278e-02 1.975000059999999991e+01 1.182071805250758684e-16
5.000000000000000278e-02 2.000000000000000000e+01 1.169904172545084364e-16
1.000000000000000048e-04 0.000000000000000000e+00 1.854751309018821763e-14
1.000000000000000048e-04 1.258929999999999956e-04 1.854751309018821763e-14
1.000000000000000048e-04 1.412539999999999998e-04 1.854751309018821763e-14
1.000000000000000048e-04 1.584890000000000203e-04 1.854751309018821763e-14
1.000000000000000048e-04 1.778280000000000193e-04 1.854751309018821763e-14
1.000000000000000048e-04 1.995270000000000160e-04 1.854751309018821763e-14
1.000000000000000048e-04 2.238730000000000028e-04 1.854751309018821763e-14
1.000000000000000048e-04 2.511890000000000238e-04 1.874996855566695578e-14
1.000000000000000048e-04 2.818390000000000370e-04 1.874996855566695578e-14
1.000000000000000048e-04 3.162290000000000110e-04 1.874996855566695578e-14
1.000000000000000048e-04 3.548150000000000240e-04 1.874996855566695578e-14
1.000000000000000048e-04 3.981090000000000063e-04 1.863382370306533486e-14
1.000000000000000048e-04 4.466860000000000123e-04 1.862436209644441219e-14
1.000000000000000048e-04 5.011899999999999905e-04 1.862431775607813313e-14
1.000000000000000048e-04 5.623439999999999949e-04 1.861975021153066433e-14
1.000000000000000048e-04 6.309610000000000869e-04 1.862780483226135913e-14
1.000000000000000048e-04 7.079500000000000506e-04 1.879599080015360879e-14
1.000000000000000048e-04 7.943340000000000557e-04 1.879490784363378476e-14
1.000000000000000048e-04 8.912570000000000084e-04 1.893336448297009725e-14
1.000000000000000048e-04 1.000000000000000021e-03 1.951869758309943082e-14
1.000000000000000048e-04 1.047130000000000066e-03 2.001992352486764163e-14
1.000000000000000048e-04 1.096480000000000154e-03 2.005794487580886977e-14
1.000000000000000048e-04 1.148150000000000125e-03 2.003990521444484500e-14
1.000000000000000048e-04 1.202260000000000134e-03 1.995376785283669452e-14
1.000000000000000048e-04 1.258930000000000118e-03 1.974863776163191673e-14
1.000000000000000048e-04 1.318260000000000135e-03 2.063034161893829852e-14
1.000000000000000048e-04 1.380380000000000062e-03 2.095163544796992230e-14
1.000000000000000048e-04 1.445440000000000093e-03 2.102450934777324037e-14
1.000000000000000048e-04 1.513560000000000166e-03 2.112474216508818182e-14
1.000000000000000048e-04 1.584890000000000040e-03 2.121193464801931451e-14
1.000000000000000048e-04 1.659590000000000067e-03 2.188181997817968557e-14
1.000000000000000048e-04 1.737800000000000065e-03 2.198926727819616753e-14
1.000000000000000048e-04 1.819700000000000050e-03 2.209400031142301793e-14
1.000000000000000048e-04 1.905460000000000096e-03 2.235551934928146699e-14
1.000000000000000048e-04 1.995260000000000002e-03 2.281139799779736805e-14
1.000000000000000048e-04 2.089290000000000157e-03 2.302237121114956597e-14
1.000000000000000048e-04 2.187759999999999965e-03 2.306849997884194435e-14
1.000000000000000048e-04 2.290869999999999972e-03 2.314575185479146612e-14
1.000000000000000048e-04 2.398830000000000233e-03 2.294539269773735977e-14
1.000000000000000048e-04 2.511880000000000189e-03 2.328136424984389561e-14
1.000000000000000048e-04 2.630270000000000091e-03 2.393482111124069842e-14
1.000000000000000048e-04 2.754230000000000306e-03 2.466760793299240233e-14
1.000000000000000048e-04 2.884030000000000100e-03 2.705746058300766155e-14
1.000000000000000048e-04 3.019949999999999978e-03 6.871883862639484144e-14
1.000000000000000048e-04 3.162270000000000011e-03 2.611379751517002778e-13
1.000000000000000048e-04 3.311310000000000035e-03 2.975470019356379383e-13
1.000000000000000048e-04 3.467360000000000060e-03 3.065350511718710193e-13
1.000000000000000048e-04 3.630780000000000118e-03 3.122461130220588927e-13
1.000000000000000048e-04 3.801890000000000044e-03 3.134751370140479633e-13
1.000000000000000048e-04 3.981070000000000615e-03 2.927218690331057525e-13
1.000000000000000048e-04 4.168690000000000069e-03 2.428524377438129635e-13
1.000000000000000048e-04 4.365149999999999933e-03 2.185560856832276555e-13
1.000000000000000048e-04 4.570880000000000255e-03 1.914860233130329978e-13
1.000000000000000048e-04 4.786290000000000336e-03 1.551739337689600289e-13
1.000000000000000048e-04 5.011859999999999926e-03 1.078484501956526923e-13
1.000000000000000048e-04 5.248070000000000512e-03 5.349373033715357681e-14
1.000000000000000048e-04 5.495400000000000111e-03 2.773077531344014963e-14
1.000000000000000048e-04 5.754390000000000720e-03 2.574141706684275919e-14
1.000000000000000048e-04 6.025590000000000807e-03 2.449656013679360602e-14
1.000000000000000048e-04 6.309560000000000515e-03 2.312001623771104793e-14
1.000000000000000048e-04 6.606920000000000501e-03 2.158162539949872508e-14
1.000000000000000048e-04 6.918300000000000491e-03 1.985732962799962824e-14
1.000000000000000048e-04 7.244350000000000095e-03 1.899958671671625580e-14
1.000000000000000048e-04 7.585760000000000419e-03 1.870306227119351917e-14
1.000000000000000048e-04 7.943270000000000539e-03 1.831286633813422837e-14
1.000000000000000048e-04 8.317620000000001262e-03 1.781549377217691730e-14
1.000000000000000048e-04 8.709620000000001250e-03 1.718674578528329438e-14
1.000000000000000048e-04 9.120090000000000835e-03 1.641591141859865988e-14
1.000000000000000048e-04 9.549900000000000055e-03 1.549859397618984693e-14
1.000000000000000048e-04 9.999980000000000327e-03 1.439427904243332848e-14
1.000000000000000048e-04 1.047130000000000109e-02 1.332357797822827660e-14
1.000000000000000048e-04 1.096480000000000024e-02 1.285419269620496002e-14
1.000000000000000048e-04 1.148150000000000039e-02 1.274057009406886039e-14
1.000000000000000048e-04 1.202260000000000134e-02 1.264164938870472662e-14
1.000000000000000048e-04 1.258920000000000004e-02 1.252880048644776831e-14
1.000000000000000048e-04 1.318250000000000151e-02 1.242823049085809165e-14
1.000000000000000048e-04 1.380380000000000149e-02 1.234906233632693811e-14
1.000000000000000048e-04 1.445440000000000093e-02 1.210370796877295997e-14
1.000000000000000048e-04 1.513560000000000079e-02 1.176015204367020655e-14
1.000000000000000048e-04 1.584890000000000257e-02 1.150384629314386160e-14
1.000000000000000048e-04 1.659580000000000083e-02 1.141109691073626927e-14
1.000000000000000048e-04 1.737800000000000109e-02 1.131899101372659269e-14
1.000000000000000048e-04 1.819700000000000137e-02 1.122765792307365953e-14
1.000000000000000048e-04 1.905460000000000140e-02 1.114191098568011432e-14
1.000000000000000048e-04 1.995260000000000089e-02 1.093406800915876205e-14
1.000000000000000048e-04 2.089290000000000244e-02 1.087506931620827177e-14
1.000000000000000048e-04 2.187760000000000052e-02 1.113615398390318929e-14
1.000000000000000048e-04 2.290860000000000118e-02 1.148500277286330215e-14
1.000000000000000048e-04 2.398830000000000059e-02 1.181961411207613876e-14
1.000000000000000048e-04 2.511880000000000016e-02 1.213791982164875544e-14
1.000000000000000048e-04 2.630260000000000237e-02 1.243885491959181149e-14
1.000000000000000048e-04 2.754220000000000279e-02 1.272607858698497891e-14
1.000000000000000048e-04 2.900000000000000147e-02 1.301678670384826589e-14
1.000000000000000048e-04 3.000000000000000236e-02 1.318653721350832201e-14
1.000000000000000048e-04 3.100000000000000325e-02 1.333371014624091001e-14
1.000000000000000048e-04 3.200000000000000067e-02 1.326608958246267884e-14
1.000000000000000048e-04 3.300000000000000155e-02 1.298757059149596153e-14
1.000000000000000048e-04 3.400000000000000244e-02 1.278370756688844392e-14
1.000000000000000048e-04 3.500000000000000333e-02 1.273930609779270865e-14
1.000000000000000048e-04 3.600000000000000422e-02 1.268627596247353555e-14
1.000000000000000048e-04 3.700000000000000511e-02 1.262561374198501048e-14
1.000000000000000048e-04 3.799999999999999906e-02 1.255981363465873897e-14
1.000000000000000048e-04 3.899999999999999994e-02 1.248632473260578552e-14
1.000000000000000048e-04 4.000000000000000083e-02 1.240470348967323011e-14
1.000000000000000048e-04 4.250000000000000305e-02 1.216906183626732185e-14
1.000000000000000048e-04 4.500000000000000527e-02 1.189633793868161772e-14
1.000000000000000048e-04 4.750000000000000056e-02 1.158522576555742478e-14
1.000000000000000048e-04 5.000000000000000278e-02 1.104180708696887847e-14
1.000000000000000048e-04 5.250000000000000500e-02 1.076970603871217545e-14
1.000000000000000048e-04 5.500000000000000028e-02 1.079528944049173136e-14
1.000000000000000048e-04 5.708800000000000680e-02 1.082292620421064292e-14
1.000000000000000048e-04 6.405380000000000795e-02 1.084967126464494398e-14
1.000000000000000048e-04 7.186960000000000570e-02 1.078105924238826480e-14
1.000000000000000048e-04 8.063900000000000234e-02 1.059840602295185766e-14
1.000000000000000048e-04 9.047849600000000547e-02 1.027451529871546428e-14
1.000000000000000048e-04 1.015180000000000110e-01 9.783560857264504715e-15
1.000000000000000048e-04 1.139060000000000072e-01 9.092234044640932498e-15
1.000000000000000048e-04 1.278040000000000009e-01 8.168512952003562478e-15
1.000000000000000048e-04 1.433990080000000222e-01 6.906212254215005547e-15
1.000000000000000048e-04 1.608960000000000112e-01 6.574434536078846758e-15
1.000000000000000048e-04 1.805289919999999992e-01 6.359327842957719116e-15
1.000000000000000048e-04 2.025569920000000190e-01 6.101413669907198411e-15
1.000000000000000048e-04 2.272720000000000018e-01 5.801311387271254535e-15
1.000000000000000048e-04 2.550040000000000084e-01 5.412873412398227193e-15
1.000000000000000048e-04 2.861190080000000080e-01 4.898660618912631461e-15
1.000000000000000048e-04 3.210310080000000066e-01 4.705665391385563028e-15
1.000000000000000048e-04 3.602030080000000467e-01 4.442312705329375169e-15
1.000000000000000048e-04 4.041539840000000217e-01 4.060165755584857373e-15
1.000000000000000048e-04 4.534689920000000152e-01 3.737759832926413091e-15
1.000000000000000048e-04 5.088009920000000630e-01 3.559890975393561296e-15
1.000000000000000048e-04 5.708839680000000749e-01 3.350386185852586167e-15
1.000000000000000048e-04 6.405429759999999861e-01 3.104716482998073298e-15
1.000000000000000048e-04 7.187009920000000385e-01 2.814665588332411200e-15
1.000000000000000048e-04 8.063960320000000959e-01 2.575221331344604165e-15
1.000000000000000048e-04 9.047920000000000407e-01 2.457732196771053673e-15
1.000000000000000048e-04 1.015190020000000137e+00 2.506740234195270114e-15
1.000000000000000048e-04 1.139069950000000109e+00 2.356253447907226318e-15
1.000000000000000048e-04 1.278050050000000049e+00 2.224465121962480558e-15
1.000000000000000048e-04 1.434000000000000163e+00 2.155971584731807326e-15
1.000000000000000048e-04 1.608979970000000037e+00 1.839729061269781072e-15
1.000000000000000048e-04 1.680000000000000160e+00 1.759788637652895634e-15
1.000000000000000048e-04 1.700000000000000178e+00 1.747359475336742982e-15
1.000000000000000048e-04 1.800000000000000044e+00 1.687336176516274496e-15
1.000000000000000048e-04 1.900000000000000133e+00 1.635968783670655442e-15
1.000000000000000048e-04 2.000000000000000000e+00 1.598443633818123989e-15
1.000000000000000048e-04 2.100000000000000089e+00 1.555204211730929977e-15
1.000000000000000048e-04 2.200000000000000178e+00 1.509517870015893488e-15
1.000000000000000048e-04 2.300000000000000266e+00 1.463386584502505387e-15
1.000000000000000048e-04 2.400000000000000355e+00 1.411907106001826163e-15
1.000000000000000048e-04 2.500000000000000000e+00 1.341717436122836121e-15
1.000000000000000048e-04 2.600000000000000089e+00 1.296471624320058743e-15
1.000000000000000048e-04 2.750000130000000098e+00 1.252849270339395935e-15
1.000000000000000048e-04 3.000000000000000000e+00 1.185218071532264008e-15
1.000000000000000048e-04 3.249999870000000346e+00 1.136717848792571917e-15
1.000000000000000048e-04 3.500000000000000000e+00 1.087271865819492448e-15
1.000000000000000048e-04 3.750000130000000098e+00 1.037074746995555243e-15
1.000000000000000048e-04 4.000000000000000000e+00 9.901592806302389554e-16
1.000000000000000048e-04 4.249999869999999902e+00 9.449700235604594492e-16
1.000000000000000048e-04 4.499999740000000692e+00 8.926896157782948892e-16
1.000000000000000048e-04 4.750000130000000098e+00 8.624384200857401642e-16
1.000000000000000048e-04 5.000000000000000000e+00 8.334800970569946177e-16
1.000000000000000048e-04 5.249999869999999902e+00 8.056350209053780485e-16
1.000000000000000048e-04 5.500000260000000196e+00 7.789028098474713599e-16
1.000000000000000048e-04 5.750000130000000098e+00 7.530669504749211696e-16
1.000000000000000048e-04 6.000000000000000000e+00 7.273434278755074307e-16
1.000000000000000048e-04 6.249999870000000790e+00 6.985806685331136215e-16
1.000000000000000048e-04 6.499999740000000692e+00 6.788220793914946619e-16
1.000000000000000048e-04 6.750000130000000098e+00 6.599490242802111474e-16
1.000000000000000048e-04 7.000000000000000000e+00 6.417810205134124315e-16
1.000000000000000048e-04 7.249999870000000790e+00 6.243778264751387309e-16
1.000000000000000048e-04 7.500000260000000196e+00 6.076466271407445979e-16
1.000000000000000048e-04 7.750000130000000098e+00 5.915338163867572943e-16
1.000000000000000048e-04 8.000000000000000000e+00 5.760446072426042981e-16
1.000000000000000048e-04 8.249999869999999902e+00 5.610779750982356728e-16
1.000000000000000048e-04 8.499999739999999804e+00 5.466325509018766725e-16
1.000000000000000048e-04 8.750000130000000098e+00 5.320204581691305863e-16
1.000000000000000048e-04 8.999999490000000435e+00 5.138831353604600389e-16
1.000000000000000048e-04 9.249999869999999902e+00 5.038179061706891598e-16
1.000000000000000048e-04 9.500000260000000196e+00 4.940103198320806580e-16
1.000000000000000048e-04 9.749999620000000533e+00 4.844944618624858016e-16
1.000000000000000048e-04 1.000000000000000000e+01 4.753445997969601296e-16
1.000000000000000048e-04 1.025000040000000112e+01 4.664253232591912769e-16
1.000000000000000048e-04 1.049999970000000005e+01 4.577307398919765527e-16
1.000000000000000048e-04 1.075000010000000117e+01 4.493061822568455527e-16
1.000000000000000048e-04 1.100000050000000051e+01 4.411391756698338801e-16
1.000000000000000048e-04 1.124999990000000061e+01 4.331559825228209132e-16
1.000000000000000048e-04 1.150000029999999995e+01 4.254544678449440989e-16
1.000000000000000048e-04 1.174999960000000065e+01 4.179781166477437510e-16
1.000000000000000048e-04 1.200000000000000000e+01 4.106789545929543208e-16
1.000000000000000048e-04 1.225000040000000112e+01 4.035420301298301610e-16
1.000000000000000048e-04 1.249999970000000005e+01 3.966048840296011809e-16
1.000000000000000048e-04 1.275000010000000117e+01 3.898980947977863369e-16
1.000000000000000048e-04 1.299999950000000126e+01 3.833591226695296514e-16
1.000000000000000048e-04 1.324999990000000061e+01 3.769722349621961899e-16
1.000000000000000048e-04 1.350000029999999995e+01 3.706946626183129772e-16
1.000000000000000048e-04 1.374999960000000065e+01 3.638047814355256803e-16
1.000000000000000048e-04 1.400000000000000000e+01 3.590871814871642253e-16
1.000000000000000048e-04 1.425000040000000112e+01 3.543937970116497723e-16
1.000000000000000048e-04 1.449999970000000005e+01 3.498612218533657423e-16
1.000000000000000048e-04 1.475000010000000117e+01 3.454001371818308775e-16
1.000000000000000048e-04 1.500000050000000051e+01 3.409904814814318780e-16
1.000000000000000048e-04 1.524999990000000061e+01 3.366883279001175083e-16
1.000000000000000048e-04 1.550000030000000173e+01 3.324494090833688383e-16
1.000000000000000048e-04 1.574999960000000065e+01 3.283145579550126253e-16
1.000000000000000048e-04 1.600000000000000000e+01 3.242547523989094723e-16
1.000000000000000048e-04 1.625000040000000112e+01 3.202721614471159098e-16
1.000000000000000048e-04 1.649999970000000005e+01 3.163431258828070489e-16
1.000000000000000048e-04 1.675000010000000117e+01 3.124731461109284103e-16
1.000000000000000048e-04 1.699999950000000126e+01 3.087085156430045296e-16
1.000000000000000048e-04 1.725000089999999986e+01 3.049579296705620297e-16
1.000000000000000048e-04 1.750000029999999995e+01 3.013680489882273755e-16
1.000000000000000048e-04 1.774999960000000243e+01 2.977541100416199623e-16
1.000000000000000048e-04 1.799999900000000252e+01 2.942615140260192720e-16
1.000000000000000048e-04 1.825000040000000112e+01 2.907954124408617107e-16
1.000000000000000048e-04 1.849999970000000005e+01 2.873205025809562695e-16
1.000000000000000048e-04 1.874999910000000014e+01 2.840356392551394119e-16
1.000000000000000048e-04 1.900000050000000229e+01 2.807326041414429897e-16
1.000000000000000048e-04 1.924999990000000238e+01 2.775523450522078161e-16
1.000000000000000048e-04 1.949999920000000131e+01 2.743261127844768231e-16
1.000000000000000048e-04 1.975000059999999991e+01 2.712554996918716361e-16
1.000000000000000048e-04 2.000000000000000000e+01 2.681596307632302923e-16
4.000000000000000083e-03 0.000000000000000000e+00 2.901680062100602245e-14
4.000000000000000083e-03 1.258929999999999956e-04 2.901680062100602245e-14
4.000000000000000083e-03 1.412539999999999998e-04 2.901680062100602245e-14
4.000000000000000083e-03 1.584890000000000203e-04 2.901680062100602245e-14
4.000000000000000083e-03 1.778280000000000193e-04 2.901680062100602245e-14
4.000000000000000083e-03 1.995270000000000160e-04 2.901680062100602245e-14
4.000000000000000083e-03 2.238730000000000028e-04 2.901680062100602245e-14
4.000000000000000083e-03 2.511890000000000238e-04 2.901680062100602245e-14
4.000000000000000083e-03 2.818390000000000370e-04 2.901680062100602245e-14
4.000000000000000083e-03 3.162290000000000110e-04 2.901680062100602245e-14
4.000000000000000083e-03 3.548150000000000240e-04 2.901680062100602245e-14
4.000000000000000083e-03 3.981090000000000063e-04 2.901680062100602245e-14
4.000000000000000083e-03 4.466860000000000123e-04 2.901680062100602245e-14
4.000000000000000083e-03 5.011899999999999905e-04 2.901680062100602245e-14
4.000000000000000083e-03 5.623439999999999949e-04 2.901680062100602245e-14
4.000000000000000083e-03 6.309610000000000869e-04 2.901680062100602245e-14
4.000000000000000083e-03 7.079500000000000506e-04 2.901680062100602245e-14
4.000000000000000083e-03 7.943340000000000557e-04 2.901680062100602245e-14
4.000000000000000083e-03 8.912570000000000084e-04 2.901680062100602245e-14
4.000000000000000083e-03 1.000000000000000021e-03 2.901680062100602245e-14
4.000000000000000083e-03 1.047130000000000066e-03 2.901680062100602245e-14
4.000000000000000083e-03 1.096480000000000154e-03 2.901680062100602245e-14
4.000000000000000083e-03 1.148150000000000125e-03 2.901680062100602245e-14
4.000000000000000083e-03 1.202260000000000134e-03 2.901680062100602245e-14
4.000000000000000083e-03 1.258930000000000118e-03 2.901680062100602245e-14
4.000000000000000083e-03 1.318260000000000135e-03 2.901680062100602245e-14
4.000000000000000083e-03 1.380380000000000062e-03 2.901680062100602245e-14
4.000000000000000083e-03 1.445440000000000093e-03 2.901680062100602245e-14
4.000000000000000083e-03 1.513560000000000166e-03 2.901680062100602245e-14
4.000000000000000083e-03 1.584890000000000040e-03 2.901680062100602245e-14
4.000000000000000083e-03 1.659590000000000067e-03 2.901680062100602245e-14
4.000000000000000083e-03 1.737800000000000065e-03 2.901680062100602245e-14
4.000000000000000083e-03 1.819700000000000050e-03 2.901680062100602245e-14
4.000000000000000083e-03 1.905460000000000096e-03 2.901680062100602245e-14
4.000000000000000083e-03 1.995260000000000002e-03 2.901680062100602245e-14
4.000000000000000083e-03 2.089290000000000157e-03 2.901680062100602245e-14
4.000000000000000083e-03 2.187759999999999965e-03 2.901680062100602245e-14
4.000000000000000083e-03 2.290869999999999972e-03 2.901680062100602245e-14
4.000000000000000083e-03 2.398830000000000233e-03 2.901680062100602245e-14
4.000000000000000083e-03 2.511880000000000189e-03 4.077475224275139120e-14
4.000000000000000083e-03 2.630270000000000091e-03 4.399168555528582082e-14
4.000000000000000083e-03 2.754230000000000306e-03 5.381386343967351741e-14
4.000000000000000083e-03 2.884030000000000100e-03 7.383122171319856785e-14
4.000000000000000083e-03 3.019949999999999978e-03 9.955764450673233964e-14
4.000000000000000083e-03 3.162270000000000011e-03 1.459036225411881977e-13
4.000000000000000083e-03 3.311310000000000035e-03 1.633776281579031239e-13
4.000000000000000083e-03 3.467360000000000060e-03 1.653877023751012776e-13
4.000000000000000083e-03 3.630780000000000118e-03 1.444614285132372395e-13
4.000000000000000083e-03 3.801890000000000044e-03 1.280665795934805515e-13
4.000000000000000083e-03 3.981070000000000615e-03 1.650402068552770585e-13
4.000000000000000083e-03 4.168690000000000069e-03 1.798364215639831426e-13
4.000000000000000083e-03 4.365149999999999933e-03 1.612116701430856776e-13
4.000000000000000083e-03 4.570880000000000255e-03 1.245985884637921733e-13
4.000000000000000083e-03 4.786290000000000336e-03 9.544865074059198613e-14
4.000000000000000083e-03 5.011859999999999926e-03 7.927040925863651225e-14
4.000000000000000083e-03 5.248070000000000512e-03 6.936930704679853942e-14
4.000000000000000083e-03 5.495400000000000111e-03 7.723068167043826725e-14
4.000000000000000083e-03 5.754390000000000720e-03 8.682955309862001333e-14
4.000000000000000083e-03 6.025590000000000807e-03 9.503671376671973468e-14
4.000000000000000083e-03 6.309560000000000515e-03 1.013109962467139352e-13
4.000000000000000083e-03 6.606920000000000501e-03 1.004606607324377013e-13
4.000000000000000083e-03 6.918300000000000491e-03 9.041226632132956397e-14
4.000000000000000083e-03 7.244350000000000095e-03 8.860062290338588635e-14
4.000000000000000083e-03 7.585760000000000419e-03 8.615881799085530393e-14
4.000000000000000083e-03 7.943270000000000539e-03 8.331317071258852945e-14
4.000000000000000083e-03 8.317620000000001262e-03 7.993064622072395379e-14
4.000000000000000083e-03 8.709620000000001250e-03 7.604662603920704653e-14
4.000000000000000083e-03 9.120090000000000835e-03 7.145923032875388741e-14
4.000000000000000083e-03 9.549900000000000055e-03 6.624688853352370778e-14
4.000000000000000083e-03 9.999980000000000327e-03 5.864891006449393733e-14
4.000000000000000083e-03 1.047130000000000109e-02 4.990523769012658651e-14
4.000000000000000083e-03 1.096480000000000024e-02 4.742389706925002864e-14
4.000000000000000083e-03 1.148150000000000039e-02 4.488653498600210893e-14
4.000000000000000083e-03 1.202260000000000134e-02 4.227280734085873701e-14
4.000000000000000083e-03 1.258920000000000004e-02 3.944161577589584357e-14
4.000000000000000083e-03 1.318250000000000151e-02 3.646066338338798768e-14
4.000000000000000083e-03 1.380380000000000149e-02 3.333193545307726934e-14
4.000000000000000083e-03 1.445440000000000093e-02 2.967988371857354535e-14
4.000000000000000083e-03 1.513560000000000079e-02 2.659231088197551660e-14
4.000000000000000083e-03 1.584890000000000257e-02 2.640062734314217547e-14
4.000000000000000083e-03 1.659580000000000083e-02 2.659011659883955847e-14
4.000000000000000083e-03 1.737800000000000109e-02 2.680037136585407942e-14
4.000000000000000083e-03 1.819700000000000137e-02 2.685344119026728910e-14
4.000000000000000083e-03 1.905460000000000140e-02 2.682436379110498706e-14
4.000000000000000083e-03 1.995260000000000089e-02 2.670799460487619726e-14
4.000000000000000083e-03 2.089290000000000244e-02 2.575020801105678918e-14
4.000000000000000083e-03 2.187760000000000052e-02 2.511435729630808147e-14
4.000000000000000083e-03 2.290860000000000118e-02 2.504826908049839643e-14
4.000000000000000083e-03 2.398830000000000059e-02 2.492561254475396798e-14
4.000000000000000083e-03 2.511880000000000016e-02 2.473291514304263145e-14
4.000000000000000083e-03 2.630260000000000237e-02 2.447084764245111791e-14
4.000000000000000083e-03 2.754220000000000279e-02 2.412350148356750645e-14
4.000000000000000083e-03 2.900000000000000147e-02 2.362527157700527449e-14
4.000000000000000083e-03 3.000000000000000236e-02 2.323133369981452193e-14
4.000000000000000083e-03 3.100000000000000325e-02 2.279556114275242936e-14
4.000000000000000083e-03 3.200000000000000067e-02 2.232556507625015098e-14
4.000000000000000083e-03 3.300000000000000155e-02 2.182489982009009752e-14
4.000000000000000083e-03 3.400000000000000244e-02 2.105307653803390378e-14
4.000000000000000083e-03 3.500000000000000333e-02 2.034223862896001710e-14
4.000000000000000083e-03 3.600000000000000422e-02 2.003451602517810381e-14
4.000000000000000083e-03 3.700000000000000511e-02 1.983785951774667656e-14
4.000000000000000083e-03 3.799999999999999906e-02 1.963061907196729411e-14
4.000000000000000083e-03 3.899999999999999994e-02 1.941561157754594412e-14
4.000000000000000083e-03 4.000000000000000083e-02 1.923242228562320546e-14
4.000000000000000083e-03 4.250000000000000305e-02 1.864060376475561496e-14
4.000000000000000083e-03 4.500000000000000527e-02 1.799803280629809172e-14
4.000000000000000083e-03 4.750000000000000056e-02 1.731938017336636470e-14
4.000000000000000083e-03 5.000000000000000278e-02 1.660766415944258359e-14
4.000000000000000083e-03 5.250000000000000500e-02 1.585965604906349131e-14
4.000000000000000083e-03 5.500000000000000028e-02 1.498893950702564201e-14
4.000000000000000083e-03 5.708800000000000680e-02 1.450472083540214018e-14
4.000000000000000083e-03 6.405380000000000795e-02 1.372362896048990816e-14
4.000000000000000083e-03 7.186960000000000570e-02 1.272454726278342486e-14
4.000000000000000083e-03 8.063900000000000234e-02 1.198084372489122413e-14
4.000000000000000083e-03 9.047849600000000547e-02 1.145320513183976551e-14
4.000000000000000083e-03 1.015180000000000110e-01 1.069422044169917678e-14
4.000000000000000083e-03 1.139060000000000072e-01 1.009411549330442636e-14
4.000000000000000083e-03 1.278040000000000009e-01 9.799637880739177271e-15
4.000000000000000083e-03 1.433990080000000222e-01 9.322790543784643098e-15
4.000000000000000083e-03 1.608960000000000112e-01 8.652752855870421545e-15
4.000000000000000083e-03 1.805289919999999992e-01 7.903058935748318653e-15
4.000000000000000083e-03 2.025569920000000190e-01 7.708148968300312227e-15
4.000000000000000083e-03 2.272720000000000018e-01 7.486619888574051260e-15
4.000000000000000083e-03 2.550040000000000084e-01 7.110672617149703116e-15
4.000000000000000083e-03 2.861190080000000080e-01 6.560243727337826764e-15
4.000000000000000083e-03 3.210310080000000066e-01 5.811191989216421410e-15
4.000000000000000083e-03 3.602030080000000467e-01 5.143098634494411691e-15
4.000000000000000083e-03 4.041539840000000217e-01 4.739444844089888286e-15
4.000000000000000083e-03 4.534689920000000152e-01 4.414826787805202573e-15
4.000000000000000083e-03 5.088009920000000630e-01 4.057513342784616012e-15
4.000000000000000083e-03 5.708839680000000749e-01 3.773108257129945555e-15
4.000000000000000083e-03 6.405429759999999861e-01 3.549459750500568079e-15
4.000000000000000083e-03 7.187009920000000385e-01 3.333935008322749588e-15
4.000000000000000083e-03 8.063960320000000959e-01 3.108182997185705000e-15
4.000000000000000083e-03 9.047920000000000407e-01 2.823333478461304945e-15
4.000000000000000083e-03 1.015190020000000137e+00 2.574903245584493372e-15
4.000000000000000083e-03 1.139069950000000109e+00 2.618048086112793977e-15
4.000000000000000083e-03 1.278050050000000049e+00 3.114737499035055736e-15
4.000000000000000083e-03 1.434000000000000163e+00 2.019308871155921707e-15
4.000000000000000083e-03 1.608979970000000037e+00 1.744489963357360932e-15
4.000000000000000083e-03 1.680000000000000160e+00 1.693619909164599174e-15
4.000000000000000083e-03 1.700000000000000178e+00 1.679880079331352405e-15
4.000000000000000083e-03 1.800000000000000044e+00 1.612766758303964009e-15
4.000000000000000083e-03 1.900000000000000133e+00 1.548401805540060828e-15
4.000000000000000083e-03 2.000000000000000000e+00 1.465544769346392330e-15
4.000000000000000083e-03 2.100000000000000089e+00 1.393297013329847678e-15
4.000000000000000083e-03 2.200000000000000178e+00 1.335231004258847254e-15
4.000000000000000083e-03 2.300000000000000266e+00 1.299868855317620415e-15
4.000000000000000083e-03 2.400000000000000355e+00 1.272557756056782251e-15
4.000000000000000083e-03 2.500000000000000000e+00 1.254404759180627692e-15
4.000000000000000083e-03 2.600000000000000089e+00 1.247951518923705611e-15
4.000000000000000083e-03 2.750000130000000098e+00 1.210493501187563468e-15
4.000000000000000083e-03 3.000000000000000000e+00 1.135208362905022744e-15
4.000000000000000083e-03 3.249999870000000346e+00 9.937157754418436305e-16
4.000000000000000083e-03 3.500000000000000000e+00 9.170719212834940277e-16
4.000000000000000083e-03 3.750000130000000098e+00 8.697015188736597986e-16
4.000000000000000083e-03 4.000000000000000000e+00 8.248209876536923697e-16
4.000000000000000083e-03 4.249999869999999902e+00 7.802738116935858153e-16
4.000000000000000083e-03 4.499999740000000692e+00 7.423251329706432547e-16
4.000000000000000083e-03 4.750000130000000098e+00 7.150415218381648314e-16
4.000000000000000083e-03 5.000000000000000000e+00 6.895777591322375864e-16
4.000000000000000083e-03 5.249999869999999902e+00 6.655602484481280432e-16
4.000000000000000083e-03 5.500000260000000196e+00 6.428687006269866170e-16
4.000000000000000083e-03 5.750000130000000098e+00 6.215525709468120030e-16
4.000000000000000083e-03 6.000000000000000000e+00 6.082297676048263687e-16
4.000000000000000083e-03 6.249999870000000790e+00 5.939761984277978827e-16
4.000000000000000083e-03 6.499999740000000692e+00 5.788087478958280782e-16
4.000000000000000083e-03 6.750000130000000098e+00 5.642008920135381887e-16
4.000000000000000083e-03 7.000000000000000000e+00 5.499779933587828553e-16
4.000000000000000083e-03 7.249999870000000790e+00 5.361034905434771783e-16
4.000000000000000083e-03 7.500000260000000196e+00 5.226632963095811801e-16
4.000000000000000083e-03 7.750000130000000098e+00 5.095429118138277426e-16
4.000000000000000083e-03 8.000000000000000000e+00 4.966789212177025689e-16
4.000000000000000083e-03 8.249999869999999902e+00 4.838158119405669684e-16
4.000000000000000083e-03 8.499999739999999804e+00 4.665802567863298982e-16
4.000000000000000083e-03 8.750000130000000098e+00 4.546245693633454137e-16
4.000000000000000083e-03 8.999999490000000435e+00 4.449476473933356437e-16
4.000000000000000083e-03 9.249999869999999902e+00 4.355405482919500581e-16
4.000000000000000083e-03 9.500000260000000196e+00 4.263748882309267352e-16
4.000000000000000083e-03 9.749999620000000533e+00 4.175119289445430112e-16
4.000000000000000083e-03 1.000000000000000000e+01 4.089078712526763201e-16
4.000000000000000083e-03 1.025000040000000112e+01 4.005227770351720350e-16
4.000000000000000083e-03 1.049999970000000005e+01 3.924203401426103854e-16
4.000000000000000083e-03 1.075000010000000117e+01 3.845724780963302337e-16
4.000000000000000083e-03 1.100000050000000051e+01 3.769812500546585312e-16
4.000000000000000083e-03 1.124999990000000061e+01 3.696040786387576315e-16
4.000000000000000083e-03 1.150000029999999995e+01 3.624383011984249039e-16
4.000000000000000083e-03 1.174999960000000065e+01 3.554608212501646862e-16
4.000000000000000083e-03 1.200000000000000000e+01 3.486751447507900780e-16
4.000000000000000083e-03 1.225000040000000112e+01 3.421014887925444081e-16
4.000000000000000083e-03 1.249999970000000005e+01 3.358854794410187303e-16
4.000000000000000083e-03 1.275000010000000117e+01 3.306502644615314449e-16
4.000000000000000083e-03 1.299999950000000126e+01 3.259342254488685915e-16
4.000000000000000083e-03 1.324999990000000061e+01 3.213345308700953459e-16
4.000000000000000083e-03 1.350000029999999995e+01 3.168531912047404650e-16
4.000000000000000083e-03 1.374999960000000065e+01 3.124136363829869782e-16
4.000000000000000083e-03 1.400000000000000000e+01 3.080915601513896634e-16
4.000000000000000083e-03 1.425000040000000112e+01 3.039070379567709084e-16
4.000000000000000083e-03 1.449999970000000005e+01 2.997476073109640547e-16
4.000000000000000083e-03 1.475000010000000117e+01 2.956991348614426076e-16
4.000000000000000083e-03 1.500000050000000051e+01 2.917327938886167640e-16
4.000000000000000083e-03 1.524999990000000061e+01 2.878557602648176790e-16
4.000000000000000083e-03 1.550000030000000173e+01 2.840529310373109373e-16
4.000000000000000083e-03 1.574999960000000065e+01 2.803034353393521959e-16
4.000000000000000083e-03 1.600000000000000000e+01 2.766272335469182869e-16
4.000000000000000083e-03 1.625000040000000112e+01 2.730397633096718830e-16
4.000000000000000083e-03 1.649999970000000005e+01 2.695217347046112535e-16
4.000000000000000083e-03 1.675000010000000117e+01 2.660926814761168823e-16
4.000000000000000083e-03 1.699999950000000126e+01 2.626974812418485217e-16
4.000000000000000083e-03 1.725000089999999986e+01 2.594012334860123911e-16
4.000000000000000083e-03 1.750000029999999995e+01 2.561384332011313320e-16
4.000000000000000083e-03 1.774999960000000243e+01 2.529587146530912256e-16
4.000000000000000083e-03 1.799999900000000252e+01 2.498363810480525389e-16
4.000000000000000083e-03 1.825000040000000112e+01 2.467684973884714258e-16
4.000000000000000083e-03 1.849999970000000005e+01 2.437993744386108362e-16
4.000000000000000083e-03 1.874999910000000014e+01 2.408799362833552509e-16
4.000000000000000083e-03 1.900000050000000229e+01 2.379596027054723299e-16
4.000000000000000083e-03 1.924999990000000238e+01 2.351647665710479379e-16
4.000000000000000083e-03 1.949999920000000131e+01 2.324220203744592744e-16
4.000000000000000083e-03 1.975000059999999991e+01 2.299812874089425812e-16
4.000000000000000083e-03 2.000000000000000000e+01 2.279460769324457412e-16
2.000000000000000042e-02 0.000000000000000000e+00 4.051890278069923295e-14
2.000000000000000042e-02 1.258929999999999956e-04 4.051890278069923295e-14
2.000000000000000042e-02 1.412539999999999998e-04 4.051890278069923295e-14
2.000000000000000042e-02 1.584890000000000203e-04 4.051890278069923295e-14
2.000000000000000042e-02 1.778280000000000193e-04 4.051890278069923295e-14
2.000000000000000042e-02 1.995270000000000160e-04 4.051890278069923295e-14
2.000000000000000042e-02 2.238730000000000028e-04 4.051890278069923295e-14
2.000000000000000042e-02 2.511890000000000238e-04 4.051890278069923295e-14
2.000000000000000042e-02 2.818390000000000370e-04 4.051890278069923295e-14
2.000000000000000042e-02 3.162290000000000110e-04 4.051890278069923295e-14
2.000000000000000042e-02 3.548150000000000240e-04 4.051890278069923295e-14
2.000000000000000042e-02 3.981090000000000063e-04 4.051890278069923295e-14
2.000000000000000042e-02 4.466860000000000123e-04 4.051890278069923295e-14
2.000000000000000042e-02 5.011899999999999905e-04 4.051890278069923295e-14
2.000000000000000042e-02 5.623439999999999949e-04 4.051890278069923295e-14
2.000000000000000042e-02 6.309610000000000869e-04 4.051890278069923295e-14
2.000000000000000042e-02 7.079500000000000506e-04 4.051890278069923295e-14
2.000000000000000042e-02 7.943340000000000557e-04 4.051890278069923295e-14
2.000000000000000042e-02 8.912570000000000084e-04 4.051890278069923295e-14
2.000000000000000042e-02 1.000000000000000021e-03 5.180222465846091760e-14
2.000000000000000042e-02 1.047130000000000066e-03 5.176509609671632475e-14
2.000000000000000042e-02 1.096480000000000154e-03 5.169927889777097926e-14
2.000000000000000042e-02 1.148150000000000125e-03 5.175050404001783254e-14
2.000000000000000042e-02 1.202260000000000134e-03 5.182632214955216013e-14
2.000000000000000042e-02 1.258930000000000118e-03 5.195881491258436573e-14
2.000000000000000042e-02 1.318260000000000135e-03 5.160351526049845643e-14
2.000000000000000042e-02 1.380380000000000062e-03 5.186080981026029603e-14
2.000000000000000042e-02 1.445440000000000093e-03 5.207769244514745264e-14
2.000000000000000042e-02 1.513560000000000166e-03 5.225301592615395871e-14
2.000000000000000042e-02 1.584890000000000040e-03 5.238657334083460831e-14
2.000000000000000042e-02 1.659590000000000067e-03 5.119386899539402255e-14
2.000000000000000042e-02 1.737800000000000065e-03 5.387787888555242900e-14
2.000000000000000042e-02 1.819700000000000050e-03 5.243808900554766616e-14
2.000000000000000042e-02 1.905460000000000096e-03 5.087566012053186780e-14
2.000000000000000042e-02 1.995260000000000002e-03 4.917990251410991979e-14
2.000000000000000042e-02 2.089290000000000157e-03 5.375726831908077733e-14
2.000000000000000042e-02 2.187759999999999965e-03 5.153112752119108657e-14
2.000000000000000042e-02 2.290869999999999972e-03 5.484662608338183673e-14
2.000000000000000042e-02 2.398830000000000233e-03 5.150744239555477452e-14
2.000000000000000042e-02 2.511880000000000189e-03 6.824792292708365649e-14
2.000000000000000042e-02 2.630270000000000091e-03 6.160213485218531166e-14
2.000000000000000042e-02 2.754230000000000306e-03 6.936663746240372375e-14
2.000000000000000042e-02 2.884030000000000100e-03 5.268944364088934902e-14
2.000000000000000042e-02 3.019949999999999978e-03 9.621414780612812918e-14
2.000000000000000042e-02 3.162270000000000011e-03 9.938716966569943938e-14
2.000000000000000042e-02 3.311310000000000035e-03 1.022793183491180585e-13
2.000000000000000042e-02 3.467360000000000060e-03 1.053746952490963775e-13
2.000000000000000042e-02 3.630780000000000118e-03 1.093286484897658235e-13
2.000000000000000042e-02 3.801890000000000044e-03 1.152093119275868285e-13
2.000000000000000042e-02 3.981070000000000615e-03 1.176414656643085269e-13
2.000000000000000042e-02 4.168690000000000069e-03 1.161265661129550424e-13
2.000000000000000042e-02 4.365149999999999933e-03 1.088359382481918653e-13
2.000000000000000042e-02 4.570880000000000255e-03 1.010862381156525216e-13
2.000000000000000042e-02 4.786290000000000336e-03 1.031745274219807219e-13
2.000000000000000042e-02 5.011859999999999926e-03 1.041759461308171338e-13
2.000000000000000042e-02 5.248070000000000512e-03 1.065620742242896344e-13
2.000000000000000042e-02 5.495400000000000111e-03 1.103120829999501151e-13
2.000000000000000042e-02 5.754390000000000720e-03 1.141482673395244599e-13
2.000000000000000042e-02 6.025590000000000807e-03 1.061573770006963791e-13
2.000000000000000042e-02 6.309560000000000515e-03 9.716053002387473519e-14
2.000000000000000042e-02 6.606920000000000501e-03 9.213581334542529185e-14
2.000000000000000042e-02 6.918300000000000491e-03 8.696381442326321518e-14
2.000000000000000042e-02 7.244350000000000095e-03 8.162185918342108774e-14
2.000000000000000042e-02 7.585760000000000419e-03 7.623010787363275031e-14
2.000000000000000042e-02 7.943270000000000539e-03 7.069660771638672954e-14
2.000000000000000042e-02 8.317620000000001262e-03 6.530787577604844000e-14
2.000000000000000042e-02 8.709620000000001250e-03 5.943581888128357659e-14
2.000000000000000042e-02 9.120090000000000835e-03 5.257513345501119059e-14
2.000000000000000042e-02 9.549900000000000055e-03 5.184000214089940819e-14
2.000000000000000042e-02 9.999980000000000327e-03 5.136455156534444045e-14
2.000000000000000042e-02 1.047130000000000109e-02 5.054761031918574184e-14
2.000000000000000042e-02 1.096480000000000024e-02 4.947744242396423820e-14
2.000000000000000042e-02 1.148150000000000039e-02 4.793090127457780487e-14
2.000000000000000042e-02 1.202260000000000134e-02 4.598946899269513146e-14
2.000000000000000042e-02 1.258920000000000004e-02 4.346752033144362165e-14
2.000000000000000042e-02 1.318250000000000151e-02 3.895249067568224270e-14
2.000000000000000042e-02 1.380380000000000149e-02 3.747734200733290440e-14
2.000000000000000042e-02 1.445440000000000093e-02 3.637482597182006717e-14
2.000000000000000042e-02 1.513560000000000079e-02 3.505185824897064804e-14
2.000000000000000042e-02 1.584890000000000257e-02 3.358095967964680936e-14
2.000000000000000042e-02 1.659580000000000083e-02 3.180083939790427540e-14
2.000000000000000042e-02 1.737800000000000109e-02 2.974352804192122687e-14
2.000000000000000042e-02 1.819700000000000137e-02 2.717786160605009686e-14
2.000000000000000042e-02 1.905460000000000140e-02 2.518878644251041600e-14
2.000000000000000042e-02 1.995260000000000089e-02 2.471371634118926407e-14
2.000000000000000042e-02 2.089290000000000244e-02 2.420846520535511952e-14
2.000000000000000042e-02 2.187760000000000052e-02 2.366466495797147233e-14
2.000000000000000042e-02 2.290860000000000118e-02 2.309573061586478421e-14
2.000000000000000042e-02 2.398830000000000059e-02 2.249136004186349958e-14
2.000000000000000042e-02 2.511880000000000016e-02 2.185756004834924872e-14
2.000000000000000042e-02 2.630260000000000237e-02 2.119005371506757045e-14
2.000000000000000042e-02 2.754220000000000279e-02 2.048199194756997807e-14
2.000000000000000042e-02 2.900000000000000147e-02 1.971405833165849980e-14
2.000000000000000042e-02 3.000000000000000236e-02 1.910874951612436229e-14
2.000000000000000042e-02 3.100000000000000325e-02 1.833304341122725180e-14
2.000000000000000042e-02 3.200000000000000067e-02 1.769579683945213522e-14
2.000000000000000042e-02 3.300000000000000155e-02 1.758114074958847712e-14
2.000000000000000042e-02 3.400000000000000244e-02 1.745582582235338927e-14
2.000000000000000042e-02 3.500000000000000333e-02 1.731702983728520197e-14
2.000000000000000042e-02 3.600000000000000422e-02 1.716673084500381043e-14
2.000000000000000042e-02 3.700000000000000511e-02 1.700453694907901019e-14
2.000000000000000042e-02 3.799999999999999906e-02 1.683520803211956555e-14
2.000000000000000042e-02 3.899999999999999994e-02 1.665388908456253234e-14
2.000000000000000042e-02 4.000000000000000083e-02 1.647921973516792525e-14
2.000000000000000042e-02 4.250000000000000305e-02 1.594993467949576323e-14
2.000000000000000042e-02 4.500000000000000527e-02 1.536984811202391003e-14
2.000000000000000042e-02 4.750000000000000056e-02 1.474323775694383269e-14
2.000000000000000042e-02 5.000000000000000278e-02 1.405551577860175828e-14
2.000000000000000042e-02 5.250000000000000500e-02 1.334602103242891977e-14
2.000000000000000042e-02 5.500000000000000028e-02 1.303904532197717296e-14
2.000000000000000042e-02 5.708800000000000680e-02 1.283555934353612579e-14
2.000000000000000042e-02 6.405380000000000795e-02 1.201899659162198921e-14
2.000000000000000042e-02 7.186960000000000570e-02 1.089484249761872129e-14
2.000000000000000042e-02 8.063900000000000234e-02 1.030150066685692940e-14
2.000000000000000042e-02 9.047849600000000547e-02 9.736615680487733789e-15
2.000000000000000042e-02 1.015180000000000110e-01 8.964202034535009517e-15
2.000000000000000042e-02 1.139060000000000072e-01 8.144204565095775655e-15
2.000000000000000042e-02 1.278040000000000009e-01 7.800613214405301204e-15
2.000000000000000042e-02 1.433990080000000222e-01 7.393758784730504492e-15
2.000000000000000042e-02 1.608960000000000112e-01 6.881715950995255386e-15
2.000000000000000042e-02 1.805289919999999992e-01 6.262231256252390610e-15
2.000000000000000042e-02 2.025569920000000190e-01 5.829451121975451169e-15
2.000000000000000042e-02 2.272720000000000018e-01 5.613116316445266403e-15
2.000000000000000042e-02 2.550040000000000084e-01 5.367167579068059097e-15
2.000000000000000042e-02 2.861190080000000080e-01 5.058097902020656436e-15
2.000000000000000042e-02 3.210310080000000066e-01 4.677558384524225879e-15
2.000000000000000042e-02 3.602030080000000467e-01 4.226164628859833282e-15
2.000000000000000042e-02 4.041539840000000217e-01 3.844569115174246982e-15
2.000000000000000042e-02 4.534689920000000152e-01 3.557882044210648195e-15
2.000000000000000042e-02 5.088009920000000630e-01 3.325186030447725329e-15
2.000000000000000042e-02 5.708839680000000749e-01 3.096710803800223458e-15
2.000000000000000042e-02 6.405429759999999861e-01 2.833845120861385798e-15
2.000000000000000042e-02 7.187009920000000385e-01 2.608621512326046999e-15
2.000000000000000042e-02 8.063960320000000959e-01 2.399439861190611417e-15
2.000000000000000042e-02 9.047920000000000407e-01 2.209256083516256219e-15
2.000000000000000042e-02 1.015190020000000137e+00 2.109577458230297370e-15
2.000000000000000042e-02 1.139069950000000109e+00 2.187953641129249377e-15
2.000000000000000042e-02 1.278050050000000049e+00 1.718760405871725293e-15
2.000000000000000042e-02 1.434000000000000163e+00 1.488508355350830409e-15
2.000000000000000042e-02 1.608979970000000037e+00 1.349095795797675380e-15
2.000000000000000042e-02 1.680000000000000160e+00 1.295244360085237924e-15
2.000000000000000042e-02 1.700000000000000178e+00 1.280285667036086614e-15
2.000000000000000042e-02 1.800000000000000044e+00 1.216903600493073028e-15
2.000000000000000042e-02 1.900000000000000133e+00 1.163210561129027904e-15
2.000000000000000042e-02 2.000000000000000000e+00 1.111823365789323745e-15
2.000000000000000042e-02 2.100000000000000089e+00 1.063385552214921960e-15
2.000000000000000042e-02 2.200000000000000178e+00 1.015510603715244266e-15
2.000000000000000042e-02 2.300000000000000266e+00 9.610407880194968441e-16
2.000000000000000042e-02 2.400000000000000355e+00 9.067712920195569905e-16
2.000000000000000042e-02 2.500000000000000000e+00 8.750551232178818185e-16
2.000000000000000042e-02 2.600000000000000089e+00 8.532852474339492433e-16
2.000000000000000042e-02 2.750000130000000098e+00 8.229813108604426117e-16
2.000000000000000042e-02 3.000000000000000000e+00 7.701541817396750903e-16
2.000000000000000042e-02 3.249999870000000346e+00 7.312242994471333353e-16
2.000000000000000042e-02 3.500000000000000000e+00 6.790828006284717483e-16
2.000000000000000042e-02 3.750000130000000098e+00 6.234677507574173659e-16
2.000000000000000042e-02 4.000000000000000000e+00 5.917004232722637188e-16
2.000000000000000042e-02 4.249999869999999902e+00 5.622870584516804640e-16
2.000000000000000042e-02 4.499999740000000692e+00 5.336851668569554803e-16
2.000000000000000042e-02 4.750000130000000098e+00 5.025441305050002768e-16
2.000000000000000042e-02 5.000000000000000000e+00 4.854699557593423082e-16
2.000000000000000042e-02 5.249999869999999902e+00 4.693376964814233618e-16
2.000000000000000042e-02 5.500000260000000196e+00 4.540834089935909314e-16
2.000000000000000042e-02 5.750000130000000098e+00 4.394500258700190306e-16
2.000000000000000042e-02 6.000000000000000000e+00 4.252199552372935445e-16
2.000000000000000042e-02 6.249999870000000790e+00 4.093655382845779809e-16
2.000000000000000042e-02 6.499999740000000692e+00 3.968286178009423828e-16
2.000000000000000042e-02 6.750000130000000098e+00 3.865747326691199197e-16
2.000000000000000042e-02 7.000000000000000000e+00 3.766332274880539136e-16
2.000000000000000042e-02 7.249999870000000790e+00 3.671491077045711799e-16
2.000000000000000042e-02 7.500000260000000196e+00 3.578937331800984849e-16
2.000000000000000042e-02 7.750000130000000098e+00 3.489763792780190317e-16
2.000000000000000042e-02 8.000000000000000000e+00 3.403409161458588797e-16
2.000000000000000042e-02 8.249999869999999902e+00 3.320551287704627120e-16
2.000000000000000042e-02 8.499999739999999804e+00 3.240663916879985671e-16
2.000000000000000042e-02 8.750000130000000098e+00 3.163850681119458806e-16
2.000000000000000042e-02 8.999999490000000435e+00 3.089486493308247436e-16
2.000000000000000042e-02 9.249999869999999902e+00 3.017361807402949753e-16
2.000000000000000042e-02 9.500000260000000196e+00 2.948701540798974092e-16
2.000000000000000042e-02 9.749999620000000533e+00 2.882047114135252144e-16
2.000000000000000042e-02 1.000000000000000000e+01 2.817582017206090201e-16
2.000000000000000042e-02 1.025000040000000112e+01 2.755966535387388021e-16
2.000000000000000042e-02 1.049999970000000005e+01 2.695601141293426647e-16
2.000000000000000042e-02 1.075000010000000117e+01 2.638219816355145531e-16
2.000000000000000042e-02 1.100000050000000051e+01 2.582260946558388411e-16
2.000000000000000042e-02 1.124999990000000061e+01 2.528184241466896733e-16
2.000000000000000042e-02 1.150000029999999995e+01 2.475822757325288474e-16
2.000000000000000042e-02 1.174999960000000065e+01 2.424762345048144431e-16
2.000000000000000042e-02 1.200000000000000000e+01 2.375246550435220597e-16
2.000000000000000042e-02 1.225000040000000112e+01 2.324601773403728641e-16
2.000000000000000042e-02 1.249999970000000005e+01 2.262194071568320601e-16
2.000000000000000042e-02 1.275000010000000117e+01 2.220923359676251674e-16
2.000000000000000042e-02 1.299999950000000126e+01 2.187837994686513564e-16
2.000000000000000042e-02 1.324999990000000061e+01 2.155541405263705364e-16
2.000000000000000042e-02 1.350000029999999995e+01 2.123729178098347150e-16
2.000000000000000042e-02 1.374999960000000065e+01 2.092786197448735309e-16
2.000000000000000042e-02 1.400000000000000000e+01 2.062603111723681156e-16
2.000000000000000042e-02 1.425000040000000112e+01 2.032813931393231921e-16
2.000000000000000042e-02 1.449999970000000005e+01 2.003843129258231000e-16
2.000000000000000042e-02 1.475000010000000117e+01 1.975792592976911709e-16
2.000000000000000042e-02 1.500000050000000051e+01 1.947864818068377569e-16
2.000000000000000042e-02 1.524999990000000061e+01 1.920861106920152293e-16
2.000000000000000042e-02 1.550000030000000173e+01 1.894527215017169656e-16
2.000000000000000042e-02 1.574999960000000065e+01 1.868858223740865863e-16
2.000000000000000042e-02 1.600000000000000000e+01 1.843485632984954758e-16
2.000000000000000042e-02 1.625000040000000112e+01 1.818914338190720165e-16
2.000000000000000042e-02 1.649999970000000005e+01 1.794876549566536088e-16
2.000000000000000042e-02 1.675000010000000117e+01 1.771416310733191753e-16
2.000000000000000042e-02 1.699999950000000126e+01 1.748041280770203426e-16
2.000000000000000042e-02 1.725000089999999986e+01 1.725829884126347495e-16
2.000000000000000042e-02 1.750000029999999995e+01 1.703855659230989531e-16
2.000000000000000042e-02 1.774999960000000243e+01 1.682121870898104746e-16
2.000000000000000042e-02 1.799999900000000252e+01 1.661057979523153585e-16
2.000000000000000042e-02 1.825000040000000112e+01 1.640824407495203629e-16
2.000000000000000042e-02 1.849999970000000005e+01 1.621597515370272638e-16
2.000000000000000042e-02 1.874999910000000014e+01 1.608084712533551961e-16
2.000000000000000042e-02 1.900000050000000229e+01 1.596405548124345545e-16
2.000000000000000042e-02 1.924999990000000238e+01 1.580006933385995982e-16
2.000000000000000042e-02 1.949999920000000131e+01 1.564262836291399897e-16
2.000000000000000042e-02 1.975000059999999991e+01 1.548243843819235302e-16
2.000000000000000042e-02 2.000000000000000000e+01 1.533243153221110194e-16
