4.000000000000000192e-04 0.000000000000000000e+00 5.310848965136782737e-14
4.000000000000000192e-04 1.258929999999999956e-04 5.310848965136782737e-14
4.000000000000000192e-04 1.412539999999999998e-04 5.310848965136782737e-14
4.000000000000000192e-04 1.584890000000000203e-04 5.310848965136782737e-14
4.000000000000000192e-04 1.778280000000000193e-04 5.310848965136782737e-14
4.000000000000000192e-04 1.995270000000000160e-04 5.310848965136782737e-14
4.000000000000000192e-04 2.238730000000000028e-04 5.310848965136782737e-14
4.000000000000000192e-04 2.511890000000000238e-04 5.310848965136782737e-14
4.000000000000000192e-04 2.818390000000000370e-04 5.310848965136782737e-14
4.000000000000000192e-04 3.162290000000000110e-04 5.310848965136782737e-14
4.000000000000000192e-04 3.548150000000000240e-04 5.310848965136782737e-14
4.000000000000000192e-04 3.981090000000000063e-04 5.310848965136782737e-14
4.000000000000000192e-04 4.466860000000000123e-04 5.310848965136782737e-14
4.000000000000000192e-04 5.011899999999999905e-04 5.310848965136782737e-14
4.000000000000000192e-04 5.623439999999999949e-04 5.310848965136782737e-14
4.000000000000000192e-04 6.309610000000000869e-04 5.310848965136782737e-14
4.000000000000000192e-04 7.079500000000000506e-04 5.310848965136782737e-14
4.000000000000000192e-04 7.943340000000000557e-04 5.310848965136782737e-14
4.000000000000000192e-04 8.912570000000000084e-04 5.310848965136782737e-14
4.000000000000000192e-04 1.000000000000000021e-03 5.310848965136782737e-14
4.000000000000000192e-04 1.047130000000000066e-03 5.310848965136782737e-14
4.000000000000000192e-04 1.096480000000000154e-03 5.310848965136782737e-14
4.000000000000000192e-04 1.148150000000000125e-03 5.310848965136782737e-14
4.000000000000000192e-04 1.202260000000000134e-03 5.310848965136782737e-14
4.000000000000000192e-04 1.258930000000000118e-03 5.310848965136782737e-14
4.000000000000000192e-04 1.318260000000000135e-03 5.310848965136782737e-14
4.000000000000000192e-04 1.380380000000000062e-03 5.310848965136782737e-14
4.000000000000000192e-04 1.445440000000000093e-03 5.310848965136782737e-14
4.000000000000000192e-04 1.513560000000000166e-03 5.639052995688071074e-14
4.000000000000000192e-04 1.584890000000000040e-03 5.409734906387114115e-14
4.000000000000000192e-04 1.659590000000000067e-03 5.178989626030071612e-14
4.000000000000000192e-04 1.737800000000000065e-03 4.947293374736173985e-14
4.000000000000000192e-04 1.819700000000000050e-03 4.715208299647284222e-14
4.000000000000000192e-04 1.905460000000000096e-03 5.483305062827335361e-14
4.000000000000000192e-04 1.995260000000000002e-03 5.050420677975096222e-14
4.000000000000000192e-04 2.089290000000000157e-03 5.989953866821273002e-14
4.000000000000000192e-04 2.187759999999999965e-03 5.700617941764449746e-14
4.000000000000000192e-04 2.290869999999999972e-03 6.686720004446426086e-14
4.000000000000000192e-04 2.398830000000000233e-03 5.468962728662185234e-14
4.000000000000000192e-04 2.511880000000000189e-03 5.054132696214678019e-14
4.000000000000000192e-04 2.630270000000000091e-03 6.218518018510168776e-14
4.000000000000000192e-04 2.754230000000000306e-03 1.005256037609276859e-13
4.000000000000000192e-04 2.884030000000000100e-03 1.292247760590780099e-13
4.000000000000000192e-04 3.019949999999999978e-03 1.546524065324263435e-13
4.000000000000000192e-04 3.162270000000000011e-03 1.716608162724722811e-13
4.000000000000000192e-04 3.311310000000000035e-03 1.687703064940976433e-13
4.000000000000000192e-04 3.467360000000000060e-03 1.602789076366069395e-13
4.000000000000000192e-04 3.630780000000000118e-03 1.548464145108153489e-13
4.000000000000000192e-04 3.801890000000000044e-03 1.476543641576812071e-13
4.000000000000000192e-04 3.981070000000000615e-03 1.286868836368184716e-13
4.000000000000000192e-04 4.168690000000000069e-03 1.144122995378278568e-13
4.000000000000000192e-04 4.365149999999999933e-03 1.112494377026172286e-13
4.000000000000000192e-04 4.570880000000000255e-03 1.085574191987449075e-13
4.000000000000000192e-04 4.786290000000000336e-03 1.046651849108966079e-13
4.000000000000000192e-04 5.011859999999999926e-03 9.982491259935126915e-14
4.000000000000000192e-04 5.248070000000000512e-03 9.309404976482533021e-14
4.000000000000000192e-04 5.495400000000000111e-03 8.436885280473342041e-14
4.000000000000000192e-04 5.754390000000000720e-03 8.067244850048756287e-14
4.000000000000000192e-04 6.025590000000000807e-03 7.658056168472655181e-14
4.000000000000000192e-04 6.309560000000000515e-03 7.197569103205251598e-14
4.000000000000000192e-04 6.606920000000000501e-03 6.659356459004083192e-14
4.000000000000000192e-04 6.918300000000000491e-03 6.065871570283445109e-14
4.000000000000000192e-04 7.244350000000000095e-03 5.898769679773327545e-14
4.000000000000000192e-04 7.585760000000000419e-03 5.716881967968884368e-14
4.000000000000000192e-04 7.943270000000000539e-03 5.516990155540102169e-14
4.000000000000000192e-04 8.317620000000001262e-03 5.305772732923041937e-14
4.000000000000000192e-04 8.709620000000001250e-03 5.076698343634715887e-14
4.000000000000000192e-04 9.120090000000000835e-03 4.826959602283064039e-14
4.000000000000000192e-04 9.549900000000000055e-03 4.564980550206007571e-14
4.000000000000000192e-04 9.999980000000000327e-03 4.278203824047772235e-14
4.000000000000000192e-04 1.047130000000000109e-02 3.958619030610665390e-14
4.000000000000000192e-04 1.096480000000000024e-02 3.818183539523604892e-14
4.000000000000000192e-04 1.148150000000000039e-02 3.739308168406354823e-14
4.000000000000000192e-04 1.202260000000000134e-02 3.651394745668686594e-14
4.000000000000000192e-04 1.258920000000000004e-02 3.551943044920992397e-14
4.000000000000000192e-04 1.318250000000000151e-02 3.434399702052848483e-14
4.000000000000000192e-04 1.380380000000000149e-02 3.299407848714296291e-14
4.000000000000000192e-04 1.445440000000000093e-02 3.149637707332428724e-14
4.000000000000000192e-04 1.513560000000000079e-02 2.946232707195540374e-14
4.000000000000000192e-04 1.584890000000000257e-02 2.800408708011512318e-14
4.000000000000000192e-04 1.659580000000000083e-02 2.698556113178306509e-14
4.000000000000000192e-04 1.737800000000000109e-02 2.593926407830888202e-14
4.000000000000000192e-04 1.819700000000000137e-02 2.494076171793020638e-14
4.000000000000000192e-04 1.905460000000000140e-02 2.388053766800855944e-14
4.000000000000000192e-04 1.995260000000000089e-02 2.281460478662461439e-14
4.000000000000000192e-04 2.089290000000000244e-02 2.147852191840420207e-14
4.000000000000000192e-04 2.187760000000000052e-02 2.058869486434883437e-14
4.000000000000000192e-04 2.290860000000000118e-02 2.004282099826731669e-14
4.000000000000000192e-04 2.398830000000000059e-02 1.947680186618403617e-14
4.000000000000000192e-04 2.511880000000000016e-02 1.888623306237058881e-14
4.000000000000000192e-04 2.630260000000000237e-02 1.828372742910951001e-14
4.000000000000000192e-04 2.754220000000000279e-02 1.767235307018703216e-14
4.000000000000000192e-04 2.900000000000000147e-02 1.697052769653059812e-14
4.000000000000000192e-04 3.000000000000000236e-02 1.650291784768848840e-14
4.000000000000000192e-04 3.100000000000000325e-02 1.604722033445695565e-14
4.000000000000000192e-04 3.200000000000000067e-02 1.560198900096336908e-14
4.000000000000000192e-04 3.300000000000000155e-02 1.514657384313433569e-14
4.000000000000000192e-04 3.400000000000000244e-02 1.469936972983795033e-14
4.000000000000000192e-04 3.500000000000000333e-02 1.439631248507061663e-14
4.000000000000000192e-04 3.600000000000000422e-02 1.415887613374321771e-14
4.000000000000000192e-04 3.700000000000000511e-02 1.392354413185471916e-14
4.000000000000000192e-04 3.799999999999999906e-02 1.368900966600658692e-14
4.000000000000000192e-04 3.899999999999999994e-02 1.345975132741767725e-14
4.000000000000000192e-04 4.000000000000000083e-02 1.323010449891843949e-14
4.000000000000000192e-04 4.250000000000000305e-02 1.265084108914933351e-14
4.000000000000000192e-04 4.500000000000000527e-02 1.207810086854691211e-14
4.000000000000000192e-04 4.750000000000000056e-02 1.151113102541312682e-14
4.000000000000000192e-04 5.000000000000000278e-02 1.095784050214293956e-14
4.000000000000000192e-04 5.250000000000000500e-02 1.038254608614467087e-14
4.000000000000000192e-04 5.500000000000000028e-02 1.001734647149818650e-14
4.000000000000000192e-04 5.708800000000000680e-02 9.790582334229682259e-15
4.000000000000000192e-04 6.405380000000000795e-02 9.033064547312646785e-15
4.000000000000000192e-04 7.186960000000000570e-02 8.270568373398740260e-15
4.000000000000000192e-04 8.063900000000000234e-02 7.692456378071553222e-15
4.000000000000000192e-04 9.047849600000000547e-02 7.044214943669578226e-15
4.000000000000000192e-04 1.015180000000000110e-01 6.318639212713818582e-15
4.000000000000000192e-04 1.139060000000000072e-01 5.886582806617247473e-15
4.000000000000000192e-04 1.278040000000000009e-01 5.423425136322713788e-15
4.000000000000000192e-04 1.433990080000000222e-01 4.920354760204807522e-15
4.000000000000000192e-04 1.608960000000000112e-01 4.414879065086747715e-15
4.000000000000000192e-04 1.805289919999999992e-01 4.115833588166212175e-15
4.000000000000000192e-04 2.025569920000000190e-01 3.799215670027515690e-15
4.000000000000000192e-04 2.272720000000000018e-01 3.459242590915768220e-15
4.000000000000000192e-04 2.550040000000000084e-01 3.100764891306097504e-15
4.000000000000000192e-04 2.861190080000000080e-01 2.737065013473237255e-15
4.000000000000000192e-04 3.210310080000000066e-01 2.469255877038845885e-15
4.000000000000000192e-04 3.602030080000000467e-01 2.258738976684379635e-15
4.000000000000000192e-04 4.041539840000000217e-01 2.034901332451323091e-15
4.000000000000000192e-04 4.534689920000000152e-01 1.808970229125678485e-15
4.000000000000000192e-04 5.088009920000000630e-01 1.663588111398865966e-15
4.000000000000000192e-04 5.708839680000000749e-01 1.536259953267504713e-15
4.000000000000000192e-04 6.405429759999999861e-01 1.394245002920926947e-15
4.000000000000000192e-04 7.187009920000000385e-01 1.234764215605910652e-15
4.000000000000000192e-04 8.063960320000000959e-01 1.086717764680220879e-15
4.000000000000000192e-04 9.047920000000000407e-01 9.934902017234514983e-16
4.000000000000000192e-04 1.015190020000000137e+00 9.448647390083849494e-16
4.000000000000000192e-04 1.139069950000000109e+00 9.348015109905099722e-16
4.000000000000000192e-04 1.278050050000000049e+00 7.096527955439390138e-16
4.000000000000000192e-04 1.434000000000000163e+00 6.241896191781089575e-16
4.000000000000000192e-04 1.608979970000000037e+00 5.704773172236866202e-16
4.000000000000000192e-04 1.680000000000000160e+00 5.572028243390959290e-16
4.000000000000000192e-04 1.700000000000000178e+00 5.554114597717367072e-16
4.000000000000000192e-04 1.800000000000000044e+00 5.385124849854987588e-16
4.000000000000000192e-04 1.900000000000000133e+00 5.110683086266366977e-16
4.000000000000000192e-04 2.000000000000000000e+00 4.846242107140643734e-16
4.000000000000000192e-04 2.100000000000000089e+00 4.548623266486194370e-16
4.000000000000000192e-04 2.200000000000000178e+00 4.269694428252108819e-16
4.000000000000000192e-04 2.300000000000000266e+00 4.104955736387531319e-16
4.000000000000000192e-04 2.400000000000000355e+00 3.948376494528238910e-16
4.000000000000000192e-04 2.500000000000000000e+00 3.799699311863010616e-16
4.000000000000000192e-04 2.600000000000000089e+00 3.657879070468956074e-16
4.000000000000000192e-04 2.750000130000000098e+00 3.433788979548063872e-16
4.000000000000000192e-04 3.000000000000000000e+00 3.207481321750640285e-16
4.000000000000000192e-04 3.249999870000000346e+00 3.011132980204372500e-16
4.000000000000000192e-04 3.500000000000000000e+00 2.823698144156521472e-16
4.000000000000000192e-04 3.750000130000000098e+00 2.656629582515614630e-16
4.000000000000000192e-04 4.000000000000000000e+00 2.524502979984559977e-16
4.000000000000000192e-04 4.249999869999999902e+00 2.401020187794426338e-16
4.000000000000000192e-04 4.499999740000000692e+00 2.286220682317492274e-16
4.000000000000000192e-04 4.750000130000000098e+00 2.177005615614468114e-16
4.000000000000000192e-04 5.000000000000000000e+00 2.080206699813406575e-16
4.000000000000000192e-04 5.249999869999999902e+00 1.998920850227756215e-16
4.000000000000000192e-04 5.500000260000000196e+00 1.922616722756882514e-16
4.000000000000000192e-04 5.750000130000000098e+00 1.849702451596669572e-16
4.000000000000000192e-04 6.000000000000000000e+00 1.780649965289405169e-16
4.000000000000000192e-04 6.249999870000000790e+00 1.715585100258967683e-16
4.000000000000000192e-04 6.499999740000000692e+00 1.654569326340992696e-16
4.000000000000000192e-04 6.750000130000000098e+00 1.588144562076939540e-16
4.000000000000000192e-04 7.000000000000000000e+00 1.529510200443250482e-16
4.000000000000000192e-04 7.249999870000000790e+00 1.481269344606312829e-16
4.000000000000000192e-04 7.500000260000000196e+00 1.435452938523965070e-16
4.000000000000000192e-04 7.750000130000000098e+00 1.391700897677949813e-16
4.000000000000000192e-04 8.000000000000000000e+00 1.349928310573695677e-16
4.000000000000000192e-04 8.249999869999999902e+00 1.310193757067074970e-16
4.000000000000000192e-04 8.499999739999999804e+00 1.272190575482684232e-16
4.000000000000000192e-04 8.750000130000000098e+00 1.236117656147834166e-16
4.000000000000000192e-04 8.999999490000000435e+00 1.201827357273558492e-16
4.000000000000000192e-04 9.249999869999999902e+00 1.169214765125754980e-16
4.000000000000000192e-04 9.500000260000000196e+00 1.138432375468882167e-16
4.000000000000000192e-04 9.749999620000000533e+00 1.108984669383945928e-16
4.000000000000000192e-04 1.000000000000000000e+01 1.080645246609675988e-16
4.000000000000000192e-04 1.025000040000000112e+01 1.057290622848325211e-16
4.000000000000000192e-04 1.049999970000000005e+01 1.035228993123927810e-16
4.000000000000000192e-04 1.075000010000000117e+01 1.013857948582031763e-16
4.000000000000000192e-04 1.100000050000000051e+01 9.931444134600047185e-17
4.000000000000000192e-04 1.124999990000000061e+01 9.730952141748873855e-17
4.000000000000000192e-04 1.150000029999999995e+01 9.536359497578093880e-17
4.000000000000000192e-04 1.174999960000000065e+01 9.347221211821288174e-17
4.000000000000000192e-04 1.200000000000000000e+01 9.164570440603758893e-17
4.000000000000000192e-04 1.225000040000000112e+01 8.985902076824857247e-17
4.000000000000000192e-04 1.249999970000000005e+01 8.813180973204461747e-17
4.000000000000000192e-04 1.275000010000000117e+01 8.645837785865314537e-17
4.000000000000000192e-04 1.299999950000000126e+01 8.483724822733435626e-17
4.000000000000000192e-04 1.324999990000000061e+01 8.325763878158525321e-17
4.000000000000000192e-04 1.350000029999999995e+01 8.172742231906203783e-17
4.000000000000000192e-04 1.374999960000000065e+01 8.024083205573996133e-17
4.000000000000000192e-04 1.400000000000000000e+01 7.880343623175017492e-17
4.000000000000000192e-04 1.425000040000000112e+01 7.740663859124220957e-17
4.000000000000000192e-04 1.449999970000000005e+01 7.606129488473833597e-17
4.000000000000000192e-04 1.475000010000000117e+01 7.474993387013531308e-17
4.000000000000000192e-04 1.500000050000000051e+01 7.346519296472151305e-17
4.000000000000000192e-04 1.524999990000000061e+01 7.217649172705562015e-17
4.000000000000000192e-04 1.550000030000000173e+01 7.051273709033200737e-17
4.000000000000000192e-04 1.574999960000000065e+01 6.956305376330788152e-17
4.000000000000000192e-04 1.600000000000000000e+01 6.863358775300258247e-17
4.000000000000000192e-04 1.625000040000000112e+01 6.770571585787895191e-17
4.000000000000000192e-04 1.649999970000000005e+01 6.678995778723678308e-17
4.000000000000000192e-04 1.675000010000000117e+01 6.589876284674785075e-17
4.000000000000000192e-04 1.699999950000000126e+01 6.502895963293774135e-17
4.000000000000000192e-04 1.725000089999999986e+01 6.416754754997448698e-17
4.000000000000000192e-04 1.750000029999999995e+01 6.330348779390102771e-17
4.000000000000000192e-04 1.774999960000000243e+01 6.247439116431567202e-17
4.000000000000000192e-04 1.799999900000000252e+01 6.165428764894230621e-17
4.000000000000000192e-04 1.825000040000000112e+01 6.084560130268124884e-17
4.000000000000000192e-04 1.849999970000000005e+01 6.005072875384511907e-17
4.000000000000000192e-04 1.874999910000000014e+01 5.928312752357988109e-17
4.000000000000000192e-04 1.900000050000000229e+01 5.850197895145227487e-17
4.000000000000000192e-04 1.924999990000000238e+01 5.775366340696962384e-17
4.000000000000000192e-04 1.949999920000000131e+01 5.700146196668385236e-17
4.000000000000000192e-04 1.975000059999999991e+01 5.626345606843808645e-17
4.000000000000000192e-04 2.000000000000000000e+01 5.555078266065846781e-17
8.000000000000000167e-03 0.000000000000000000e+00 7.564025044630624788e-14
8.000000000000000167e-03 1.258929999999999956e-04 7.564025044630624788e-14
8.000000000000000167e-03 1.412539999999999998e-04 7.564025044630624788e-14
8.000000000000000167e-03 1.584890000000000203e-04 7.564025044630624788e-14
8.000000000000000167e-03 1.778280000000000193e-04 7.564025044630624788e-14
8.000000000000000167e-03 1.995270000000000160e-04 7.564025044630624788e-14
8.000000000000000167e-03 2.238730000000000028e-04 7.564025044630624788e-14
8.000000000000000167e-03 2.511890000000000238e-04 7.564025044630624788e-14
8.000000000000000167e-03 2.818390000000000370e-04 7.564025044630624788e-14
8.000000000000000167e-03 3.162290000000000110e-04 7.564025044630624788e-14
8.000000000000000167e-03 3.548150000000000240e-04 7.564025044630624788e-14
8.000000000000000167e-03 3.981090000000000063e-04 7.564025044630624788e-14
8.000000000000000167e-03 4.466860000000000123e-04 7.564025044630624788e-14
8.000000000000000167e-03 5.011899999999999905e-04 7.564025044630624788e-14
8.000000000000000167e-03 5.623439999999999949e-04 7.564025044630624788e-14
8.000000000000000167e-03 6.309610000000000869e-04 7.564025044630624788e-14
8.000000000000000167e-03 7.079500000000000506e-04 7.564025044630624788e-14
8.000000000000000167e-03 7.943340000000000557e-04 7.564025044630624788e-14
8.000000000000000167e-03 8.912570000000000084e-04 7.564025044630624788e-14
8.000000000000000167e-03 1.000000000000000021e-03 7.564025044630624788e-14
8.000000000000000167e-03 1.047130000000000066e-03 7.564025044630624788e-14
8.000000000000000167e-03 1.096480000000000154e-03 7.564025044630624788e-14
8.000000000000000167e-03 1.148150000000000125e-03 7.564025044630624788e-14
8.000000000000000167e-03 1.202260000000000134e-03 7.564025044630624788e-14
8.000000000000000167e-03 1.258930000000000118e-03 7.564025044630624788e-14
8.000000000000000167e-03 1.318260000000000135e-03 7.564025044630624788e-14
8.000000000000000167e-03 1.380380000000000062e-03 7.564025044630624788e-14
8.000000000000000167e-03 1.445440000000000093e-03 7.564025044630624788e-14
8.000000000000000167e-03 1.513560000000000166e-03 7.564025044630624788e-14
8.000000000000000167e-03 1.584890000000000040e-03 7.564025044630624788e-14
8.000000000000000167e-03 1.659590000000000067e-03 7.564025044630624788e-14
8.000000000000000167e-03 1.737800000000000065e-03 9.540521223681400972e-14
8.000000000000000167e-03 1.819700000000000050e-03 9.545472520933466777e-14
8.000000000000000167e-03 1.905460000000000096e-03 9.566685726010477211e-14
8.000000000000000167e-03 1.995260000000000002e-03 9.653869359909978328e-14
8.000000000000000167e-03 2.089290000000000157e-03 9.829165012429947142e-14
8.000000000000000167e-03 2.187759999999999965e-03 1.101317193480021195e-13
8.000000000000000167e-03 2.290869999999999972e-03 1.126961244498951548e-13
8.000000000000000167e-03 2.398830000000000233e-03 1.193357091877128307e-13
8.000000000000000167e-03 2.511880000000000189e-03 1.287111791007096030e-13
8.000000000000000167e-03 2.630270000000000091e-03 1.310198093264614992e-13
8.000000000000000167e-03 2.754230000000000306e-03 1.413463697483780678e-13
8.000000000000000167e-03 2.884030000000000100e-03 1.503190150560121450e-13
8.000000000000000167e-03 3.019949999999999978e-03 1.598065512862194349e-13
8.000000000000000167e-03 3.162270000000000011e-03 1.726335187532607639e-13
8.000000000000000167e-03 3.311310000000000035e-03 1.748385891348551387e-13
8.000000000000000167e-03 3.467360000000000060e-03 1.722138051295234336e-13
8.000000000000000167e-03 3.630780000000000118e-03 1.651793319637276233e-13
8.000000000000000167e-03 3.801890000000000044e-03 1.530614813267582642e-13
8.000000000000000167e-03 3.981070000000000615e-03 1.447939078057400463e-13
8.000000000000000167e-03 4.168690000000000069e-03 1.408989840352037109e-13
8.000000000000000167e-03 4.365149999999999933e-03 1.370706470982695581e-13
8.000000000000000167e-03 4.570880000000000255e-03 1.333083215358553734e-13
8.000000000000000167e-03 4.786290000000000336e-03 1.310187911757822193e-13
8.000000000000000167e-03 5.011859999999999926e-03 1.275686468312219882e-13
8.000000000000000167e-03 5.248070000000000512e-03 1.210527114396871852e-13
8.000000000000000167e-03 5.495400000000000111e-03 1.137277354002505762e-13
8.000000000000000167e-03 5.754390000000000720e-03 1.060595856384160022e-13
8.000000000000000167e-03 6.025590000000000807e-03 9.817143286551376904e-14
8.000000000000000167e-03 6.309560000000000515e-03 9.105974698746183881e-14
8.000000000000000167e-03 6.606920000000000501e-03 8.466128661419994218e-14
8.000000000000000167e-03 6.918300000000000491e-03 8.179192997720110319e-14
8.000000000000000167e-03 7.244350000000000095e-03 7.905321205479589780e-14
8.000000000000000167e-03 7.585760000000000419e-03 7.605854162688553184e-14
8.000000000000000167e-03 7.943270000000000539e-03 7.276853478223698617e-14
8.000000000000000167e-03 8.317620000000001262e-03 6.929080411336729636e-14
8.000000000000000167e-03 8.709620000000001250e-03 6.574330546749940460e-14
8.000000000000000167e-03 9.120090000000000835e-03 6.195371678373313616e-14
8.000000000000000167e-03 9.549900000000000055e-03 5.840033207794679004e-14
8.000000000000000167e-03 9.999980000000000327e-03 5.247089410430516362e-14
8.000000000000000167e-03 1.047130000000000109e-02 5.062441342504749213e-14
8.000000000000000167e-03 1.096480000000000024e-02 4.870116563698963272e-14
8.000000000000000167e-03 1.148150000000000039e-02 4.678387447981866954e-14
8.000000000000000167e-03 1.202260000000000134e-02 4.481569965068181697e-14
8.000000000000000167e-03 1.258920000000000004e-02 4.282863280284119202e-14
8.000000000000000167e-03 1.318250000000000151e-02 4.079668744031175502e-14
8.000000000000000167e-03 1.380380000000000149e-02 3.877662795569550270e-14
8.000000000000000167e-03 1.445440000000000093e-02 3.668069688544010669e-14
8.000000000000000167e-03 1.513560000000000079e-02 3.466636912780296031e-14
8.000000000000000167e-03 1.584890000000000257e-02 3.329737790007645906e-14
8.000000000000000167e-03 1.659580000000000083e-02 3.192658021117087603e-14
8.000000000000000167e-03 1.737800000000000109e-02 3.053101228713479041e-14
8.000000000000000167e-03 1.819700000000000137e-02 2.913694037166697948e-14
8.000000000000000167e-03 1.905460000000000140e-02 2.775708622958540218e-14
8.000000000000000167e-03 1.995260000000000089e-02 2.639623348287227051e-14
8.000000000000000167e-03 2.089290000000000244e-02 2.489957255066544477e-14
8.000000000000000167e-03 2.187760000000000052e-02 2.386045771242144012e-14
8.000000000000000167e-03 2.290860000000000118e-02 2.290834493439535638e-14
8.000000000000000167e-03 2.398830000000000059e-02 2.198506114127972696e-14
8.000000000000000167e-03 2.511880000000000016e-02 2.099092020776425526e-14
8.000000000000000167e-03 2.630260000000000237e-02 1.998497929086601950e-14
8.000000000000000167e-03 2.754220000000000279e-02 1.899991602791224690e-14
8.000000000000000167e-03 2.900000000000000147e-02 1.791435326855898137e-14
8.000000000000000167e-03 3.000000000000000236e-02 1.720691455321803357e-14
8.000000000000000167e-03 3.100000000000000325e-02 1.653221221196276569e-14
8.000000000000000167e-03 3.200000000000000067e-02 1.589347012967530866e-14
8.000000000000000167e-03 3.300000000000000155e-02 1.534337861457091243e-14
8.000000000000000167e-03 3.400000000000000244e-02 1.477326990181683301e-14
8.000000000000000167e-03 3.500000000000000333e-02 1.437091666040146574e-14
8.000000000000000167e-03 3.600000000000000422e-02 1.409131305074530478e-14
8.000000000000000167e-03 3.700000000000000511e-02 1.381605986097797526e-14
8.000000000000000167e-03 3.799999999999999906e-02 1.354433364634531379e-14
8.000000000000000167e-03 3.899999999999999994e-02 1.327469005428623111e-14
8.000000000000000167e-03 4.000000000000000083e-02 1.300848577007064019e-14
8.000000000000000167e-03 4.250000000000000305e-02 1.236410369753543604e-14
8.000000000000000167e-03 4.500000000000000527e-02 1.177248053415265043e-14
8.000000000000000167e-03 4.750000000000000056e-02 1.122088396763752123e-14
8.000000000000000167e-03 5.000000000000000278e-02 1.069856003641865199e-14
8.000000000000000167e-03 5.250000000000000500e-02 1.021384921964415061e-14
8.000000000000000167e-03 5.500000000000000028e-02 9.774567352735159312e-15
8.000000000000000167e-03 5.708800000000000680e-02 9.461546521600216101e-15
8.000000000000000167e-03 6.405380000000000795e-02 8.675489161263247381e-15
8.000000000000000167e-03 7.186960000000000570e-02 7.852428770194742054e-15
8.000000000000000167e-03 8.063900000000000234e-02 7.151055193654275834e-15
8.000000000000000167e-03 9.047849600000000547e-02 6.523049367449022110e-15
8.000000000000000167e-03 1.015180000000000110e-01 5.881452464940756249e-15
8.000000000000000167e-03 1.139060000000000072e-01 5.275352722837955826e-15
8.000000000000000167e-03 1.278040000000000009e-01 4.844010900893869566e-15
8.000000000000000167e-03 1.433990080000000222e-01 4.392893807845817669e-15
8.000000000000000167e-03 1.608960000000000112e-01 3.924746822341796219e-15
8.000000000000000167e-03 1.805289919999999992e-01 3.453502928243709736e-15
8.000000000000000167e-03 2.025569920000000190e-01 3.070706084173557042e-15
8.000000000000000167e-03 2.272720000000000018e-01 2.754150246839790821e-15
8.000000000000000167e-03 2.550040000000000084e-01 2.444405955444803712e-15
8.000000000000000167e-03 2.861190080000000080e-01 2.143320710595425267e-15
8.000000000000000167e-03 3.210310080000000066e-01 1.864531730877707184e-15
8.000000000000000167e-03 3.602030080000000467e-01 1.623502058679231365e-15
8.000000000000000167e-03 4.041539840000000217e-01 1.402110578397305923e-15
8.000000000000000167e-03 4.534689920000000152e-01 1.239720176723966490e-15
8.000000000000000167e-03 5.088009920000000630e-01 1.099262838029725344e-15
8.000000000000000167e-03 5.708839680000000749e-01 9.826236669541247317e-16
8.000000000000000167e-03 6.405429759999999861e-01 8.738553333411183218e-16
8.000000000000000167e-03 7.187009920000000385e-01 7.745255171929015809e-16
8.000000000000000167e-03 8.063960320000000959e-01 6.822229752781371962e-16
8.000000000000000167e-03 9.047920000000000407e-01 6.024578901861737543e-16
8.000000000000000167e-03 1.015190020000000137e+00 5.367427734638220840e-16
8.000000000000000167e-03 1.139069950000000109e+00 4.897060764241307307e-16
8.000000000000000167e-03 1.278050050000000049e+00 4.596707190567419578e-16
8.000000000000000167e-03 1.434000000000000163e+00 3.495907965773929853e-16
8.000000000000000167e-03 1.608979970000000037e+00 3.015900932439697094e-16
8.000000000000000167e-03 1.680000000000000160e+00 2.863130250327578531e-16
8.000000000000000167e-03 1.700000000000000178e+00 2.820088997781470423e-16
8.000000000000000167e-03 1.800000000000000044e+00 2.595751961481822620e-16
8.000000000000000167e-03 1.900000000000000133e+00 2.363656155853175193e-16
8.000000000000000167e-03 2.000000000000000000e+00 2.174513420528629579e-16
8.000000000000000167e-03 2.100000000000000089e+00 2.087942129252177881e-16
8.000000000000000167e-03 2.200000000000000178e+00 2.005837448557168854e-16
8.000000000000000167e-03 2.300000000000000266e+00 1.893642018571486370e-16
8.000000000000000167e-03 2.400000000000000355e+00 1.785971996676502820e-16
8.000000000000000167e-03 2.500000000000000000e+00 1.705255995080384686e-16
8.000000000000000167e-03 2.600000000000000089e+00 1.640694338754712360e-16
8.000000000000000167e-03 2.750000130000000098e+00 1.549857689154191301e-16
8.000000000000000167e-03 3.000000000000000000e+00 1.396608850641088018e-16
8.000000000000000167e-03 3.249999870000000346e+00 1.281478868469323858e-16
8.000000000000000167e-03 3.500000000000000000e+00 1.184166638638687866e-16
8.000000000000000167e-03 3.750000130000000098e+00 1.056929317127182831e-16
8.000000000000000167e-03 4.000000000000000000e+00 1.000337120894140138e-16
8.000000000000000167e-03 4.249999869999999902e+00 9.546060838388767278e-17
8.000000000000000167e-03 4.499999740000000692e+00 9.124528169009688590e-17
8.000000000000000167e-03 4.750000130000000098e+00 8.701544433087139338e-17
8.000000000000000167e-03 5.000000000000000000e+00 8.331814647492184995e-17
8.000000000000000167e-03 5.249999869999999902e+00 8.174007570258843570e-17
8.000000000000000167e-03 5.500000260000000196e+00 7.816983619257170367e-17
8.000000000000000167e-03 5.750000130000000098e+00 7.481156867183515302e-17
8.000000000000000167e-03 6.000000000000000000e+00 7.172367154035202947e-17
8.000000000000000167e-03 6.249999870000000790e+00 6.882392024085393808e-17
8.000000000000000167e-03 6.499999740000000692e+00 6.612888080124876394e-17
8.000000000000000167e-03 6.750000130000000098e+00 6.355832307879859607e-17
8.000000000000000167e-03 7.000000000000000000e+00 6.085151746909329567e-17
8.000000000000000167e-03 7.249999870000000790e+00 5.826830077887670553e-17
8.000000000000000167e-03 7.500000260000000196e+00 5.634649195833244004e-17
8.000000000000000167e-03 7.750000130000000098e+00 5.451528670721515948e-17
8.000000000000000167e-03 8.000000000000000000e+00 5.280074931929713570e-17
8.000000000000000167e-03 8.249999869999999902e+00 5.118999672533734616e-17
8.000000000000000167e-03 8.499999739999999804e+00 4.966882452010624628e-17
8.000000000000000167e-03 8.750000130000000098e+00 4.821485368788361910e-17
8.000000000000000167e-03 8.999999490000000435e+00 4.684523532564514744e-17
8.000000000000000167e-03 9.249999869999999902e+00 4.555157569103575757e-17
8.000000000000000167e-03 9.500000260000000196e+00 4.429894273990592498e-17
8.000000000000000167e-03 9.749999620000000533e+00 4.305144264571914178e-17
8.000000000000000167e-03 1.000000000000000000e+01 4.187406844378993079e-17
8.000000000000000167e-03 1.025000040000000112e+01 4.076563862524933049e-17
8.000000000000000167e-03 1.049999970000000005e+01 3.970596250874212135e-17
8.000000000000000167e-03 1.075000010000000117e+01 3.868855066639301273e-17
8.000000000000000167e-03 1.100000050000000051e+01 3.769989861139211710e-17
8.000000000000000167e-03 1.124999990000000061e+01 3.675894371478655339e-17
8.000000000000000167e-03 1.150000029999999995e+01 3.585150214385582076e-17
8.000000000000000167e-03 1.174999960000000065e+01 3.497131569393123442e-17
8.000000000000000167e-03 1.200000000000000000e+01 3.412941096157545622e-17
8.000000000000000167e-03 1.225000040000000112e+01 3.332207250571940912e-17
8.000000000000000167e-03 1.249999970000000005e+01 3.255394695579724609e-17
8.000000000000000167e-03 1.275000010000000117e+01 3.181438216167375949e-17
8.000000000000000167e-03 1.299999950000000126e+01 3.110220673355445359e-17
8.000000000000000167e-03 1.324999990000000061e+01 3.042768524412512958e-17
8.000000000000000167e-03 1.350000029999999995e+01 2.978449837796973729e-17
8.000000000000000167e-03 1.374999960000000065e+01 2.917885357964578052e-17
8.000000000000000167e-03 1.400000000000000000e+01 2.859823659898442443e-17
8.000000000000000167e-03 1.425000040000000112e+01 2.804096137063892180e-17
8.000000000000000167e-03 1.449999970000000005e+01 2.750512802535778158e-17
8.000000000000000167e-03 1.475000010000000117e+01 2.698378173875752772e-17
8.000000000000000167e-03 1.500000050000000051e+01 2.649886761233686178e-17
8.000000000000000167e-03 1.524999990000000061e+01 2.611558938537632381e-17
8.000000000000000167e-03 1.550000030000000173e+01 2.576333847142265662e-17
8.000000000000000167e-03 1.574999960000000065e+01 2.542537602745784425e-17
8.000000000000000167e-03 1.600000000000000000e+01 2.509810480524482988e-17
8.000000000000000167e-03 1.625000040000000112e+01 2.477446729765129820e-17
8.000000000000000167e-03 1.649999970000000005e+01 2.445322968321018312e-17
8.000000000000000167e-03 1.675000010000000117e+01 2.414384050200940322e-17
8.000000000000000167e-03 1.699999950000000126e+01 2.384690597607236882e-17
8.000000000000000167e-03 1.725000089999999986e+01 2.355626054224334433e-17
8.000000000000000167e-03 1.750000029999999995e+01 2.326997804595098920e-17
8.000000000000000167e-03 1.774999960000000243e+01 2.299302485860206551e-17
8.000000000000000167e-03 1.799999900000000252e+01 2.272020686308015666e-17
8.000000000000000167e-03 1.825000040000000112e+01 2.244852916408270938e-17
8.000000000000000167e-03 1.849999970000000005e+01 2.219599470500212621e-17
8.000000000000000167e-03 1.874999910000000014e+01 2.194683752566058251e-17
8.000000000000000167e-03 1.900000050000000229e+01 2.169701140277271544e-17
8.000000000000000167e-03 1.924999990000000238e+01 2.145388534523034033e-17
8.000000000000000167e-03 1.949999920000000131e+01 2.121787482331041680e-17
8.000000000000000167e-03 1.975000059999999991e+01 2.098793910133803954e-17
8.000000000000000167e-03 2.000000000000000000e+01 2.076014182335871186e-17
5.000000000000000278e-02 0.000000000000000000e+00 1.205320182226995432e-13
5.000000000000000278e-02 1.258929999999999956e-04 1.205320182226995432e-13
5.000000000000000278e-02 1.412539999999999998e-04 1.321362717372808136e-13
5.000000000000000278e-02 1.584890000000000203e-04 1.298043242596503143e-13
5.000000000000000278e-02 1.778280000000000193e-04 1.274511922438243998e-13
5.000000000000000278e-02 1.995270000000000160e-04 1.250787146582575986e-13
5.000000000000000278e-02 2.238730000000000028e-04 1.323339510054141903e-13
5.000000000000000278e-02 2.511890000000000238e-04 1.294668334519396607e-13
5.000000000000000278e-02 2.818390000000000370e-04 1.265625044403625000e-13
5.000000000000000278e-02 3.162290000000000110e-04 1.316916170656417321e-13
5.000000000000000278e-02 3.548150000000000240e-04 1.284241774574330962e-13
5.000000000000000278e-02 3.981090000000000063e-04 1.363999248004849718e-13
5.000000000000000278e-02 4.466860000000000123e-04 1.325203082349942116e-13
5.000000000000000278e-02 5.011899999999999905e-04 1.361269663515153087e-13
5.000000000000000278e-02 5.623439999999999949e-04 1.409556074310040906e-13
5.000000000000000278e-02 6.309610000000000869e-04 1.371963649791189179e-13
5.000000000000000278e-02 7.079500000000000506e-04 1.553813650224719241e-13
5.000000000000000278e-02 7.943340000000000557e-04 1.479479631906425737e-13
5.000000000000000278e-02 8.912570000000000084e-04 1.601563365163084774e-13
5.000000000000000278e-02 1.000000000000000021e-03 1.543093551169486389e-13
5.000000000000000278e-02 1.047130000000000066e-03 1.663146003470922400e-13
5.000000000000000278e-02 1.096480000000000154e-03 1.610664210901544535e-13
5.000000000000000278e-02 1.148150000000000125e-03 1.549260913647167310e-13
5.000000000000000278e-02 1.202260000000000134e-03 1.706732317607745277e-13
5.000000000000000278e-02 1.258930000000000118e-03 1.672117589300374980e-13
5.000000000000000278e-02 1.318260000000000135e-03 1.632197153343788186e-13
5.000000000000000278e-02 1.380380000000000062e-03 1.815241218536496621e-13
5.000000000000000278e-02 1.445440000000000093e-03 1.742546394848831562e-13
5.000000000000000278e-02 1.513560000000000166e-03 1.905251692817627907e-13
5.000000000000000278e-02 1.584890000000000040e-03 1.797531680506728921e-13
5.000000000000000278e-02 1.659590000000000067e-03 1.943715797376715656e-13
5.000000000000000278e-02 1.737800000000000065e-03 2.076602526574381685e-13
5.000000000000000278e-02 1.819700000000000050e-03 1.981482071646193874e-13
5.000000000000000278e-02 1.905460000000000096e-03 2.124823084161179002e-13
5.000000000000000278e-02 1.995260000000000002e-03 2.201776214653446251e-13
5.000000000000000278e-02 2.089290000000000157e-03 2.280221349011484558e-13
5.000000000000000278e-02 2.187759999999999965e-03 2.330517501676014152e-13
5.000000000000000278e-02 2.290869999999999972e-03 2.353346160870574726e-13
5.000000000000000278e-02 2.398830000000000233e-03 2.320378512232726053e-13
5.000000000000000278e-02 2.511880000000000189e-03 2.582751364510644086e-13
5.000000000000000278e-02 2.630270000000000091e-03 2.195344580539852654e-13
5.000000000000000278e-02 2.754230000000000306e-03 2.075838284665219163e-13
5.000000000000000278e-02 2.884030000000000100e-03 2.086014785344006443e-13
5.000000000000000278e-02 3.019949999999999978e-03 2.178783930139274282e-13
5.000000000000000278e-02 3.162270000000000011e-03 2.303215975253592809e-13
5.000000000000000278e-02 3.311310000000000035e-03 2.348950002762197396e-13
5.000000000000000278e-02 3.467360000000000060e-03 2.287442759075063798e-13
5.000000000000000278e-02 3.630780000000000118e-03 2.104238830397157664e-13
5.000000000000000278e-02 3.801890000000000044e-03 1.986221950303266210e-13
5.000000000000000278e-02 3.981070000000000615e-03 1.904186141013226528e-13
5.000000000000000278e-02 4.168690000000000069e-03 1.815885564743328678e-13
5.000000000000000278e-02 4.365149999999999933e-03 1.721971456136333565e-13
5.000000000000000278e-02 4.570880000000000255e-03 1.620780457473813057e-13
5.000000000000000278e-02 4.786290000000000336e-03 1.512594404733200303e-13
5.000000000000000278e-02 5.011859999999999926e-03 1.399553831069178610e-13
5.000000000000000278e-02 5.248070000000000512e-03 1.281490019138972127e-13
5.000000000000000278e-02 5.495400000000000111e-03 1.159690690255873352e-13
5.000000000000000278e-02 5.754390000000000720e-03 1.036348877487726536e-13
5.000000000000000278e-02 6.025590000000000807e-03 9.114398229756064918e-14
5.000000000000000278e-02 6.309560000000000515e-03 7.910622068160795932e-14
5.000000000000000278e-02 6.606920000000000501e-03 7.080677950944361726e-14
5.000000000000000278e-02 6.918300000000000491e-03 6.726196205201466923e-14
5.000000000000000278e-02 7.244350000000000095e-03 6.396168508958490525e-14
5.000000000000000278e-02 7.585760000000000419e-03 6.063413373251624063e-14
5.000000000000000278e-02 7.943270000000000539e-03 5.721013725033504707e-14
5.000000000000000278e-02 8.317620000000001262e-03 5.379942779373146890e-14
5.000000000000000278e-02 8.709620000000001250e-03 5.048007865953108677e-14
5.000000000000000278e-02 9.120090000000000835e-03 4.725842930451763677e-14
5.000000000000000278e-02 9.549900000000000055e-03 4.486262992427569933e-14
5.000000000000000278e-02 9.999980000000000327e-03 4.287114329845582420e-14
5.000000000000000278e-02 1.047130000000000109e-02 4.085639936894173239e-14
5.000000000000000278e-02 1.096480000000000024e-02 3.890231494536804695e-14
5.000000000000000278e-02 1.148150000000000039e-02 3.692167272896592541e-14
5.000000000000000278e-02 1.202260000000000134e-02 3.495555506009564038e-14
5.000000000000000278e-02 1.258920000000000004e-02 3.305942443928484028e-14
5.000000000000000278e-02 1.318250000000000151e-02 3.143082519324794512e-14
5.000000000000000278e-02 1.380380000000000149e-02 3.022412336285169306e-14
5.000000000000000278e-02 1.445440000000000093e-02 2.900247493241238438e-14
5.000000000000000278e-02 1.513560000000000079e-02 2.779663522990132658e-14
5.000000000000000278e-02 1.584890000000000257e-02 2.662847652836815345e-14
5.000000000000000278e-02 1.659580000000000083e-02 2.541089184463801568e-14
5.000000000000000278e-02 1.737800000000000109e-02 2.420095893652193248e-14
5.000000000000000278e-02 1.819700000000000137e-02 2.300245558602903933e-14
5.000000000000000278e-02 1.905460000000000140e-02 2.183096640974567882e-14
5.000000000000000278e-02 1.995260000000000089e-02 2.074100297166134683e-14
5.000000000000000278e-02 2.089290000000000244e-02 1.968782958588298577e-14
5.000000000000000278e-02 2.187760000000000052e-02 1.871821415381070240e-14
5.000000000000000278e-02 2.290860000000000118e-02 1.803039406136506854e-14
5.000000000000000278e-02 2.398830000000000059e-02 1.735471799855248370e-14
5.000000000000000278e-02 2.511880000000000016e-02 1.666788072807557821e-14
5.000000000000000278e-02 2.630260000000000237e-02 1.598433850395393178e-14
5.000000000000000278e-02 2.754220000000000279e-02 1.532331509947449949e-14
5.000000000000000278e-02 2.900000000000000147e-02 1.458729414669174502e-14
5.000000000000000278e-02 3.000000000000000236e-02 1.411253419649437847e-14
5.000000000000000278e-02 3.100000000000000325e-02 1.365973310759551038e-14
5.000000000000000278e-02 3.200000000000000067e-02 1.322552395031775048e-14
5.000000000000000278e-02 3.300000000000000155e-02 1.282360377525290375e-14
5.000000000000000278e-02 3.400000000000000244e-02 1.243335858799653943e-14
5.000000000000000278e-02 3.500000000000000333e-02 1.207064066127683835e-14
5.000000000000000278e-02 3.600000000000000422e-02 1.173104143019398834e-14
5.000000000000000278e-02 3.700000000000000511e-02 1.142075392093256152e-14
5.000000000000000278e-02 3.799999999999999906e-02 1.116104474899469257e-14
5.000000000000000278e-02 3.899999999999999994e-02 1.090627130728944571e-14
5.000000000000000278e-02 4.000000000000000083e-02 1.066106347885796280e-14
5.000000000000000278e-02 4.250000000000000305e-02 1.009522212389190799e-14
5.000000000000000278e-02 4.500000000000000527e-02 9.580689880030032631e-15
5.000000000000000278e-02 4.750000000000000056e-02 9.103942693320713616e-15
5.000000000000000278e-02 5.000000000000000278e-02 8.667918906281499063e-15
5.000000000000000278e-02 5.250000000000000500e-02 8.273674580115378956e-15
5.000000000000000278e-02 5.500000000000000028e-02 7.947907346006856987e-15
5.000000000000000278e-02 5.708800000000000680e-02 7.684198603910067925e-15
5.000000000000000278e-02 6.405380000000000795e-02 6.917958230293848742e-15
5.000000000000000278e-02 7.186960000000000570e-02 6.160250280523719048e-15
5.000000000000000278e-02 8.063900000000000234e-02 5.494346775502959194e-15
5.000000000000000278e-02 9.047849600000000547e-02 4.941154994090520016e-15
5.000000000000000278e-02 1.015180000000000110e-01 4.397187059760901489e-15
5.000000000000000278e-02 1.139060000000000072e-01 3.886182637861774264e-15
5.000000000000000278e-02 1.278040000000000009e-01 3.410742669788502638e-15
5.000000000000000278e-02 1.433990080000000222e-01 3.010580968479909139e-15
5.000000000000000278e-02 1.608960000000000112e-01 2.681445903935397661e-15
5.000000000000000278e-02 1.805289919999999992e-01 2.359493511314780041e-15
5.000000000000000278e-02 2.025569920000000190e-01 2.045559181294295725e-15
5.000000000000000278e-02 2.272720000000000018e-01 1.760310927767366884e-15
5.000000000000000278e-02 2.550040000000000084e-01 1.496031752621619134e-15
5.000000000000000278e-02 2.861190080000000080e-01 1.274050460031213038e-15
5.000000000000000278e-02 3.210310080000000066e-01 1.103030544083003037e-15
5.000000000000000278e-02 3.602030080000000467e-01 9.617055665611510097e-16
5.000000000000000278e-02 4.041539840000000217e-01 8.286181436850538524e-16
5.000000000000000278e-02 4.534689920000000152e-01 7.109632749605200970e-16
5.000000000000000278e-02 5.088009920000000630e-01 6.174583378629912715e-16
5.000000000000000278e-02 5.708839680000000749e-01 5.371980633447089896e-16
5.000000000000000278e-02 6.405429759999999861e-01 4.692362674920187885e-16
5.000000000000000278e-02 7.187009920000000385e-01 4.006439255442408296e-16
5.000000000000000278e-02 8.063960320000000959e-01 3.455316666225717694e-16
5.000000000000000278e-02 9.047920000000000407e-01 2.937827701996135680e-16
5.000000000000000278e-02 1.015190020000000137e+00 2.508406873767633842e-16
5.000000000000000278e-02 1.139069950000000109e+00 2.155254951961953487e-16
5.000000000000000278e-02 1.278050050000000049e+00 1.863053059495673248e-16
5.000000000000000278e-02 1.434000000000000163e+00 1.557223747396859696e-16
5.000000000000000278e-02 1.608979970000000037e+00 1.329342259247324844e-16
5.000000000000000278e-02 1.680000000000000160e+00 1.249959534300164204e-16
5.000000000000000278e-02 1.700000000000000178e+00 1.228642779648546122e-16
5.000000000000000278e-02 1.800000000000000044e+00 1.133383088623402197e-16
5.000000000000000278e-02 1.900000000000000133e+00 1.042993059473989131e-16
5.000000000000000278e-02 2.000000000000000000e+00 9.705188105350573170e-17
5.000000000000000278e-02 2.100000000000000089e+00 9.055607059384346154e-17
5.000000000000000278e-02 2.200000000000000178e+00 8.459943351894195060e-17
5.000000000000000278e-02 2.300000000000000266e+00 7.939025993644918974e-17
5.000000000000000278e-02 2.400000000000000355e+00 7.498222032313994111e-17
5.000000000000000278e-02 2.500000000000000000e+00 7.135228370413223614e-17
5.000000000000000278e-02 2.600000000000000089e+00 6.772568712593969167e-17
5.000000000000000278e-02 2.750000130000000098e+00 6.272168719962043218e-17
5.000000000000000278e-02 3.000000000000000000e+00 5.584982909798888397e-17
5.000000000000000278e-02 3.249999870000000346e+00 4.965367696366444727e-17
5.000000000000000278e-02 3.500000000000000000e+00 4.389787012948241224e-17
5.000000000000000278e-02 3.750000130000000098e+00 4.009306661129654237e-17
5.000000000000000278e-02 4.000000000000000000e+00 3.702248316352068041e-17
5.000000000000000278e-02 4.249999869999999902e+00 3.405584758061556422e-17
5.000000000000000278e-02 4.499999740000000692e+00 3.181081350959983537e-17
5.000000000000000278e-02 4.750000130000000098e+00 2.985850114252165061e-17
5.000000000000000278e-02 5.000000000000000000e+00 2.805843026530548964e-17
5.000000000000000278e-02 5.249999869999999902e+00 2.638955451539248358e-17
5.000000000000000278e-02 5.500000260000000196e+00 2.485803096923235706e-17
5.000000000000000278e-02 5.750000130000000098e+00 2.351222862992505474e-17
5.000000000000000278e-02 6.000000000000000000e+00 2.231412731704474594e-17
5.000000000000000278e-02 6.249999870000000790e+00 2.128461467220440192e-17
5.000000000000000278e-02 6.499999740000000692e+00 2.037251500364196321e-17
5.000000000000000278e-02 6.750000130000000098e+00 1.955092922258981189e-17
5.000000000000000278e-02 7.000000000000000000e+00 1.883090377796733447e-17
5.000000000000000278e-02 7.249999870000000790e+00 1.817148345351376452e-17
5.000000000000000278e-02 7.500000260000000196e+00 1.747475717195353029e-17
5.000000000000000278e-02 7.750000130000000098e+00 1.659591031812559293e-17
5.000000000000000278e-02 8.000000000000000000e+00 1.606700972232763031e-17
5.000000000000000278e-02 8.249999869999999902e+00 1.555014537348156079e-17
5.000000000000000278e-02 8.499999739999999804e+00 1.504390907899369682e-17
5.000000000000000278e-02 8.750000130000000098e+00 1.456434470538894948e-17
5.000000000000000278e-02 8.999999490000000435e+00 1.407315021144678520e-17
5.000000000000000278e-02 9.249999869999999902e+00 1.362458123732370726e-17
5.000000000000000278e-02 9.500000260000000196e+00 1.318412511422419092e-17
5.000000000000000278e-02 9.749999620000000533e+00 1.275192469034755146e-17
5.000000000000000278e-02 1.000000000000000000e+01 1.232731260317640888e-17
5.000000000000000278e-02 1.025000040000000112e+01 1.193745545873412907e-17
5.000000000000000278e-02 1.049999970000000005e+01 1.153818567700394058e-17
5.000000000000000278e-02 1.075000010000000117e+01 1.118335197204879891e-17
5.000000000000000278e-02 1.100000050000000051e+01 1.082694735819597960e-17
5.000000000000000278e-02 1.124999990000000061e+01 1.048585865133711295e-17
5.000000000000000278e-02 1.150000029999999995e+01 1.015064617336595164e-17
5.000000000000000278e-02 1.174999960000000065e+01 9.838304601792456852e-18
5.000000000000000278e-02 1.200000000000000000e+01 9.537993269439908761e-18
5.000000000000000278e-02 1.225000040000000112e+01 9.250106164211187260e-18
5.000000000000000278e-02 1.249999970000000005e+01 8.978245730173880233e-18
5.000000000000000278e-02 1.275000010000000117e+01 8.726974226162568356e-18
5.000000000000000278e-02 1.299999950000000126e+01 8.480461753112242943e-18
5.000000000000000278e-02 1.324999990000000061e+01 8.248789847624751367e-18
5.000000000000000278e-02 1.350000029999999995e+01 8.030099628012295144e-18
5.000000000000000278e-02 1.374999960000000065e+01 7.827185603934879812e-18
5.000000000000000278e-02 1.400000000000000000e+01 7.629996504621467285e-18
5.000000000000000278e-02 1.425000040000000112e+01 7.452972231393626635e-18
5.000000000000000278e-02 1.449999970000000005e+01 7.272260601913027621e-18
5.000000000000000278e-02 1.475000010000000117e+01 7.110195535753599045e-18
5.000000000000000278e-02 1.500000050000000051e+01 6.952273993192030198e-18
5.000000000000000278e-02 1.524999990000000061e+01 6.797864559122000458e-18
5.000000000000000278e-02 1.550000030000000173e+01 6.653636162423099182e-18
5.000000000000000278e-02 1.574999960000000065e+01 6.517158284583334139e-18
5.000000000000000278e-02 1.600000000000000000e+01 6.381219499830314884e-18
5.000000000000000278e-02 1.625000040000000112e+01 6.257553278498200925e-18
5.000000000000000278e-02 1.649999970000000005e+01 6.126649069799837474e-18
5.000000000000000278e-02 1.675000010000000117e+01 6.003478452978014582e-18
5.000000000000000278e-02 1.699999950000000126e+01 5.885224879720634635e-18
5.000000000000000278e-02 1.725000089999999986e+01 5.808256980320949841e-18
5.000000000000000278e-02 1.750000029999999995e+01 5.750988575322412819e-18
5.000000000000000278e-02 1.774999960000000243e+01 5.658683658912103680e-18
5.000000000000000278e-02 1.799999900000000252e+01 5.556082357750504728e-18
5.000000000000000278e-02 1.825000040000000112e+01 5.465532113070701171e-18
5.000000000000000278e-02 1.849999970000000005e+01 5.369425319083447326e-18
5.000000000000000278e-02 1.874999910000000014e+01 5.282822643226250700e-18
5.000000000000000278e-02 1.900000050000000229e+01 5.197394364653519950e-18
5.000000000000000278e-02 1.924999990000000238e+01 5.118110384021671274e-18
5.000000000000000278e-02 1.949999920000000131e+01 5.033975434317369467e-18
5.000000000000000278e-02 1.975000059999999991e+01 4.949183359960587215e-18
5.000000000000000278e-02 2.000000000000000000e+01 4.873623024113631632e-18
1.000000000000000048e-04 0.000000000000000000e+00 4.988333478027758466e-14
1.000000000000000048e-04 1.258929999999999956e-04 4.988333478027758466e-14
1.000000000000000048e-04 1.412539999999999998e-04 4.988333478027758466e-14
1.000000000000000048e-04 1.584890000000000203e-04 4.988333478027758466e-14
1.000000000000000048e-04 1.778280000000000193e-04 4.988333478027758466e-14
1.000000000000000048e-04 1.995270000000000160e-04 4.988333478027758466e-14
1.000000000000000048e-04 2.238730000000000028e-04 4.988333478027758466e-14
1.000000000000000048e-04 2.511890000000000238e-04 5.038120120508884120e-14
1.000000000000000048e-04 2.818390000000000370e-04 5.038120120508884120e-14
1.000000000000000048e-04 3.162290000000000110e-04 5.038120120508884120e-14
1.000000000000000048e-04 3.548150000000000240e-04 5.038120120508884120e-14
1.000000000000000048e-04 3.981090000000000063e-04 5.005449874366955982e-14
1.000000000000000048e-04 4.466860000000000123e-04 5.001649949849232924e-14
1.000000000000000048e-04 5.011899999999999905e-04 4.998853603103512146e-14
1.000000000000000048e-04 5.623439999999999949e-04 4.994995216391875199e-14
1.000000000000000048e-04 6.309610000000000869e-04 4.993199601792471398e-14
1.000000000000000048e-04 7.079500000000000506e-04 5.024235466871822998e-14
1.000000000000000048e-04 7.943340000000000557e-04 5.016364421775460644e-14
1.000000000000000048e-04 8.912570000000000084e-04 5.046654857509348540e-14
1.000000000000000048e-04 1.000000000000000021e-03 5.161690514511811428e-14
1.000000000000000048e-04 1.047130000000000066e-03 5.260111457621916252e-14
1.000000000000000048e-04 1.096480000000000154e-03 5.298670102446264368e-14
1.000000000000000048e-04 1.148150000000000125e-03 5.333150057411566842e-14
1.000000000000000048e-04 1.202260000000000134e-03 5.361468250294592619e-14
1.000000000000000048e-04 1.258930000000000118e-03 5.374875495102926455e-14
1.000000000000000048e-04 1.318260000000000135e-03 5.451975180119994396e-14
1.000000000000000048e-04 1.380380000000000062e-03 5.525890938255228703e-14
1.000000000000000048e-04 1.445440000000000093e-03 5.585070248246649952e-14
1.000000000000000048e-04 1.513560000000000166e-03 5.667607038885598159e-14
1.000000000000000048e-04 1.584890000000000040e-03 5.715844523687697087e-14
1.000000000000000048e-04 1.659590000000000067e-03 5.821623866513269089e-14
1.000000000000000048e-04 1.737800000000000065e-03 5.885899629203021598e-14
1.000000000000000048e-04 1.819700000000000050e-03 5.966043325826517104e-14
1.000000000000000048e-04 1.905460000000000096e-03 6.063457152727328495e-14
1.000000000000000048e-04 1.995260000000000002e-03 6.217357223968934249e-14
1.000000000000000048e-04 2.089290000000000157e-03 6.371750050792122135e-14
1.000000000000000048e-04 2.187759999999999965e-03 6.538674735900123093e-14
1.000000000000000048e-04 2.290869999999999972e-03 6.779261460575191630e-14
1.000000000000000048e-04 2.398830000000000233e-03 7.052230371928868162e-14
1.000000000000000048e-04 2.511880000000000189e-03 7.408527859022010734e-14
1.000000000000000048e-04 2.630270000000000091e-03 7.828058685159468746e-14
1.000000000000000048e-04 2.754230000000000306e-03 8.379834121423615209e-14
1.000000000000000048e-04 2.884030000000000100e-03 9.357260464753496937e-14
1.000000000000000048e-04 3.019949999999999978e-03 1.263212566227226707e-13
1.000000000000000048e-04 3.162270000000000011e-03 1.646947699279713095e-13
1.000000000000000048e-04 3.311310000000000035e-03 1.669572370619465219e-13
1.000000000000000048e-04 3.467360000000000060e-03 1.609794811045258854e-13
1.000000000000000048e-04 3.630780000000000118e-03 1.523882934147551376e-13
1.000000000000000048e-04 3.801890000000000044e-03 1.403143936607293160e-13
1.000000000000000048e-04 3.981070000000000615e-03 1.257412313993933739e-13
1.000000000000000048e-04 4.168690000000000069e-03 1.138264480931002674e-13
1.000000000000000048e-04 4.365149999999999933e-03 1.094028877553441085e-13
1.000000000000000048e-04 4.570880000000000255e-03 1.047307661799465183e-13
1.000000000000000048e-04 4.786290000000000336e-03 9.875035265990019183e-14
1.000000000000000048e-04 5.011859999999999926e-03 9.122709462474315146e-14
1.000000000000000048e-04 5.248070000000000512e-03 8.219669763104988780e-14
1.000000000000000048e-04 5.495400000000000111e-03 7.490115606310882982e-14
1.000000000000000048e-04 5.754390000000000720e-03 7.109819312620024945e-14
1.000000000000000048e-04 6.025590000000000807e-03 6.760927047216594909e-14
1.000000000000000048e-04 6.309560000000000515e-03 6.384278476530197157e-14
1.000000000000000048e-04 6.606920000000000501e-03 5.982377395357330788e-14
1.000000000000000048e-04 6.918300000000000491e-03 5.535783276168521118e-14
1.000000000000000048e-04 7.244350000000000095e-03 5.294307544511515837e-14
1.000000000000000048e-04 7.585760000000000419e-03 5.131651876619792050e-14
1.000000000000000048e-04 7.943270000000000539e-03 4.951497256246270025e-14
1.000000000000000048e-04 8.317620000000001262e-03 4.751192550196497180e-14
1.000000000000000048e-04 8.709620000000001250e-03 4.527607693075821055e-14
1.000000000000000048e-04 9.120090000000000835e-03 4.281727999033505117e-14
1.000000000000000048e-04 9.549900000000000055e-03 4.017366116230647574e-14
1.000000000000000048e-04 9.999980000000000327e-03 3.730149273690766102e-14
1.000000000000000048e-04 1.047130000000000109e-02 3.440095666598751600e-14
1.000000000000000048e-04 1.096480000000000024e-02 3.273241605205957247e-14
1.000000000000000048e-04 1.148150000000000039e-02 3.165184470063910547e-14
1.000000000000000048e-04 1.202260000000000134e-02 3.056580871614911536e-14
1.000000000000000048e-04 1.258920000000000004e-02 2.944283486575731153e-14
1.000000000000000048e-04 1.318250000000000151e-02 2.832740602954163006e-14
1.000000000000000048e-04 1.380380000000000149e-02 2.725485547784431502e-14
1.000000000000000048e-04 1.445440000000000093e-02 2.604351394949071645e-14
1.000000000000000048e-04 1.513560000000000079e-02 2.462651883156282681e-14
1.000000000000000048e-04 1.584890000000000257e-02 2.372714156927597926e-14
1.000000000000000048e-04 1.659580000000000083e-02 2.300654520550005653e-14
1.000000000000000048e-04 1.737800000000000109e-02 2.227882487522260876e-14
1.000000000000000048e-04 1.819700000000000137e-02 2.154308513786802024e-14
1.000000000000000048e-04 1.905460000000000140e-02 2.081800139765282957e-14
1.000000000000000048e-04 1.995260000000000089e-02 1.999766468188207773e-14
1.000000000000000048e-04 2.089290000000000244e-02 1.917703242596134721e-14
1.000000000000000048e-04 2.187760000000000052e-02 1.879499217830603968e-14
1.000000000000000048e-04 2.290860000000000118e-02 1.850019450853325647e-14
1.000000000000000048e-04 2.398830000000000059e-02 1.817682270814007159e-14
1.000000000000000048e-04 2.511880000000000016e-02 1.782498923565487949e-14
1.000000000000000048e-04 2.630260000000000237e-02 1.744870726470353265e-14
1.000000000000000048e-04 2.754220000000000279e-02 1.707643496231502550e-14
1.000000000000000048e-04 2.900000000000000147e-02 1.662361236453582312e-14
1.000000000000000048e-04 3.000000000000000236e-02 1.630292004697783310e-14
1.000000000000000048e-04 3.100000000000000325e-02 1.597735284923977184e-14
1.000000000000000048e-04 3.200000000000000067e-02 1.554135433551612566e-14
1.000000000000000048e-04 3.300000000000000155e-02 1.507327675556190883e-14
1.000000000000000048e-04 3.400000000000000244e-02 1.471560602168756126e-14
1.000000000000000048e-04 3.500000000000000333e-02 1.450404516904271449e-14
1.000000000000000048e-04 3.600000000000000422e-02 1.428784191242278463e-14
1.000000000000000048e-04 3.700000000000000511e-02 1.407039400674681683e-14
1.000000000000000048e-04 3.799999999999999906e-02 1.386046747359819796e-14
1.000000000000000048e-04 3.899999999999999994e-02 1.364827019909605175e-14
1.000000000000000048e-04 4.000000000000000083e-02 1.343103668909090607e-14
1.000000000000000048e-04 4.250000000000000305e-02 1.288746802350822292e-14
1.000000000000000048e-04 4.500000000000000527e-02 1.234819803516807561e-14
1.000000000000000048e-04 4.750000000000000056e-02 1.179731534112005609e-14
1.000000000000000048e-04 5.000000000000000278e-02 1.116427453886246124e-14
1.000000000000000048e-04 5.250000000000000500e-02 1.077116718609157362e-14
1.000000000000000048e-04 5.500000000000000028e-02 1.063280971263503382e-14
1.000000000000000048e-04 5.708800000000000680e-02 1.051008208162719621e-14
1.000000000000000048e-04 6.405380000000000795e-02 1.009508791575641279e-14
1.000000000000000048e-04 7.186960000000000570e-02 9.585483684520852036e-15
1.000000000000000048e-04 8.063900000000000234e-02 8.987569513462435461e-15
1.000000000000000048e-04 9.047849600000000547e-02 8.276537894790924810e-15
1.000000000000000048e-04 1.015180000000000110e-01 7.445272704194876622e-15
1.000000000000000048e-04 1.139060000000000072e-01 6.486734322703181388e-15
1.000000000000000048e-04 1.278040000000000009e-01 5.391255175146713975e-15
1.000000000000000048e-04 1.433990080000000222e-01 4.171109182983088753e-15
1.000000000000000048e-04 1.608960000000000112e-01 3.866128130316877451e-15
1.000000000000000048e-04 1.805289919999999992e-01 3.824047808165081023e-15
1.000000000000000048e-04 2.025569920000000190e-01 3.693787488825030408e-15
1.000000000000000048e-04 2.272720000000000018e-01 3.460540604198721153e-15
1.000000000000000048e-04 2.550040000000000084e-01 3.096959501837536926e-15
1.000000000000000048e-04 2.861190080000000080e-01 2.724096515742108340e-15
1.000000000000000048e-04 3.210310080000000066e-01 2.521450779169838122e-15
1.000000000000000048e-04 3.602030080000000467e-01 2.305336222359875816e-15
1.000000000000000048e-04 4.041539840000000217e-01 2.074951510853247384e-15
1.000000000000000048e-04 4.534689920000000152e-01 1.876535192288567131e-15
1.000000000000000048e-04 5.088009920000000630e-01 1.740451354062408308e-15
1.000000000000000048e-04 5.708839680000000749e-01 1.594108930064753034e-15
1.000000000000000048e-04 6.405429759999999861e-01 1.440823359115606065e-15
1.000000000000000048e-04 7.187009920000000385e-01 1.283200154361248673e-15
1.000000000000000048e-04 8.063960320000000959e-01 1.145660654988697638e-15
1.000000000000000048e-04 9.047920000000000407e-01 1.059508582560492213e-15
1.000000000000000048e-04 1.015190020000000137e+00 1.036428426734605388e-15
1.000000000000000048e-04 1.139069950000000109e+00 8.448217592156986795e-16
1.000000000000000048e-04 1.278050050000000049e+00 7.597754166061587960e-16
1.000000000000000048e-04 1.434000000000000163e+00 6.916994078543388518e-16
1.000000000000000048e-04 1.608979970000000037e+00 5.868722304990566818e-16
1.000000000000000048e-04 1.680000000000000160e+00 5.668548316900548629e-16
1.000000000000000048e-04 1.700000000000000178e+00 5.620804313851965357e-16
1.000000000000000048e-04 1.800000000000000044e+00 5.393713413171610352e-16
1.000000000000000048e-04 1.900000000000000133e+00 5.187689307420486587e-16
1.000000000000000048e-04 2.000000000000000000e+00 5.010840782117023261e-16
1.000000000000000048e-04 2.100000000000000089e+00 4.824331967264739079e-16
1.000000000000000048e-04 2.200000000000000178e+00 4.642972075301706568e-16
1.000000000000000048e-04 2.300000000000000266e+00 4.469210548283391142e-16
1.000000000000000048e-04 2.400000000000000355e+00 4.300169415113040047e-16
1.000000000000000048e-04 2.500000000000000000e+00 4.101919470034665013e-16
1.000000000000000048e-04 2.600000000000000089e+00 3.961017561929387784e-16
1.000000000000000048e-04 2.750000130000000098e+00 3.795237590400532742e-16
1.000000000000000048e-04 3.000000000000000000e+00 3.545607720680033952e-16
1.000000000000000048e-04 3.249999870000000346e+00 3.342417672946815562e-16
1.000000000000000048e-04 3.500000000000000000e+00 3.154058400870821494e-16
1.000000000000000048e-04 3.750000130000000098e+00 2.972109018435238947e-16
1.000000000000000048e-04 4.000000000000000000e+00 2.805492456867940196e-16
1.000000000000000048e-04 4.249999869999999902e+00 2.651041791851383827e-16
1.000000000000000048e-04 4.499999740000000692e+00 2.497251280899872043e-16
1.000000000000000048e-04 4.750000130000000098e+00 2.389336380999710261e-16
1.000000000000000048e-04 5.000000000000000000e+00 2.287157299586253565e-16
1.000000000000000048e-04 5.249999869999999902e+00 2.190494966901638221e-16
1.000000000000000048e-04 5.500000260000000196e+00 2.099187977841043963e-16
1.000000000000000048e-04 5.750000130000000098e+00 2.012360195897060416e-16
1.000000000000000048e-04 6.000000000000000000e+00 1.929474803242731274e-16
1.000000000000000048e-04 6.249999870000000790e+00 1.849633242057931026e-16
1.000000000000000048e-04 6.499999740000000692e+00 1.787942584728300376e-16
1.000000000000000048e-04 6.750000130000000098e+00 1.729413212149959141e-16
1.000000000000000048e-04 7.000000000000000000e+00 1.673532708520710730e-16
1.000000000000000048e-04 7.249999870000000790e+00 1.620269798170124900e-16
1.000000000000000048e-04 7.500000260000000196e+00 1.569640621482444560e-16
1.000000000000000048e-04 7.750000130000000098e+00 1.520947064361515882e-16
1.000000000000000048e-04 8.000000000000000000e+00 1.474646806941115905e-16
1.000000000000000048e-04 8.249999869999999902e+00 1.430225724025439858e-16
1.000000000000000048e-04 8.499999739999999804e+00 1.388240502368596196e-16
1.000000000000000048e-04 8.750000130000000098e+00 1.347130106232570110e-16
1.000000000000000048e-04 8.999999490000000435e+00 1.301672979018554052e-16
1.000000000000000048e-04 9.249999869999999902e+00 1.270942586548321238e-16
1.000000000000000048e-04 9.500000260000000196e+00 1.241299599318571742e-16
1.000000000000000048e-04 9.749999620000000533e+00 1.212771304775877265e-16
1.000000000000000048e-04 1.000000000000000000e+01 1.185253243324533579e-16
1.000000000000000048e-04 1.025000040000000112e+01 1.158724357681374827e-16
1.000000000000000048e-04 1.049999970000000005e+01 1.133127017538532926e-16
1.000000000000000048e-04 1.075000010000000117e+01 1.108458085958593223e-16
1.000000000000000048e-04 1.100000050000000051e+01 1.084725069638275945e-16
1.000000000000000048e-04 1.124999990000000061e+01 1.061795593660139495e-16
1.000000000000000048e-04 1.150000029999999995e+01 1.039778161560374727e-16
1.000000000000000048e-04 1.174999960000000065e+01 1.018587073650673055e-16
1.000000000000000048e-04 1.200000000000000000e+01 9.980555277895429470e-17
1.000000000000000048e-04 1.225000040000000112e+01 9.782162638649298652e-17
1.000000000000000048e-04 1.249999970000000005e+01 9.591619305211712491e-17
1.000000000000000048e-04 1.275000010000000117e+01 9.408901569613660076e-17
1.000000000000000048e-04 1.299999950000000126e+01 9.233567506465790171e-17
1.000000000000000048e-04 1.324999990000000061e+01 9.066157476912111117e-17
1.000000000000000048e-04 1.350000029999999995e+01 8.902774367577694129e-17
1.000000000000000048e-04 1.374999960000000065e+01 8.725094575640628281e-17
1.000000000000000048e-04 1.400000000000000000e+01 8.577953207280527802e-17
1.000000000000000048e-04 1.425000040000000112e+01 8.436161864229417901e-17
1.000000000000000048e-04 1.449999970000000005e+01 8.296622463864915692e-17
1.000000000000000048e-04 1.475000010000000117e+01 8.160603323634601147e-17
1.000000000000000048e-04 1.500000050000000051e+01 8.027197615316566967e-17
1.000000000000000048e-04 1.524999990000000061e+01 7.897462368399379936e-17
1.000000000000000048e-04 1.550000030000000173e+01 7.770443685859075670e-17
1.000000000000000048e-04 1.574999960000000065e+01 7.647114895253313823e-17
1.000000000000000048e-04 1.600000000000000000e+01 7.526380307573845399e-17
1.000000000000000048e-04 1.625000040000000112e+01 7.407932782077691152e-17
1.000000000000000048e-04 1.649999970000000005e+01 7.292180327444730027e-17
1.000000000000000048e-04 1.675000010000000117e+01 7.177884289919969974e-17
1.000000000000000048e-04 1.699999950000000126e+01 7.067996420387622806e-17
1.000000000000000048e-04 1.725000089999999986e+01 6.959436748648782621e-17
1.000000000000000048e-04 1.750000029999999995e+01 6.853977606428427404e-17
1.000000000000000048e-04 1.774999960000000243e+01 6.751071256768917770e-17
1.000000000000000048e-04 1.799999900000000252e+01 6.651819708694532858e-17
1.000000000000000048e-04 1.825000040000000112e+01 6.553122543459212865e-17
1.000000000000000048e-04 1.849999970000000005e+01 6.456333946570127756e-17
1.000000000000000048e-04 1.874999910000000014e+01 6.362660403578610610e-17
1.000000000000000048e-04 1.900000050000000229e+01 6.270561872228923908e-17
1.000000000000000048e-04 1.924999990000000238e+01 6.181257824874565624e-17
1.000000000000000048e-04 1.949999920000000131e+01 6.092808303785833076e-17
1.000000000000000048e-04 1.975000059999999991e+01 6.007217727638515923e-17
1.000000000000000048e-04 2.000000000000000000e+01 5.923596663905838499e-17
4.000000000000000083e-03 0.000000000000000000e+00 6.729247072896228636e-14
4.000000000000000083e-03 1.258929999999999956e-04 6.729247072896228636e-14
4.000000000000000083e-03 1.412539999999999998e-04 6.729247072896228636e-14
4.000000000000000083e-03 1.584890000000000203e-04 6.729247072896228636e-14
4.000000000000000083e-03 1.778280000000000193e-04 6.729247072896228636e-14
4.000000000000000083e-03 1.995270000000000160e-04 6.729247072896228636e-14
4.000000000000000083e-03 2.238730000000000028e-04 6.729247072896228636e-14
4.000000000000000083e-03 2.511890000000000238e-04 6.729247072896228636e-14
4.000000000000000083e-03 2.818390000000000370e-04 6.729247072896228636e-14
4.000000000000000083e-03 3.162290000000000110e-04 6.729247072896228636e-14
4.000000000000000083e-03 3.548150000000000240e-04 6.729247072896228636e-14
4.000000000000000083e-03 3.981090000000000063e-04 6.729247072896228636e-14
4.000000000000000083e-03 4.466860000000000123e-04 6.729247072896228636e-14
4.000000000000000083e-03 5.011899999999999905e-04 6.729247072896228636e-14
4.000000000000000083e-03 5.623439999999999949e-04 6.729247072896228636e-14
4.000000000000000083e-03 6.309610000000000869e-04 6.729247072896228636e-14
4.000000000000000083e-03 7.079500000000000506e-04 6.729247072896228636e-14
4.000000000000000083e-03 7.943340000000000557e-04 6.729247072896228636e-14
4.000000000000000083e-03 8.912570000000000084e-04 6.729247072896228636e-14
4.000000000000000083e-03 1.000000000000000021e-03 6.729247072896228636e-14
4.000000000000000083e-03 1.047130000000000066e-03 6.729247072896228636e-14
4.000000000000000083e-03 1.096480000000000154e-03 6.729247072896228636e-14
4.000000000000000083e-03 1.148150000000000125e-03 6.729247072896228636e-14
4.000000000000000083e-03 1.202260000000000134e-03 6.729247072896228636e-14
4.000000000000000083e-03 1.258930000000000118e-03 6.729247072896228636e-14
4.000000000000000083e-03 1.318260000000000135e-03 6.729247072896228636e-14
4.000000000000000083e-03 1.380380000000000062e-03 6.729247072896228636e-14
4.000000000000000083e-03 1.445440000000000093e-03 6.729247072896228636e-14
4.000000000000000083e-03 1.513560000000000166e-03 6.729247072896228636e-14
4.000000000000000083e-03 1.584890000000000040e-03 6.729247072896228636e-14
4.000000000000000083e-03 1.659590000000000067e-03 6.729247072896228636e-14
4.000000000000000083e-03 1.737800000000000065e-03 6.729247072896228636e-14
4.000000000000000083e-03 1.819700000000000050e-03 6.729247072896228636e-14
4.000000000000000083e-03 1.905460000000000096e-03 6.729247072896228636e-14
4.000000000000000083e-03 1.995260000000000002e-03 6.729247072896228636e-14
4.000000000000000083e-03 2.089290000000000157e-03 6.729247072896228636e-14
4.000000000000000083e-03 2.187759999999999965e-03 6.729247072896228636e-14
4.000000000000000083e-03 2.290869999999999972e-03 6.729247072896228636e-14
4.000000000000000083e-03 2.398830000000000233e-03 6.729247072896228636e-14
4.000000000000000083e-03 2.511880000000000189e-03 1.007526027473940073e-13
4.000000000000000083e-03 2.630270000000000091e-03 1.011288807065423801e-13
4.000000000000000083e-03 2.754230000000000306e-03 1.045147856284238299e-13
4.000000000000000083e-03 2.884030000000000100e-03 1.224739987345397230e-13
4.000000000000000083e-03 3.019949999999999978e-03 1.403030331398162386e-13
4.000000000000000083e-03 3.162270000000000011e-03 1.631291672849589120e-13
4.000000000000000083e-03 3.311310000000000035e-03 1.752605417128677504e-13
4.000000000000000083e-03 3.467360000000000060e-03 1.787207526015397978e-13
4.000000000000000083e-03 3.630780000000000118e-03 1.677099935678686229e-13
4.000000000000000083e-03 3.801890000000000044e-03 1.690413504924583744e-13
4.000000000000000083e-03 3.981070000000000615e-03 1.712950631723563624e-13
4.000000000000000083e-03 4.168690000000000069e-03 1.639230907625137172e-13
4.000000000000000083e-03 4.365149999999999933e-03 1.500837500487872191e-13
4.000000000000000083e-03 4.570880000000000255e-03 1.375035202611033591e-13
4.000000000000000083e-03 4.786290000000000336e-03 1.271384310620467375e-13
4.000000000000000083e-03 5.011859999999999926e-03 1.180388113472206117e-13
4.000000000000000083e-03 5.248070000000000512e-03 1.102242779004595959e-13
4.000000000000000083e-03 5.495400000000000111e-03 1.091792325097417925e-13
4.000000000000000083e-03 5.754390000000000720e-03 1.081539561078573223e-13
4.000000000000000083e-03 6.025590000000000807e-03 1.062098049111979025e-13
4.000000000000000083e-03 6.309560000000000515e-03 1.029341845688350028e-13
4.000000000000000083e-03 6.606920000000000501e-03 9.476929191106509414e-14
4.000000000000000083e-03 6.918300000000000491e-03 8.729647767973237511e-14
4.000000000000000083e-03 7.244350000000000095e-03 8.375248984573981771e-14
4.000000000000000083e-03 7.585760000000000419e-03 7.964773883299378254e-14
4.000000000000000083e-03 7.943270000000000539e-03 7.553923832454545192e-14
4.000000000000000083e-03 8.317620000000001262e-03 7.118208591378664999e-14
4.000000000000000083e-03 8.709620000000001250e-03 6.671972689350647620e-14
4.000000000000000083e-03 9.120090000000000835e-03 6.197594132497465469e-14
4.000000000000000083e-03 9.549900000000000055e-03 5.722510057328194184e-14
4.000000000000000083e-03 9.999980000000000327e-03 5.252186209671526748e-14
4.000000000000000083e-03 1.047130000000000109e-02 4.770145950053939189e-14
4.000000000000000083e-03 1.096480000000000024e-02 4.619668770386532505e-14
4.000000000000000083e-03 1.148150000000000039e-02 4.453187714319190819e-14
4.000000000000000083e-03 1.202260000000000134e-02 4.285127821919044129e-14
4.000000000000000083e-03 1.258920000000000004e-02 4.100784925788358015e-14
4.000000000000000083e-03 1.318250000000000151e-02 3.906787461201645498e-14
4.000000000000000083e-03 1.380380000000000149e-02 3.704888937634050436e-14
4.000000000000000083e-03 1.445440000000000093e-02 3.495425751149214360e-14
4.000000000000000083e-03 1.513560000000000079e-02 3.239941489924473899e-14
4.000000000000000083e-03 1.584890000000000257e-02 3.102811447539170179e-14
4.000000000000000083e-03 1.659580000000000083e-02 2.982373374645669958e-14
4.000000000000000083e-03 1.737800000000000109e-02 2.871677377815061335e-14
4.000000000000000083e-03 1.819700000000000137e-02 2.751150114275378607e-14
4.000000000000000083e-03 1.905460000000000140e-02 2.631610688389235857e-14
4.000000000000000083e-03 1.995260000000000089e-02 2.514914992073595718e-14
4.000000000000000083e-03 2.089290000000000244e-02 2.404977602949569385e-14
4.000000000000000083e-03 2.187760000000000052e-02 2.271413939271318261e-14
4.000000000000000083e-03 2.290860000000000118e-02 2.177264729548373482e-14
4.000000000000000083e-03 2.398830000000000059e-02 2.084122227303980790e-14
4.000000000000000083e-03 2.511880000000000016e-02 1.990256706887632367e-14
4.000000000000000083e-03 2.630260000000000237e-02 1.897280100525782497e-14
4.000000000000000083e-03 2.754220000000000279e-02 1.803924222801790536e-14
4.000000000000000083e-03 2.900000000000000147e-02 1.699886283068537317e-14
4.000000000000000083e-03 3.000000000000000236e-02 1.632133322348589421e-14
4.000000000000000083e-03 3.100000000000000325e-02 1.567030069658623650e-14
4.000000000000000083e-03 3.200000000000000067e-02 1.506145033265310031e-14
4.000000000000000083e-03 3.300000000000000155e-02 1.449961502396528313e-14
4.000000000000000083e-03 3.400000000000000244e-02 1.400540447506393238e-14
4.000000000000000083e-03 3.500000000000000333e-02 1.351778802638252791e-14
4.000000000000000083e-03 3.600000000000000422e-02 1.327016633775654260e-14
4.000000000000000083e-03 3.700000000000000511e-02 1.303638527341766224e-14
4.000000000000000083e-03 3.799999999999999906e-02 1.280338819727615667e-14
4.000000000000000083e-03 3.899999999999999994e-02 1.257690328857112432e-14
4.000000000000000083e-03 4.000000000000000083e-02 1.238180998341762700e-14
4.000000000000000083e-03 4.250000000000000305e-02 1.185188712061551574e-14
4.000000000000000083e-03 4.500000000000000527e-02 1.133982488879331304e-14
4.000000000000000083e-03 4.750000000000000056e-02 1.086766650560032155e-14
4.000000000000000083e-03 5.000000000000000278e-02 1.043680275059682120e-14
4.000000000000000083e-03 5.250000000000000500e-02 1.003412794122007830e-14
4.000000000000000083e-03 5.500000000000000028e-02 9.687834433940055206e-15
4.000000000000000083e-03 5.708800000000000680e-02 9.385332655732990735e-15
4.000000000000000083e-03 6.405380000000000795e-02 8.652122272229093184e-15
4.000000000000000083e-03 7.186960000000000570e-02 7.951420274863786685e-15
4.000000000000000083e-03 8.063900000000000234e-02 7.298418662251191517e-15
4.000000000000000083e-03 9.047849600000000547e-02 6.690828131599997113e-15
4.000000000000000083e-03 1.015180000000000110e-01 6.063187848870578585e-15
4.000000000000000083e-03 1.139060000000000072e-01 5.492895760555019410e-15
4.000000000000000083e-03 1.278040000000000009e-01 5.072141731999988110e-15
4.000000000000000083e-03 1.433990080000000222e-01 4.623353410697880645e-15
4.000000000000000083e-03 1.608960000000000112e-01 4.170453389393167896e-15
4.000000000000000083e-03 1.805289919999999992e-01 3.738281535957468282e-15
4.000000000000000083e-03 2.025569920000000190e-01 3.416200033568105605e-15
4.000000000000000083e-03 2.272720000000000018e-01 3.091350072646153856e-15
4.000000000000000083e-03 2.550040000000000084e-01 2.764296191404307965e-15
4.000000000000000083e-03 2.861190080000000080e-01 2.445980427652176673e-15
4.000000000000000083e-03 3.210310080000000066e-01 2.154507220888702381e-15
4.000000000000000083e-03 3.602030080000000467e-01 1.895235125052961851e-15
4.000000000000000083e-03 4.041539840000000217e-01 1.678075832095253027e-15
4.000000000000000083e-03 4.534689920000000152e-01 1.489794312021762255e-15
4.000000000000000083e-03 5.088009920000000630e-01 1.326876562807449668e-15
4.000000000000000083e-03 5.708839680000000749e-01 1.180488925648533175e-15
4.000000000000000083e-03 6.405429759999999861e-01 1.057445212817706166e-15
4.000000000000000083e-03 7.187009920000000385e-01 9.435664431577172333e-16
4.000000000000000083e-03 8.063960320000000959e-01 8.400939094055693421e-16
4.000000000000000083e-03 9.047920000000000407e-01 7.462141927720610525e-16
4.000000000000000083e-03 1.015190020000000137e+00 6.617243008158471931e-16
4.000000000000000083e-03 1.139069950000000109e+00 6.159492942764701971e-16
4.000000000000000083e-03 1.278050050000000049e+00 5.953824615188725641e-16
4.000000000000000083e-03 1.434000000000000163e+00 4.259361416344848686e-16
4.000000000000000083e-03 1.608979970000000037e+00 3.708743653975503507e-16
4.000000000000000083e-03 1.680000000000000160e+00 3.559030706142122425e-16
4.000000000000000083e-03 1.700000000000000178e+00 3.517075077762545578e-16
4.000000000000000083e-03 1.800000000000000044e+00 3.311039620431584941e-16
4.000000000000000083e-03 1.900000000000000133e+00 3.115882080058396294e-16
4.000000000000000083e-03 2.000000000000000000e+00 2.921829105366283653e-16
4.000000000000000083e-03 2.100000000000000089e+00 2.736564402027613559e-16
4.000000000000000083e-03 2.200000000000000178e+00 2.593517939721811320e-16
4.000000000000000083e-03 2.300000000000000266e+00 2.493500478040544948e-16
4.000000000000000083e-03 2.400000000000000355e+00 2.422262466538724560e-16
4.000000000000000083e-03 2.500000000000000000e+00 2.355250193913272145e-16
4.000000000000000083e-03 2.600000000000000089e+00 2.268383403565286514e-16
4.000000000000000083e-03 2.750000130000000098e+00 2.135076990767869736e-16
4.000000000000000083e-03 3.000000000000000000e+00 1.956806996250573983e-16
4.000000000000000083e-03 3.249999870000000346e+00 1.746843239215146025e-16
4.000000000000000083e-03 3.500000000000000000e+00 1.607614891711394353e-16
4.000000000000000083e-03 3.750000130000000098e+00 1.505055648157158201e-16
4.000000000000000083e-03 4.000000000000000000e+00 1.412531857373109366e-16
4.000000000000000083e-03 4.249999869999999902e+00 1.326676988070660888e-16
4.000000000000000083e-03 4.499999740000000692e+00 1.253042738675512247e-16
4.000000000000000083e-03 4.750000130000000098e+00 1.195221446556610078e-16
4.000000000000000083e-03 5.000000000000000000e+00 1.142773049891840980e-16
4.000000000000000083e-03 5.249999869999999902e+00 1.094384454091345298e-16
4.000000000000000083e-03 5.500000260000000196e+00 1.049292769172797330e-16
4.000000000000000083e-03 5.750000130000000098e+00 1.006839211852328312e-16
4.000000000000000083e-03 6.000000000000000000e+00 9.717230711503100993e-17
4.000000000000000083e-03 6.249999870000000790e+00 9.378463297143938359e-17
4.000000000000000083e-03 6.499999740000000692e+00 9.043584932418951019e-17
4.000000000000000083e-03 6.750000130000000098e+00 8.733124490837745807e-17
4.000000000000000083e-03 7.000000000000000000e+00 8.438158689729370246e-17
4.000000000000000083e-03 7.249999870000000790e+00 8.161521425830698074e-17
4.000000000000000083e-03 7.500000260000000196e+00 7.902742280346867157e-17
4.000000000000000083e-03 7.750000130000000098e+00 7.655632895352372323e-17
4.000000000000000083e-03 8.000000000000000000e+00 7.421468170237566062e-17
4.000000000000000083e-03 8.249999869999999902e+00 7.196298565316965069e-17
4.000000000000000083e-03 8.499999739999999804e+00 6.944732752325593987e-17
4.000000000000000083e-03 8.750000130000000098e+00 6.741759371908729804e-17
4.000000000000000083e-03 8.999999490000000435e+00 6.562365649306530297e-17
4.000000000000000083e-03 9.249999869999999902e+00 6.389798288180315004e-17
4.000000000000000083e-03 9.500000260000000196e+00 6.223650379423338092e-17
4.000000000000000083e-03 9.749999620000000533e+00 6.064846532644258860e-17
4.000000000000000083e-03 1.000000000000000000e+01 5.912601941590719643e-17
4.000000000000000083e-03 1.025000040000000112e+01 5.765113631051018221e-17
4.000000000000000083e-03 1.049999970000000005e+01 5.625383370344626307e-17
4.000000000000000083e-03 1.075000010000000117e+01 5.491695543648545354e-17
4.000000000000000083e-03 1.100000050000000051e+01 5.363364309102580626e-17
4.000000000000000083e-03 1.124999990000000061e+01 5.240634828106792908e-17
4.000000000000000083e-03 1.150000029999999995e+01 5.123071105534146336e-17
4.000000000000000083e-03 1.174999960000000065e+01 5.009550778414844215e-17
4.000000000000000083e-03 1.200000000000000000e+01 4.901388209478645754e-17
4.000000000000000083e-03 1.225000040000000112e+01 4.797312219646118716e-17
4.000000000000000083e-03 1.249999970000000005e+01 4.697666053061611295e-17
4.000000000000000083e-03 1.275000010000000117e+01 4.617253142196073230e-17
4.000000000000000083e-03 1.299999950000000126e+01 4.549669038848690746e-17
4.000000000000000083e-03 1.324999990000000061e+01 4.482517277552232957e-17
4.000000000000000083e-03 1.350000029999999995e+01 4.418101946475968037e-17
4.000000000000000083e-03 1.374999960000000065e+01 4.354401030894864067e-17
4.000000000000000083e-03 1.400000000000000000e+01 4.291603291937410099e-17
4.000000000000000083e-03 1.425000040000000112e+01 4.231852807597694446e-17
4.000000000000000083e-03 1.449999970000000005e+01 4.171972821520807751e-17
4.000000000000000083e-03 1.475000010000000117e+01 4.114040860578474052e-17
4.000000000000000083e-03 1.500000050000000051e+01 4.057660797767700765e-17
4.000000000000000083e-03 1.524999990000000061e+01 4.001639912003671886e-17
4.000000000000000083e-03 1.550000030000000173e+01 3.947498019662905991e-17
4.000000000000000083e-03 1.574999960000000065e+01 3.893731245817821950e-17
4.000000000000000083e-03 1.600000000000000000e+01 3.841364092722124932e-17
4.000000000000000083e-03 1.625000040000000112e+01 3.790675115843277506e-17
4.000000000000000083e-03 1.649999970000000005e+01 3.740705454319842083e-17
4.000000000000000083e-03 1.675000010000000117e+01 3.692057424951893936e-17
4.000000000000000083e-03 1.699999950000000126e+01 3.644158471922034810e-17
4.000000000000000083e-03 1.725000089999999986e+01 3.597218339280547400e-17
4.000000000000000083e-03 1.750000029999999995e+01 3.551187228097843199e-17
4.000000000000000083e-03 1.774999960000000243e+01 3.507090158411260716e-17
4.000000000000000083e-03 1.799999900000000252e+01 3.462670829844949973e-17
4.000000000000000083e-03 1.825000040000000112e+01 3.419666489626293836e-17
4.000000000000000083e-03 1.849999970000000005e+01 3.378002098531881273e-17
4.000000000000000083e-03 1.874999910000000014e+01 3.337835410348086805e-17
4.000000000000000083e-03 1.900000050000000229e+01 3.297033416181582936e-17
4.000000000000000083e-03 1.924999990000000238e+01 3.258323704280359553e-17
4.000000000000000083e-03 1.949999920000000131e+01 3.220491663114244860e-17
4.000000000000000083e-03 1.975000059999999991e+01 3.181205833210498926e-17
4.000000000000000083e-03 2.000000000000000000e+01 3.143807205358892107e-17
2.000000000000000042e-02 0.000000000000000000e+00 9.242114314221869797e-14
2.000000000000000042e-02 1.258929999999999956e-04 9.242114314221869797e-14
2.000000000000000042e-02 1.412539999999999998e-04 9.242114314221869797e-14
2.000000000000000042e-02 1.584890000000000203e-04 9.242114314221869797e-14
2.000000000000000042e-02 1.778280000000000193e-04 9.242114314221869797e-14
2.000000000000000042e-02 1.995270000000000160e-04 9.242114314221869797e-14
2.000000000000000042e-02 2.238730000000000028e-04 9.242114314221869797e-14
2.000000000000000042e-02 2.511890000000000238e-04 9.242114314221869797e-14
2.000000000000000042e-02 2.818390000000000370e-04 9.242114314221869797e-14
2.000000000000000042e-02 3.162290000000000110e-04 9.242114314221869797e-14
2.000000000000000042e-02 3.548150000000000240e-04 9.242114314221869797e-14
2.000000000000000042e-02 3.981090000000000063e-04 9.242114314221869797e-14
2.000000000000000042e-02 4.466860000000000123e-04 9.242114314221869797e-14
2.000000000000000042e-02 5.011899999999999905e-04 9.242114314221869797e-14
2.000000000000000042e-02 5.623439999999999949e-04 9.242114314221869797e-14
2.000000000000000042e-02 6.309610000000000869e-04 9.242114314221869797e-14
2.000000000000000042e-02 7.079500000000000506e-04 9.242114314221869797e-14
2.000000000000000042e-02 7.943340000000000557e-04 9.242114314221869797e-14
2.000000000000000042e-02 8.912570000000000084e-04 9.242114314221869797e-14
2.000000000000000042e-02 1.000000000000000021e-03 1.177636823346741265e-13
2.000000000000000042e-02 1.047130000000000066e-03 1.176276325691483220e-13
2.000000000000000042e-02 1.096480000000000154e-03 1.174196983395636341e-13
2.000000000000000042e-02 1.148150000000000125e-03 1.175159702135985613e-13
2.000000000000000042e-02 1.202260000000000134e-03 1.176347343832558333e-13
2.000000000000000042e-02 1.258930000000000118e-03 1.178607836416338949e-13
2.000000000000000042e-02 1.318260000000000135e-03 1.168631273532511233e-13
2.000000000000000042e-02 1.380380000000000062e-03 1.173887735619756536e-13
2.000000000000000042e-02 1.445440000000000093e-03 1.178028465896139700e-13
2.000000000000000042e-02 1.513560000000000166e-03 1.180991734077472454e-13
2.000000000000000042e-02 1.584890000000000040e-03 1.182731553252162043e-13
2.000000000000000042e-02 1.659590000000000067e-03 1.151595440503082901e-13
2.000000000000000042e-02 1.737800000000000065e-03 1.215912902082549092e-13
2.000000000000000042e-02 1.819700000000000050e-03 1.177910735736425335e-13
2.000000000000000042e-02 1.905460000000000096e-03 1.137395184879015351e-13
2.000000000000000042e-02 1.995260000000000002e-03 1.094186362724636411e-13
2.000000000000000042e-02 2.089290000000000157e-03 1.204083134350979700e-13
2.000000000000000042e-02 2.187759999999999965e-03 1.145329050246357030e-13
2.000000000000000042e-02 2.290869999999999972e-03 1.223070906810717763e-13
2.000000000000000042e-02 2.398830000000000233e-03 1.135678119652200742e-13
2.000000000000000042e-02 2.511880000000000189e-03 1.506777572350189695e-13
2.000000000000000042e-02 2.630270000000000091e-03 1.337870470433776676e-13
2.000000000000000042e-02 2.754230000000000306e-03 1.506682369555398865e-13
2.000000000000000042e-02 2.884030000000000100e-03 1.129158262266401109e-13
2.000000000000000042e-02 3.019949999999999978e-03 2.012128592709187954e-13
2.000000000000000042e-02 3.162270000000000011e-03 2.028988562147905704e-13
2.000000000000000042e-02 3.311310000000000035e-03 2.011783521040493659e-13
2.000000000000000042e-02 3.467360000000000060e-03 1.949726480044492301e-13
2.000000000000000042e-02 3.630780000000000118e-03 1.865234254460023466e-13
2.000000000000000042e-02 3.801890000000000044e-03 1.819501878879777768e-13
2.000000000000000042e-02 3.981070000000000615e-03 1.759322667080447909e-13
2.000000000000000042e-02 4.168690000000000069e-03 1.693911107782536798e-13
2.000000000000000042e-02 4.365149999999999933e-03 1.592706868197499236e-13
2.000000000000000042e-02 4.570880000000000255e-03 1.467081881974059777e-13
2.000000000000000042e-02 4.786290000000000336e-03 1.411763464995281057e-13
2.000000000000000042e-02 5.011859999999999926e-03 1.363145197438423448e-13
2.000000000000000042e-02 5.248070000000000512e-03 1.346326231786156193e-13
2.000000000000000042e-02 5.495400000000000111e-03 1.319318306630556001e-13
2.000000000000000042e-02 5.754390000000000720e-03 1.279242169135089026e-13
2.000000000000000042e-02 6.025590000000000807e-03 1.209487523712428161e-13
2.000000000000000042e-02 6.309560000000000515e-03 1.106735128081901767e-13
2.000000000000000042e-02 6.606920000000000501e-03 1.040810498251899351e-13
2.000000000000000042e-02 6.918300000000000491e-03 9.707258166359424181e-14
2.000000000000000042e-02 7.244350000000000095e-03 8.945547459647209300e-14
2.000000000000000042e-02 7.585760000000000419e-03 8.131710770343542075e-14
2.000000000000000042e-02 7.943270000000000539e-03 7.240019766288815721e-14
2.000000000000000042e-02 8.317620000000001262e-03 6.302391878642454375e-14
2.000000000000000042e-02 8.709620000000001250e-03 5.421669925128740299e-14
2.000000000000000042e-02 9.120090000000000835e-03 4.978899585649082111e-14
2.000000000000000042e-02 9.549900000000000055e-03 4.825780500429714469e-14
2.000000000000000042e-02 9.999980000000000327e-03 4.666724468768385443e-14
2.000000000000000042e-02 1.047130000000000109e-02 4.489802762790687436e-14
2.000000000000000042e-02 1.096480000000000024e-02 4.315369189604444847e-14
2.000000000000000042e-02 1.148150000000000039e-02 4.116142022880908170e-14
2.000000000000000042e-02 1.202260000000000134e-02 3.913472095959298095e-14
2.000000000000000042e-02 1.258920000000000004e-02 3.709599316041888174e-14
2.000000000000000042e-02 1.318250000000000151e-02 3.505529133215431432e-14
2.000000000000000042e-02 1.380380000000000149e-02 3.336630079424813520e-14
2.000000000000000042e-02 1.445440000000000093e-02 3.171274121559677411e-14
2.000000000000000042e-02 1.513560000000000079e-02 3.004181139505235225e-14
2.000000000000000042e-02 1.584890000000000257e-02 2.847763189507627348e-14
2.000000000000000042e-02 1.659580000000000083e-02 2.689863851736329855e-14
2.000000000000000042e-02 1.737800000000000109e-02 2.534762492654004087e-14
2.000000000000000042e-02 1.819700000000000137e-02 2.404422183623480921e-14
2.000000000000000042e-02 1.905460000000000140e-02 2.307797459212891287e-14
2.000000000000000042e-02 1.995260000000000089e-02 2.223370654334978303e-14
2.000000000000000042e-02 2.089290000000000244e-02 2.138904730893856599e-14
2.000000000000000042e-02 2.187760000000000052e-02 2.053119912872840254e-14
2.000000000000000042e-02 2.290860000000000118e-02 1.969344636346578191e-14
2.000000000000000042e-02 2.398830000000000059e-02 1.885942033224090438e-14
2.000000000000000042e-02 2.511880000000000016e-02 1.804825952936613648e-14
2.000000000000000042e-02 2.630260000000000237e-02 1.725909029581823584e-14
2.000000000000000042e-02 2.754220000000000279e-02 1.648704087964293988e-14
2.000000000000000042e-02 2.900000000000000147e-02 1.572578505074517023e-14
2.000000000000000042e-02 3.000000000000000236e-02 1.521307978547188311e-14
2.000000000000000042e-02 3.100000000000000325e-02 1.483365980458425271e-14
2.000000000000000042e-02 3.200000000000000067e-02 1.445608605407167569e-14
2.000000000000000042e-02 3.300000000000000155e-02 1.412790721110895241e-14
2.000000000000000042e-02 3.400000000000000244e-02 1.381125419111270071e-14
2.000000000000000042e-02 3.500000000000000333e-02 1.349925907104432734e-14
2.000000000000000042e-02 3.600000000000000422e-02 1.319518706435124028e-14
2.000000000000000042e-02 3.700000000000000511e-02 1.289685206253847012e-14
2.000000000000000042e-02 3.799999999999999906e-02 1.261298328169219056e-14
2.000000000000000042e-02 3.899999999999999994e-02 1.233210850829066484e-14
2.000000000000000042e-02 4.000000000000000083e-02 1.206533843933363265e-14
2.000000000000000042e-02 4.250000000000000305e-02 1.140539032888342308e-14
2.000000000000000042e-02 4.500000000000000527e-02 1.079861507704790937e-14
2.000000000000000042e-02 4.750000000000000056e-02 1.024299609364939450e-14
2.000000000000000042e-02 5.000000000000000278e-02 9.743295525605449557e-15
2.000000000000000042e-02 5.250000000000000500e-02 9.336655807056339210e-15
2.000000000000000042e-02 5.500000000000000028e-02 8.991587722216272619e-15
2.000000000000000042e-02 5.708800000000000680e-02 8.712220351292958141e-15
2.000000000000000042e-02 6.405380000000000795e-02 7.840086736718089114e-15
2.000000000000000042e-02 7.186960000000000570e-02 7.030428986590313924e-15
2.000000000000000042e-02 8.063900000000000234e-02 6.384881590549380323e-15
2.000000000000000042e-02 9.047849600000000547e-02 5.748463364597881819e-15
2.000000000000000042e-02 1.015180000000000110e-01 5.145142849257816883e-15
2.000000000000000042e-02 1.139060000000000072e-01 4.622144695776280690e-15
2.000000000000000042e-02 1.278040000000000009e-01 4.151429269405176618e-15
2.000000000000000042e-02 1.433990080000000222e-01 3.693148675482620281e-15
2.000000000000000042e-02 1.608960000000000112e-01 3.264210124440192177e-15
2.000000000000000042e-02 1.805289919999999992e-01 2.901156209120290603e-15
2.000000000000000042e-02 2.025569920000000190e-01 2.576477232928803602e-15
2.000000000000000042e-02 2.272720000000000018e-01 2.278710177079835595e-15
2.000000000000000042e-02 2.550040000000000084e-01 1.985626561747185808e-15
2.000000000000000042e-02 2.861190080000000080e-01 1.713093799916899126e-15
2.000000000000000042e-02 3.210310080000000066e-01 1.470769333864761272e-15
2.000000000000000042e-02 3.602030080000000467e-01 1.275939699681650485e-15
2.000000000000000042e-02 4.041539840000000217e-01 1.121129689576989110e-15
2.000000000000000042e-02 4.534689920000000152e-01 9.764133430559408619e-16
2.000000000000000042e-02 5.088009920000000630e-01 8.441317809400489053e-16
2.000000000000000042e-02 5.708839680000000749e-01 7.347058401330334248e-16
2.000000000000000042e-02 6.405429759999999861e-01 6.423611004304288859e-16
2.000000000000000042e-02 7.187009920000000385e-01 5.633828990807043622e-16
2.000000000000000042e-02 8.063960320000000959e-01 4.941838460501805202e-16
2.000000000000000042e-02 9.047920000000000407e-01 4.355962107920497375e-16
2.000000000000000042e-02 1.015190020000000137e+00 3.861595088153235374e-16
2.000000000000000042e-02 1.139069950000000109e+00 3.443067336494609242e-16
2.000000000000000042e-02 1.278050050000000049e+00 2.846822027330636011e-16
2.000000000000000042e-02 1.434000000000000163e+00 2.451311200156762409e-16
2.000000000000000042e-02 1.608979970000000037e+00 2.120432926004568895e-16
2.000000000000000042e-02 1.680000000000000160e+00 2.007098401109173593e-16
2.000000000000000042e-02 1.700000000000000178e+00 1.975797755885008987e-16
2.000000000000000042e-02 1.800000000000000044e+00 1.836883768015147267e-16
2.000000000000000042e-02 1.900000000000000133e+00 1.714657449748307573e-16
2.000000000000000042e-02 2.000000000000000000e+00 1.603924322137386329e-16
2.000000000000000042e-02 2.100000000000000089e+00 1.505933105033530563e-16
2.000000000000000042e-02 2.200000000000000178e+00 1.416647100929180854e-16
2.000000000000000042e-02 2.300000000000000266e+00 1.331191095338431527e-16
2.000000000000000042e-02 2.400000000000000355e+00 1.252460458640170258e-16
2.000000000000000042e-02 2.500000000000000000e+00 1.187252623451484271e-16
2.000000000000000042e-02 2.600000000000000089e+00 1.153727908038591772e-16
2.000000000000000042e-02 2.750000130000000098e+00 1.085790085000650759e-16
2.000000000000000042e-02 3.000000000000000000e+00 9.315313682160819025e-17
2.000000000000000042e-02 3.249999870000000346e+00 8.589396597558285406e-17
2.000000000000000042e-02 3.500000000000000000e+00 7.923897520668395474e-17
2.000000000000000042e-02 3.750000130000000098e+00 7.304698557314247727e-17
2.000000000000000042e-02 4.000000000000000000e+00 6.833176895160557749e-17
2.000000000000000042e-02 4.249999869999999902e+00 6.414606852199725563e-17
2.000000000000000042e-02 4.499999740000000692e+00 6.026192939061356865e-17
2.000000000000000042e-02 4.750000130000000098e+00 5.665757174791774844e-17
2.000000000000000042e-02 5.000000000000000000e+00 5.379615437799162798e-17
2.000000000000000042e-02 5.249999869999999902e+00 5.123303571652478060e-17
2.000000000000000042e-02 5.500000260000000196e+00 4.891839031496142652e-17
2.000000000000000042e-02 5.750000130000000098e+00 4.675378467675420268e-17
2.000000000000000042e-02 6.000000000000000000e+00 4.473565413832932897e-17
2.000000000000000042e-02 6.249999870000000790e+00 4.279095325613710817e-17
2.000000000000000042e-02 6.499999740000000692e+00 4.107771996232583750e-17
2.000000000000000042e-02 6.750000130000000098e+00 3.955106970647128034e-17
2.000000000000000042e-02 7.000000000000000000e+00 3.806745936408038074e-17
2.000000000000000042e-02 7.249999870000000790e+00 3.668410998848537185e-17
2.000000000000000042e-02 7.500000260000000196e+00 3.531927147965334262e-17
2.000000000000000042e-02 7.750000130000000098e+00 3.400215465455451666e-17
2.000000000000000042e-02 8.000000000000000000e+00 3.276851962677642311e-17
2.000000000000000042e-02 8.249999869999999902e+00 3.156675158379584874e-17
2.000000000000000042e-02 8.499999739999999804e+00 3.044775232191111767e-17
2.000000000000000042e-02 8.750000130000000098e+00 2.939051100669095501e-17
2.000000000000000042e-02 8.999999490000000435e+00 2.838319723401037213e-17
2.000000000000000042e-02 9.249999869999999902e+00 2.742593192140927738e-17
2.000000000000000042e-02 9.500000260000000196e+00 2.651247786966639155e-17
2.000000000000000042e-02 9.749999620000000533e+00 2.569194804059871346e-17
2.000000000000000042e-02 1.000000000000000000e+01 2.489926970615501712e-17
2.000000000000000042e-02 1.025000040000000112e+01 2.414712592274641357e-17
2.000000000000000042e-02 1.049999970000000005e+01 2.344455265819571780e-17
2.000000000000000042e-02 1.075000010000000117e+01 2.277661627245211185e-17
2.000000000000000042e-02 1.100000050000000051e+01 2.217332249271384447e-17
2.000000000000000042e-02 1.124999990000000061e+01 2.156625307047237013e-17
2.000000000000000042e-02 1.150000029999999995e+01 2.101340754749712523e-17
2.000000000000000042e-02 1.174999960000000065e+01 2.044709138108236157e-17
2.000000000000000042e-02 1.200000000000000000e+01 1.994810357811167565e-17
2.000000000000000042e-02 1.225000040000000112e+01 1.942332796488470027e-17
2.000000000000000042e-02 1.249999970000000005e+01 1.889955773218730599e-17
2.000000000000000042e-02 1.275000010000000117e+01 1.843685421915011874e-17
2.000000000000000042e-02 1.299999950000000126e+01 1.802143541164199099e-17
2.000000000000000042e-02 1.324999990000000061e+01 1.762066996375556054e-17
2.000000000000000042e-02 1.350000029999999995e+01 1.723241220380045956e-17
2.000000000000000042e-02 1.374999960000000065e+01 1.685079224384900736e-17
2.000000000000000042e-02 1.400000000000000000e+01 1.648693566308440897e-17
2.000000000000000042e-02 1.425000040000000112e+01 1.612585546912236407e-17
2.000000000000000042e-02 1.449999970000000005e+01 1.578224783293513951e-17
2.000000000000000042e-02 1.475000010000000117e+01 1.545203264070372496e-17
2.000000000000000042e-02 1.500000050000000051e+01 1.512645323367630667e-17
2.000000000000000042e-02 1.524999990000000061e+01 1.482338637018743342e-17
2.000000000000000042e-02 1.550000030000000173e+01 1.452244614990531933e-17
2.000000000000000042e-02 1.574999960000000065e+01 1.423875457348664880e-17
2.000000000000000042e-02 1.600000000000000000e+01 1.395859148456611754e-17
2.000000000000000042e-02 1.625000040000000112e+01 1.369754518560024258e-17
2.000000000000000042e-02 1.649999970000000005e+01 1.343477308672085177e-17
2.000000000000000042e-02 1.675000010000000117e+01 1.319555672744601069e-17
2.000000000000000042e-02 1.699999950000000126e+01 1.295075873973999666e-17
2.000000000000000042e-02 1.725000089999999986e+01 1.271911035365374719e-17
2.000000000000000042e-02 1.750000029999999995e+01 1.249811267343151589e-17
2.000000000000000042e-02 1.774999960000000243e+01 1.228609517121621417e-17
2.000000000000000042e-02 1.799999900000000252e+01 1.207128866469180860e-17
2.000000000000000042e-02 1.825000040000000112e+01 1.186380514930770109e-17
2.000000000000000042e-02 1.849999970000000005e+01 1.167301600322867143e-17
2.000000000000000042e-02 1.874999910000000014e+01 1.148946552038250899e-17
2.000000000000000042e-02 1.900000050000000229e+01 1.134828955657746894e-17
2.000000000000000042e-02 1.924999990000000238e+01 1.117750879894149832e-17
2.000000000000000042e-02 1.949999920000000131e+01 1.102546109413963380e-17
2.000000000000000042e-02 1.975000059999999991e+01 1.086380449235635156e-17
2.000000000000000042e-02 2.000000000000000000e+01 1.071861778387852320e-17
