4.000000000000000192e-04 0.000000000000000000e+00 8.556461834774012521e-15
4.000000000000000192e-04 1.258929999999999956e-04 8.556461834774012521e-15
4.000000000000000192e-04 1.412539999999999998e-04 8.556461834774012521e-15
4.000000000000000192e-04 1.584890000000000203e-04 8.556461834774012521e-15
4.000000000000000192e-04 1.778280000000000193e-04 8.556461834774012521e-15
4.000000000000000192e-04 1.995270000000000160e-04 8.556461834774012521e-15
4.000000000000000192e-04 2.238730000000000028e-04 8.556461834774012521e-15
4.000000000000000192e-04 2.511890000000000238e-04 8.556461834774012521e-15
4.000000000000000192e-04 2.818390000000000370e-04 8.556461834774012521e-15
4.000000000000000192e-04 3.162290000000000110e-04 8.556461834774012521e-15
4.000000000000000192e-04 3.548150000000000240e-04 8.556461834774012521e-15
4.000000000000000192e-04 3.981090000000000063e-04 8.556461834774012521e-15
4.000000000000000192e-04 4.466860000000000123e-04 8.556461834774012521e-15
4.000000000000000192e-04 5.011899999999999905e-04 8.556461834774012521e-15
4.000000000000000192e-04 5.623439999999999949e-04 8.556461834774012521e-15
4.000000000000000192e-04 6.309610000000000869e-04 8.556461834774012521e-15
4.000000000000000192e-04 7.079500000000000506e-04 8.556461834774012521e-15
4.000000000000000192e-04 7.943340000000000557e-04 8.556461834774012521e-15
4.000000000000000192e-04 8.912570000000000084e-04 8.556461834774012521e-15
4.000000000000000192e-04 1.000000000000000021e-03 8.556461834774012521e-15
4.000000000000000192e-04 1.047130000000000066e-03 8.556461834774012521e-15
4.000000000000000192e-04 1.096480000000000154e-03 8.556461834774012521e-15
4.000000000000000192e-04 1.148150000000000125e-03 8.556461834774012521e-15
4.000000000000000192e-04 1.202260000000000134e-03 8.556461834774012521e-15
4.000000000000000192e-04 1.258930000000000118e-03 8.556461834774012521e-15
4.000000000000000192e-04 1.318260000000000135e-03 8.556461834774012521e-15
4.000000000000000192e-04 1.380380000000000062e-03 8.556461834774012521e-15
4.000000000000000192e-04 1.445440000000000093e-03 8.556461834774012521e-15
4.000000000000000192e-04 1.513560000000000166e-03 8.659738997633777755e-15
4.000000000000000192e-04 1.584890000000000040e-03 8.298698500184182462e-15
4.000000000000000192e-04 1.659590000000000067e-03 7.949294104365080854e-15
4.000000000000000192e-04 1.737800000000000065e-03 7.613933142580366069e-15
4.000000000000000192e-04 1.819700000000000050e-03 7.295344109154339516e-15
4.000000000000000192e-04 1.905460000000000096e-03 8.451962977707415236e-15
4.000000000000000192e-04 1.995260000000000002e-03 7.788219349936616098e-15
4.000000000000000192e-04 2.089290000000000157e-03 9.313219368860641503e-15
4.000000000000000192e-04 2.187759999999999965e-03 8.143664882096413821e-15
4.000000000000000192e-04 2.290869999999999972e-03 8.773383964671621525e-15
4.000000000000000192e-04 2.398830000000000233e-03 7.609424524729481132e-15
4.000000000000000192e-04 2.511880000000000189e-03 7.223248143643060950e-15
4.000000000000000192e-04 2.630270000000000091e-03 8.484436533683273710e-15
4.000000000000000192e-04 2.754230000000000306e-03 1.342639647868526199e-14
4.000000000000000192e-04 2.884030000000000100e-03 2.106713843699661689e-14
4.000000000000000192e-04 3.019949999999999978e-03 3.642286289979869832e-14
4.000000000000000192e-04 3.162270000000000011e-03 6.919395669019982689e-14
4.000000000000000192e-04 3.311310000000000035e-03 8.275231580996969393e-14
4.000000000000000192e-04 3.467360000000000060e-03 9.379519755681444256e-14
4.000000000000000192e-04 3.630780000000000118e-03 1.025589406695789600e-13
4.000000000000000192e-04 3.801890000000000044e-03 1.026587343597985395e-13
4.000000000000000192e-04 3.981070000000000615e-03 9.357333755260057083e-14
4.000000000000000192e-04 4.168690000000000069e-03 8.834418473599581114e-14
4.000000000000000192e-04 4.365149999999999933e-03 6.655992532602125860e-14
4.000000000000000192e-04 4.570880000000000255e-03 5.486724976593325671e-14
4.000000000000000192e-04 4.786290000000000336e-03 4.368233510144626193e-14
4.000000000000000192e-04 5.011859999999999926e-03 3.356009469693695698e-14
4.000000000000000192e-04 5.248070000000000512e-03 2.507697895908611103e-14
4.000000000000000192e-04 5.495400000000000111e-03 1.847997946572745625e-14
4.000000000000000192e-04 5.754390000000000720e-03 1.778472203630787185e-14
4.000000000000000192e-04 6.025590000000000807e-03 1.689738218594566403e-14
4.000000000000000192e-04 6.309560000000000515e-03 1.578216745727631996e-14
4.000000000000000192e-04 6.606920000000000501e-03 1.433569382245112114e-14
4.000000000000000192e-04 6.918300000000000491e-03 1.231263516567214550e-14
4.000000000000000192e-04 7.244350000000000095e-03 1.226517992657240830e-14
4.000000000000000192e-04 7.585760000000000419e-03 1.217387874385874541e-14
4.000000000000000192e-04 7.943270000000000539e-03 1.202923514494762426e-14
4.000000000000000192e-04 8.317620000000001262e-03 1.183429588595222038e-14
4.000000000000000192e-04 8.709620000000001250e-03 1.158201014804363344e-14
4.000000000000000192e-04 9.120090000000000835e-03 1.124781626355412258e-14
4.000000000000000192e-04 9.549900000000000055e-03 1.084247679921669268e-14
4.000000000000000192e-04 9.999980000000000327e-03 1.031476483737795051e-14
4.000000000000000192e-04 1.047130000000000109e-02 1.044036993751840816e-14
4.000000000000000192e-04 1.096480000000000024e-02 1.127664784509359709e-14
4.000000000000000192e-04 1.148150000000000039e-02 1.246138242691396521e-14
4.000000000000000192e-04 1.202260000000000134e-02 1.349842960797403755e-14
4.000000000000000192e-04 1.258920000000000004e-02 1.436833992578075566e-14
4.000000000000000192e-04 1.318250000000000151e-02 1.501054544003702929e-14
4.000000000000000192e-04 1.380380000000000149e-02 1.540125239427182962e-14
4.000000000000000192e-04 1.445440000000000093e-02 1.550488045790521017e-14
4.000000000000000192e-04 1.513560000000000079e-02 1.490335345146983606e-14
4.000000000000000192e-04 1.584890000000000257e-02 1.448751689651339154e-14
4.000000000000000192e-04 1.659580000000000083e-02 1.441694200829238432e-14
4.000000000000000192e-04 1.737800000000000109e-02 1.429205123032217687e-14
4.000000000000000192e-04 1.819700000000000137e-02 1.413122337658211446e-14
4.000000000000000192e-04 1.905460000000000140e-02 1.388282075772121445e-14
4.000000000000000192e-04 1.995260000000000089e-02 1.356089256849884945e-14
4.000000000000000192e-04 2.089290000000000244e-02 1.269737469189897735e-14
4.000000000000000192e-04 2.187760000000000052e-02 1.248588358149127233e-14
4.000000000000000192e-04 2.290860000000000118e-02 1.261061371586308812e-14
4.000000000000000192e-04 2.398830000000000059e-02 1.269622505106733051e-14
4.000000000000000192e-04 2.511880000000000016e-02 1.273674810381620267e-14
4.000000000000000192e-04 2.630260000000000237e-02 1.272967607229281763e-14
4.000000000000000192e-04 2.754220000000000279e-02 1.266909326925674348e-14
4.000000000000000192e-04 2.900000000000000147e-02 1.253074524728453212e-14
4.000000000000000192e-04 3.000000000000000236e-02 1.239513600497677004e-14
4.000000000000000192e-04 3.100000000000000325e-02 1.222786769816223735e-14
4.000000000000000192e-04 3.200000000000000067e-02 1.202979349779360924e-14
4.000000000000000192e-04 3.300000000000000155e-02 1.163619171693987991e-14
4.000000000000000192e-04 3.400000000000000244e-02 1.149566327388100132e-14
4.000000000000000192e-04 3.500000000000000333e-02 1.132914334397929713e-14
4.000000000000000192e-04 3.600000000000000422e-02 1.128755819235249788e-14
4.000000000000000192e-04 3.700000000000000511e-02 1.123472857045492869e-14
4.000000000000000192e-04 3.799999999999999906e-02 1.117045700604116725e-14
4.000000000000000192e-04 3.899999999999999994e-02 1.109588351413400597e-14
4.000000000000000192e-04 4.000000000000000083e-02 1.101044489520774475e-14
4.000000000000000192e-04 4.250000000000000305e-02 1.075062497756505246e-14
4.000000000000000192e-04 4.500000000000000527e-02 1.042976221415454039e-14
4.000000000000000192e-04 4.750000000000000056e-02 1.005091298384171959e-14
4.000000000000000192e-04 5.000000000000000278e-02 9.538264399929966210e-15
4.000000000000000192e-04 5.250000000000000500e-02 9.146900179444448215e-15
4.000000000000000192e-04 5.500000000000000028e-02 8.938709437980774588e-15
4.000000000000000192e-04 5.708800000000000680e-02 8.877487743285119958e-15
4.000000000000000192e-04 6.405380000000000795e-02 8.510527697337671246e-15
4.000000000000000192e-04 7.186960000000000570e-02 8.200548216106592612e-15
4.000000000000000192e-04 8.063900000000000234e-02 8.082276192112822683e-15
4.000000000000000192e-04 9.047849600000000547e-02 7.754835962343926970e-15
4.000000000000000192e-04 1.015180000000000110e-01 7.265702364248425471e-15
4.000000000000000192e-04 1.139060000000000072e-01 9.054057113651760165e-15
4.000000000000000192e-04 1.278040000000000009e-01 8.566347700926742425e-15
4.000000000000000192e-04 1.433990080000000222e-01 7.901370128480067792e-15
4.000000000000000192e-04 1.608960000000000112e-01 7.221914479258341992e-15
4.000000000000000192e-04 1.805289919999999992e-01 6.927279644431750447e-15
4.000000000000000192e-04 2.025569920000000190e-01 6.702741770143143748e-15
4.000000000000000192e-04 2.272720000000000018e-01 6.375094198084967630e-15
4.000000000000000192e-04 2.550040000000000084e-01 5.927711664720867812e-15
4.000000000000000192e-04 2.861190080000000080e-01 5.381678068644197254e-15
4.000000000000000192e-04 3.210310080000000066e-01 4.957913300757872410e-15
4.000000000000000192e-04 3.602030080000000467e-01 4.684572261940136246e-15
4.000000000000000192e-04 4.041539840000000217e-01 4.302503383685171788e-15
4.000000000000000192e-04 4.534689920000000152e-01 3.886030007967082331e-15
4.000000000000000192e-04 5.088009920000000630e-01 3.601348557980258420e-15
4.000000000000000192e-04 5.708839680000000749e-01 3.469646326245749180e-15
4.000000000000000192e-04 6.405429759999999861e-01 3.308665883013293384e-15
4.000000000000000192e-04 7.187009920000000385e-01 3.095917688360753790e-15
4.000000000000000192e-04 8.063960320000000959e-01 2.885305541929422384e-15
4.000000000000000192e-04 9.047920000000000407e-01 2.702875703029720726e-15
4.000000000000000192e-04 1.015190020000000137e+00 2.793498046379725701e-15
4.000000000000000192e-04 1.139069950000000109e+00 3.084228923993194401e-15
4.000000000000000192e-04 1.278050050000000049e+00 2.606641118798569067e-15
4.000000000000000192e-04 1.434000000000000163e+00 2.495308927372282344e-15
4.000000000000000192e-04 1.608979970000000037e+00 2.382332192133392080e-15
4.000000000000000192e-04 1.680000000000000160e+00 2.389409345510400528e-15
4.000000000000000192e-04 1.700000000000000178e+00 2.423240088035217958e-15
4.000000000000000192e-04 1.800000000000000044e+00 2.422487640331235670e-15
4.000000000000000192e-04 1.900000000000000133e+00 2.386409091671050589e-15
4.000000000000000192e-04 2.000000000000000000e+00 2.306098090564767305e-15
4.000000000000000192e-04 2.100000000000000089e+00 2.156043607675700590e-15
4.000000000000000192e-04 2.200000000000000178e+00 2.009927391492196647e-15
4.000000000000000192e-04 2.300000000000000266e+00 1.953051503505076812e-15
4.000000000000000192e-04 2.400000000000000355e+00 1.897406371257441585e-15
4.000000000000000192e-04 2.500000000000000000e+00 1.842795939630217732e-15
4.000000000000000192e-04 2.600000000000000089e+00 1.787086958115592114e-15
4.000000000000000192e-04 2.750000130000000098e+00 1.680857156088139332e-15
4.000000000000000192e-04 3.000000000000000000e+00 1.591003908738516654e-15
4.000000000000000192e-04 3.249999870000000346e+00 1.523159944684414118e-15
4.000000000000000192e-04 3.500000000000000000e+00 1.442431374506138167e-15
4.000000000000000192e-04 3.750000130000000098e+00 1.373531400005261703e-15
4.000000000000000192e-04 4.000000000000000000e+00 1.327854488836863300e-15
4.000000000000000192e-04 4.249999869999999902e+00 1.282358409054669408e-15
4.000000000000000192e-04 4.499999740000000692e+00 1.237728262622433594e-15
4.000000000000000192e-04 4.750000130000000098e+00 1.190366220804737465e-15
4.000000000000000192e-04 5.000000000000000000e+00 1.144174236828450244e-15
4.000000000000000192e-04 5.249999869999999902e+00 1.109225781651924090e-15
4.000000000000000192e-04 5.500000260000000196e+00 1.075336814295026975e-15
4.000000000000000192e-04 5.750000130000000098e+00 1.042839844101824498e-15
4.000000000000000192e-04 6.000000000000000000e+00 1.011294061785088069e-15
4.000000000000000192e-04 6.249999870000000790e+00 9.806288822516489616e-16
4.000000000000000192e-04 6.499999740000000692e+00 9.508143544830333839e-16
4.000000000000000192e-04 6.750000130000000098e+00 9.116508022453375426e-16
4.000000000000000192e-04 7.000000000000000000e+00 8.846236504413871012e-16
4.000000000000000192e-04 7.249999870000000790e+00 8.656592762020629750e-16
4.000000000000000192e-04 7.500000260000000196e+00 8.470562152019691916e-16
4.000000000000000192e-04 7.750000130000000098e+00 8.287602102373190832e-16
4.000000000000000192e-04 8.000000000000000000e+00 8.108117358561605405e-16
4.000000000000000192e-04 8.249999869999999902e+00 7.931834282322496600e-16
4.000000000000000192e-04 8.499999739999999804e+00 7.757580785305878631e-16
4.000000000000000192e-04 8.750000130000000098e+00 7.586587824009643392e-16
4.000000000000000192e-04 8.999999490000000435e+00 7.418984739285773661e-16
4.000000000000000192e-04 9.249999869999999902e+00 7.252971021261162196e-16
4.000000000000000192e-04 9.500000260000000196e+00 7.090413982364503918e-16
4.000000000000000192e-04 9.749999620000000533e+00 6.931285642165058594e-16
4.000000000000000192e-04 1.000000000000000000e+01 6.777544909778822320e-16
4.000000000000000192e-04 1.025000040000000112e+01 6.664892413396675980e-16
4.000000000000000192e-04 1.049999970000000005e+01 6.563356946097532887e-16
4.000000000000000192e-04 1.075000010000000117e+01 6.463755480803702696e-16
4.000000000000000192e-04 1.100000050000000051e+01 6.366135366288466621e-16
4.000000000000000192e-04 1.124999990000000061e+01 6.270843378669145243e-16
4.000000000000000192e-04 1.150000029999999995e+01 6.176544581183340013e-16
4.000000000000000192e-04 1.174999960000000065e+01 6.084763432560676091e-16
4.000000000000000192e-04 1.200000000000000000e+01 5.995665423780471621e-16
4.000000000000000192e-04 1.225000040000000112e+01 5.906593639115717627e-16
4.000000000000000192e-04 1.249999970000000005e+01 5.820222270827776127e-16
4.000000000000000192e-04 1.275000010000000117e+01 5.734322514747199666e-16
4.000000000000000192e-04 1.299999950000000126e+01 5.650526640142396049e-16
4.000000000000000192e-04 1.324999990000000061e+01 5.568408728917665016e-16
4.000000000000000192e-04 1.350000029999999995e+01 5.487558019814367948e-16
4.000000000000000192e-04 1.374999960000000065e+01 5.408950962003792377e-16
4.000000000000000192e-04 1.400000000000000000e+01 5.330463913061806157e-16
4.000000000000000192e-04 1.425000040000000112e+01 5.254039159879365645e-16
4.000000000000000192e-04 1.449999970000000005e+01 5.178210266732156061e-16
4.000000000000000192e-04 1.475000010000000117e+01 5.103622433800242990e-16
4.000000000000000192e-04 1.500000050000000051e+01 5.029762865007797876e-16
4.000000000000000192e-04 1.524999990000000061e+01 4.953582543036451110e-16
4.000000000000000192e-04 1.550000030000000173e+01 4.838484835732077318e-16
4.000000000000000192e-04 1.574999960000000065e+01 4.788268608730194520e-16
4.000000000000000192e-04 1.600000000000000000e+01 4.739517374247409173e-16
4.000000000000000192e-04 1.625000040000000112e+01 4.690362055419636314e-16
4.000000000000000192e-04 1.649999970000000005e+01 4.641927155653582299e-16
4.000000000000000192e-04 1.675000010000000117e+01 4.594871544321630477e-16
4.000000000000000192e-04 1.699999950000000126e+01 4.548545608693503090e-16
4.000000000000000192e-04 1.725000089999999986e+01 4.502507896078833014e-16
4.000000000000000192e-04 1.750000029999999995e+01 4.457793418259720365e-16
4.000000000000000192e-04 1.774999960000000243e+01 4.412702424913733872e-16
4.000000000000000192e-04 1.799999900000000252e+01 4.369542880613228494e-16
4.000000000000000192e-04 1.825000040000000112e+01 4.325837693441500976e-16
4.000000000000000192e-04 1.849999970000000005e+01 4.283348622015801442e-16
4.000000000000000192e-04 1.874999910000000014e+01 4.241640922380088670e-16
4.000000000000000192e-04 1.900000050000000229e+01 4.200039781743473860e-16
4.000000000000000192e-04 1.924999990000000238e+01 4.159219535974002371e-16
4.000000000000000192e-04 1.949999920000000131e+01 4.118379679354314230e-16
4.000000000000000192e-04 1.975000059999999991e+01 4.079029258908725988e-16
4.000000000000000192e-04 2.000000000000000000e+01 4.040097585189696846e-16
8.000000000000000167e-03 0.000000000000000000e+00 1.396243238490781956e-14
8.000000000000000167e-03 1.258929999999999956e-04 1.396243238490781956e-14
8.000000000000000167e-03 1.412539999999999998e-04 1.396243238490781956e-14
8.000000000000000167e-03 1.584890000000000203e-04 1.396243238490781956e-14
8.000000000000000167e-03 1.778280000000000193e-04 1.396243238490781956e-14
8.000000000000000167e-03 1.995270000000000160e-04 1.396243238490781956e-14
8.000000000000000167e-03 2.238730000000000028e-04 1.396243238490781956e-14
8.000000000000000167e-03 2.511890000000000238e-04 1.396243238490781956e-14
8.000000000000000167e-03 2.818390000000000370e-04 1.396243238490781956e-14
8.000000000000000167e-03 3.162290000000000110e-04 1.396243238490781956e-14
8.000000000000000167e-03 3.548150000000000240e-04 1.396243238490781956e-14
8.000000000000000167e-03 3.981090000000000063e-04 1.396243238490781956e-14
8.000000000000000167e-03 4.466860000000000123e-04 1.396243238490781956e-14
8.000000000000000167e-03 5.011899999999999905e-04 1.396243238490781956e-14
8.000000000000000167e-03 5.623439999999999949e-04 1.396243238490781956e-14
8.000000000000000167e-03 6.309610000000000869e-04 1.396243238490781956e-14
8.000000000000000167e-03 7.079500000000000506e-04 1.396243238490781956e-14
8.000000000000000167e-03 7.943340000000000557e-04 1.396243238490781956e-14
8.000000000000000167e-03 8.912570000000000084e-04 1.396243238490781956e-14
8.000000000000000167e-03 1.000000000000000021e-03 1.396243238490781956e-14
8.000000000000000167e-03 1.047130000000000066e-03 1.396243238490781956e-14
8.000000000000000167e-03 1.096480000000000154e-03 1.396243238490781956e-14
8.000000000000000167e-03 1.148150000000000125e-03 1.396243238490781956e-14
8.000000000000000167e-03 1.202260000000000134e-03 1.396243238490781956e-14
8.000000000000000167e-03 1.258930000000000118e-03 1.396243238490781956e-14
8.000000000000000167e-03 1.318260000000000135e-03 1.396243238490781956e-14
8.000000000000000167e-03 1.380380000000000062e-03 1.396243238490781956e-14
8.000000000000000167e-03 1.445440000000000093e-03 1.396243238490781956e-14
8.000000000000000167e-03 1.513560000000000166e-03 1.396243238490781956e-14
8.000000000000000167e-03 1.584890000000000040e-03 1.396243238490781956e-14
8.000000000000000167e-03 1.659590000000000067e-03 1.396243238490781956e-14
8.000000000000000167e-03 1.737800000000000065e-03 1.680244478449148060e-14
8.000000000000000167e-03 1.819700000000000050e-03 1.680989090589869532e-14
8.000000000000000167e-03 1.905460000000000096e-03 1.685626550397393463e-14
8.000000000000000167e-03 1.995260000000000002e-03 1.702505460512826640e-14
8.000000000000000167e-03 2.089290000000000157e-03 1.734988155582050678e-14
8.000000000000000167e-03 2.187759999999999965e-03 1.934219677977674132e-14
8.000000000000000167e-03 2.290869999999999972e-03 1.986452991680635518e-14
8.000000000000000167e-03 2.398830000000000233e-03 2.110911469757647366e-14
8.000000000000000167e-03 2.511880000000000189e-03 2.279916113789141669e-14
8.000000000000000167e-03 2.630270000000000091e-03 2.346481354392462059e-14
8.000000000000000167e-03 2.754230000000000306e-03 2.548560395698654492e-14
8.000000000000000167e-03 2.884030000000000100e-03 2.752764268250832728e-14
8.000000000000000167e-03 3.019949999999999978e-03 2.985491842870118772e-14
8.000000000000000167e-03 3.162270000000000011e-03 3.603160190617618535e-14
8.000000000000000167e-03 3.311310000000000035e-03 3.825697640607968881e-14
8.000000000000000167e-03 3.467360000000000060e-03 3.979471138476443023e-14
8.000000000000000167e-03 3.630780000000000118e-03 4.019027573343029177e-14
8.000000000000000167e-03 3.801890000000000044e-03 4.053014180715199440e-14
8.000000000000000167e-03 3.981070000000000615e-03 3.734960532117885633e-14
8.000000000000000167e-03 4.168690000000000069e-03 3.765930939376819950e-14
8.000000000000000167e-03 4.365149999999999933e-03 3.828106036558630312e-14
8.000000000000000167e-03 4.570880000000000255e-03 3.945156944567650417e-14
8.000000000000000167e-03 4.786290000000000336e-03 4.193907442155648106e-14
8.000000000000000167e-03 5.011859999999999926e-03 4.319060155290506931e-14
8.000000000000000167e-03 5.248070000000000512e-03 5.133973004597863492e-14
8.000000000000000167e-03 5.495400000000000111e-03 6.367469859137773898e-14
8.000000000000000167e-03 5.754390000000000720e-03 7.989364664047558913e-14
8.000000000000000167e-03 6.025590000000000807e-03 1.004703124690780068e-13
8.000000000000000167e-03 6.309560000000000515e-03 1.154575608345265659e-13
8.000000000000000167e-03 6.606920000000000501e-03 1.163665468852042895e-13
8.000000000000000167e-03 6.918300000000000491e-03 1.068426842575911802e-13
8.000000000000000167e-03 7.244350000000000095e-03 1.009622713999856942e-13
8.000000000000000167e-03 7.585760000000000419e-03 9.469388544521788512e-14
8.000000000000000167e-03 7.943270000000000539e-03 8.801557829631224980e-14
8.000000000000000167e-03 8.317620000000001262e-03 8.097794804290147726e-14
8.000000000000000167e-03 8.709620000000001250e-03 7.361840495986837027e-14
8.000000000000000167e-03 9.120090000000000835e-03 6.593812587719759766e-14
8.000000000000000167e-03 9.549900000000000055e-03 5.440293748542985752e-14
8.000000000000000167e-03 9.999980000000000327e-03 4.674684440118740896e-14
8.000000000000000167e-03 1.047130000000000109e-02 4.231878111667405665e-14
8.000000000000000167e-03 1.096480000000000024e-02 4.122273039455736534e-14
8.000000000000000167e-03 1.148150000000000039e-02 4.003271915493008284e-14
8.000000000000000167e-03 1.202260000000000134e-02 3.873364417460161623e-14
8.000000000000000167e-03 1.258920000000000004e-02 3.732511756369998386e-14
8.000000000000000167e-03 1.318250000000000151e-02 3.579555774196465278e-14
8.000000000000000167e-03 1.380380000000000149e-02 3.414653028345342307e-14
8.000000000000000167e-03 1.445440000000000093e-02 3.075590186138479398e-14
8.000000000000000167e-03 1.513560000000000079e-02 2.985353363865926611e-14
8.000000000000000167e-03 1.584890000000000257e-02 3.025722707279298189e-14
8.000000000000000167e-03 1.659580000000000083e-02 3.055867228179818360e-14
8.000000000000000167e-03 1.737800000000000109e-02 3.074101187634470670e-14
8.000000000000000167e-03 1.819700000000000137e-02 3.079303182676734171e-14
8.000000000000000167e-03 1.905460000000000140e-02 3.069917092101139115e-14
8.000000000000000167e-03 1.995260000000000089e-02 3.011725864216925712e-14
8.000000000000000167e-03 2.089290000000000244e-02 2.851370109096284975e-14
8.000000000000000167e-03 2.187760000000000052e-02 2.795433003926062275e-14
8.000000000000000167e-03 2.290860000000000118e-02 2.770951733684505923e-14
8.000000000000000167e-03 2.398830000000000059e-02 2.741551518556273580e-14
8.000000000000000167e-03 2.511880000000000016e-02 2.700112624538574992e-14
8.000000000000000167e-03 2.630260000000000237e-02 2.649247612469848555e-14
8.000000000000000167e-03 2.754220000000000279e-02 2.588788460607127200e-14
8.000000000000000167e-03 2.900000000000000147e-02 2.508345653964060896e-14
8.000000000000000167e-03 3.000000000000000236e-02 2.447524606381881036e-14
8.000000000000000167e-03 3.100000000000000325e-02 2.382304178967374246e-14
8.000000000000000167e-03 3.200000000000000067e-02 2.312940766695835677e-14
8.000000000000000167e-03 3.300000000000000155e-02 2.175304339154764880e-14
8.000000000000000167e-03 3.400000000000000244e-02 2.068352480877003451e-14
8.000000000000000167e-03 3.500000000000000333e-02 2.005893904318301932e-14
8.000000000000000167e-03 3.600000000000000422e-02 1.985101144904652081e-14
8.000000000000000167e-03 3.700000000000000511e-02 1.962970928939906564e-14
8.000000000000000167e-03 3.799999999999999906e-02 1.939588744073196843e-14
8.000000000000000167e-03 3.899999999999999994e-02 1.914966050514173578e-14
8.000000000000000167e-03 4.000000000000000083e-02 1.889146072925566495e-14
8.000000000000000167e-03 4.250000000000000305e-02 1.819921303757758526e-14
8.000000000000000167e-03 4.500000000000000527e-02 1.744766394525568962e-14
8.000000000000000167e-03 4.750000000000000056e-02 1.664031836466417016e-14
8.000000000000000167e-03 5.000000000000000278e-02 1.577923161588518746e-14
8.000000000000000167e-03 5.250000000000000500e-02 1.485558772356347885e-14
8.000000000000000167e-03 5.500000000000000028e-02 1.380117405446787491e-14
8.000000000000000167e-03 5.708800000000000680e-02 1.334432274917662107e-14
8.000000000000000167e-03 6.405380000000000795e-02 1.259790801598080654e-14
8.000000000000000167e-03 7.186960000000000570e-02 1.156484720823823524e-14
8.000000000000000167e-03 8.063900000000000234e-02 1.073736071354822267e-14
8.000000000000000167e-03 9.047849600000000547e-02 1.028624953751421364e-14
8.000000000000000167e-03 1.015180000000000110e-01 9.610973078440785944e-15
8.000000000000000167e-03 1.139060000000000072e-01 8.853894126334516027e-15
8.000000000000000167e-03 1.278040000000000009e-01 1.033435429128669249e-14
8.000000000000000167e-03 1.433990080000000222e-01 9.732703963752135485e-15
8.000000000000000167e-03 1.608960000000000112e-01 8.926658939016091637e-15
8.000000000000000167e-03 1.805289919999999992e-01 7.922052322213769898e-15
8.000000000000000167e-03 2.025569920000000190e-01 7.167307787584947803e-15
8.000000000000000167e-03 2.272720000000000018e-01 7.042358855521946389e-15
8.000000000000000167e-03 2.550040000000000084e-01 6.802419158863662390e-15
8.000000000000000167e-03 2.861190080000000080e-01 6.436166593520095009e-15
8.000000000000000167e-03 3.210310080000000066e-01 5.907801591753469748e-15
8.000000000000000167e-03 3.602030080000000467e-01 5.317651455553957527e-15
8.000000000000000167e-03 4.041539840000000217e-01 4.886149821567827878e-15
8.000000000000000167e-03 4.534689920000000152e-01 4.644228742582491937e-15
8.000000000000000167e-03 5.088009920000000630e-01 4.486072065504226841e-15
8.000000000000000167e-03 5.708839680000000749e-01 4.237908993323913204e-15
8.000000000000000167e-03 6.405429759999999861e-01 4.034398507529900308e-15
8.000000000000000167e-03 7.187009920000000385e-01 3.892446206864491155e-15
8.000000000000000167e-03 8.063960320000000959e-01 3.626196401389483321e-15
8.000000000000000167e-03 9.047920000000000407e-01 3.345621979939068145e-15
8.000000000000000167e-03 1.015190020000000137e+00 3.162729766410056192e-15
8.000000000000000167e-03 1.139069950000000109e+00 3.238519732491235818e-15
8.000000000000000167e-03 1.278050050000000049e+00 4.770020987322742532e-15
8.000000000000000167e-03 1.434000000000000163e+00 2.929142076467847810e-15
8.000000000000000167e-03 1.608979970000000037e+00 2.627569630026591599e-15
8.000000000000000167e-03 1.680000000000000160e+00 2.584507278557469582e-15
8.000000000000000167e-03 1.700000000000000178e+00 2.577546627995773895e-15
8.000000000000000167e-03 1.800000000000000044e+00 2.508275250551103625e-15
8.000000000000000167e-03 1.900000000000000133e+00 2.282650551931739732e-15
8.000000000000000167e-03 2.000000000000000000e+00 2.072760767480675709e-15
8.000000000000000167e-03 2.100000000000000089e+00 2.033563346556232494e-15
8.000000000000000167e-03 2.200000000000000178e+00 1.989716744346470264e-15
8.000000000000000167e-03 2.300000000000000266e+00 1.958487061776102319e-15
8.000000000000000167e-03 2.400000000000000355e+00 1.919178594075456216e-15
8.000000000000000167e-03 2.500000000000000000e+00 1.881300708589530006e-15
8.000000000000000167e-03 2.600000000000000089e+00 1.836345221180410067e-15
8.000000000000000167e-03 2.750000130000000098e+00 1.762035641800126873e-15
8.000000000000000167e-03 3.000000000000000000e+00 1.646575099263279961e-15
8.000000000000000167e-03 3.249999870000000346e+00 1.581086035190331966e-15
8.000000000000000167e-03 3.500000000000000000e+00 1.491071416827873874e-15
8.000000000000000167e-03 3.750000130000000098e+00 1.237511531978513230e-15
8.000000000000000167e-03 4.000000000000000000e+00 1.151664361344859208e-15
8.000000000000000167e-03 4.249999869999999902e+00 1.111365028383055887e-15
8.000000000000000167e-03 4.499999740000000692e+00 1.072750021239906252e-15
8.000000000000000167e-03 4.750000130000000098e+00 1.035192776747960023e-15
8.000000000000000167e-03 5.000000000000000000e+00 1.005556347866580489e-15
8.000000000000000167e-03 5.249999869999999902e+00 1.077753101314755466e-15
8.000000000000000167e-03 5.500000260000000196e+00 1.058298347718121383e-15
8.000000000000000167e-03 5.750000130000000098e+00 1.036318819675768762e-15
8.000000000000000167e-03 6.000000000000000000e+00 1.012156643954855419e-15
8.000000000000000167e-03 6.249999870000000790e+00 9.862028528994549154e-16
8.000000000000000167e-03 6.499999740000000692e+00 9.583634812803666296e-16
8.000000000000000167e-03 6.750000130000000098e+00 9.283026452560552118e-16
8.000000000000000167e-03 7.000000000000000000e+00 8.793242312676165317e-16
8.000000000000000167e-03 7.249999870000000790e+00 8.468475390887976095e-16
8.000000000000000167e-03 7.500000260000000196e+00 8.307358406705153268e-16
8.000000000000000167e-03 7.750000130000000098e+00 8.149979435502760044e-16
8.000000000000000167e-03 8.000000000000000000e+00 7.998291215061119588e-16
8.000000000000000167e-03 8.249999869999999902e+00 7.850775459165471910e-16
8.000000000000000167e-03 8.499999739999999804e+00 7.707194306309074169e-16
8.000000000000000167e-03 8.750000130000000098e+00 7.566591120953275837e-16
8.000000000000000167e-03 8.999999490000000435e+00 7.430664523410204778e-16
8.000000000000000167e-03 9.249999869999999902e+00 7.296726304643783565e-16
8.000000000000000167e-03 9.500000260000000196e+00 7.166302030726217403e-16
8.000000000000000167e-03 9.749999620000000533e+00 7.040379221924090095e-16
8.000000000000000167e-03 1.000000000000000000e+01 6.917924356942353646e-16
8.000000000000000167e-03 1.025000040000000112e+01 6.817840455821094041e-16
8.000000000000000167e-03 1.049999970000000005e+01 6.714302509593392696e-16
8.000000000000000167e-03 1.075000010000000117e+01 6.611999712680578949e-16
8.000000000000000167e-03 1.100000050000000051e+01 6.511231996181395858e-16
8.000000000000000167e-03 1.124999990000000061e+01 6.410985834715823540e-16
8.000000000000000167e-03 1.150000029999999995e+01 6.313346825388452767e-16
8.000000000000000167e-03 1.174999960000000065e+01 6.216215401727083259e-16
8.000000000000000167e-03 1.200000000000000000e+01 6.119907311257943212e-16
8.000000000000000167e-03 1.225000040000000112e+01 6.025724161688577737e-16
8.000000000000000167e-03 1.249999970000000005e+01 5.931694936718202606e-16
8.000000000000000167e-03 1.275000010000000117e+01 5.839784837935500051e-16
8.000000000000000167e-03 1.299999950000000126e+01 5.748775711275544192e-16
8.000000000000000167e-03 1.324999990000000061e+01 5.658790301739818075e-16
8.000000000000000167e-03 1.350000029999999995e+01 5.570780111690510728e-16
8.000000000000000167e-03 1.374999960000000065e+01 5.483229305615380813e-16
8.000000000000000167e-03 1.400000000000000000e+01 5.395330436548721086e-16
8.000000000000000167e-03 1.425000040000000112e+01 5.311262288878185390e-16
8.000000000000000167e-03 1.449999970000000005e+01 5.226603881146840915e-16
8.000000000000000167e-03 1.475000010000000117e+01 5.143329974248715205e-16
8.000000000000000167e-03 1.500000050000000051e+01 5.063960138228765804e-16
8.000000000000000167e-03 1.524999990000000061e+01 5.018901858534588737e-16
8.000000000000000167e-03 1.550000030000000173e+01 4.965435241239047208e-16
8.000000000000000167e-03 1.574999960000000065e+01 4.911182468076335478e-16
8.000000000000000167e-03 1.600000000000000000e+01 4.859219562800321893e-16
8.000000000000000167e-03 1.625000040000000112e+01 4.807614360374664598e-16
8.000000000000000167e-03 1.649999970000000005e+01 4.756678294874757808e-16
8.000000000000000167e-03 1.675000010000000117e+01 4.707173984900660520e-16
8.000000000000000167e-03 1.699999950000000126e+01 4.658919480615604052e-16
8.000000000000000167e-03 1.725000089999999986e+01 4.610225999703681858e-16
8.000000000000000167e-03 1.750000029999999995e+01 4.561911621600226546e-16
8.000000000000000167e-03 1.774999960000000243e+01 4.515500698824102223e-16
8.000000000000000167e-03 1.799999900000000252e+01 4.470196703691901327e-16
8.000000000000000167e-03 1.825000040000000112e+01 4.424515949062761555e-16
8.000000000000000167e-03 1.849999970000000005e+01 4.379821030262109344e-16
8.000000000000000167e-03 1.874999910000000014e+01 4.335565910607022856e-16
8.000000000000000167e-03 1.900000050000000229e+01 4.292007436710073806e-16
8.000000000000000167e-03 1.924999990000000238e+01 4.249580435252857866e-16
8.000000000000000167e-03 1.949999920000000131e+01 4.207814889237352095e-16
8.000000000000000167e-03 1.975000059999999991e+01 4.166651090187634483e-16
8.000000000000000167e-03 2.000000000000000000e+01 4.125802289134973381e-16
5.000000000000000278e-02 0.000000000000000000e+00 2.279484679860256585e-14
5.000000000000000278e-02 1.258929999999999956e-04 2.279484679860256585e-14
5.000000000000000278e-02 1.412539999999999998e-04 2.460313405454428329e-14
5.000000000000000278e-02 1.584890000000000203e-04 2.424310749870335729e-14
5.000000000000000278e-02 1.778280000000000193e-04 2.387956773007785627e-14
5.000000000000000278e-02 1.995270000000000160e-04 2.351277523254625319e-14
5.000000000000000278e-02 2.238730000000000028e-04 2.464392898937902198e-14
5.000000000000000278e-02 2.511890000000000238e-04 2.420124485347153575e-14
5.000000000000000278e-02 2.818390000000000370e-04 2.375236961443226935e-14
5.000000000000000278e-02 3.162290000000000110e-04 2.456068997842720733e-14
5.000000000000000278e-02 3.548150000000000240e-04 2.405950071043801388e-14
5.000000000000000278e-02 3.981090000000000063e-04 2.540511942700619303e-14
5.000000000000000278e-02 4.466860000000000123e-04 2.481029158312797706e-14
5.000000000000000278e-02 5.011899999999999905e-04 2.540939657336493244e-14
5.000000000000000278e-02 5.623439999999999949e-04 2.621031570952787095e-14
5.000000000000000278e-02 6.309610000000000869e-04 2.565815373575090402e-14
5.000000000000000278e-02 7.079500000000000506e-04 2.880800810746313026e-14
5.000000000000000278e-02 7.943340000000000557e-04 2.767807349069851413e-14
5.000000000000000278e-02 8.912570000000000084e-04 2.975697246845414973e-14
5.000000000000000278e-02 1.000000000000000021e-03 2.889824601701259527e-14
5.000000000000000278e-02 1.047130000000000066e-03 3.099232569121503359e-14
5.000000000000000278e-02 1.096480000000000154e-03 3.023809994014746378e-14
5.000000000000000278e-02 1.148150000000000125e-03 2.932582123473576818e-14
5.000000000000000278e-02 1.202260000000000134e-03 3.200351230555558570e-14
5.000000000000000278e-02 1.258930000000000118e-03 3.152067019332994778e-14
5.000000000000000278e-02 1.318260000000000135e-03 3.094328967182951479e-14
5.000000000000000278e-02 1.380380000000000062e-03 3.425108443616564336e-14
5.000000000000000278e-02 1.445440000000000093e-03 3.317188043849133316e-14
5.000000000000000278e-02 1.513560000000000166e-03 3.617693502979918896e-14
5.000000000000000278e-02 1.584890000000000040e-03 3.448591263142485224e-14
5.000000000000000278e-02 1.659590000000000067e-03 3.717968840539093498e-14
5.000000000000000278e-02 1.737800000000000065e-03 3.972670227793733582e-14
5.000000000000000278e-02 1.819700000000000050e-03 3.826810197533636318e-14
5.000000000000000278e-02 1.905460000000000096e-03 4.103220769313251127e-14
5.000000000000000278e-02 1.995260000000000002e-03 4.264068307774664598e-14
5.000000000000000278e-02 2.089290000000000157e-03 4.429422524028047751e-14
5.000000000000000278e-02 2.187759999999999965e-03 4.552412684313942641e-14
5.000000000000000278e-02 2.290869999999999972e-03 4.632368083981975952e-14
5.000000000000000278e-02 2.398830000000000233e-03 4.606015178492902628e-14
5.000000000000000278e-02 2.511880000000000189e-03 5.120961386629186660e-14
5.000000000000000278e-02 2.630270000000000091e-03 4.358236596469047757e-14
5.000000000000000278e-02 2.754230000000000306e-03 4.293656282719072745e-14
5.000000000000000278e-02 2.884030000000000100e-03 4.682352827813732125e-14
5.000000000000000278e-02 3.019949999999999978e-03 5.390464797173061919e-14
5.000000000000000278e-02 3.162270000000000011e-03 6.231087506003240505e-14
5.000000000000000278e-02 3.311310000000000035e-03 6.693057904543581489e-14
5.000000000000000278e-02 3.467360000000000060e-03 6.598102065036164945e-14
5.000000000000000278e-02 3.630780000000000118e-03 6.040792147674557030e-14
5.000000000000000278e-02 3.801890000000000044e-03 5.868110630510818535e-14
5.000000000000000278e-02 3.981070000000000615e-03 6.363984252836635965e-14
5.000000000000000278e-02 4.168690000000000069e-03 7.359205070938556911e-14
5.000000000000000278e-02 4.365149999999999933e-03 8.976856376608298724e-14
5.000000000000000278e-02 4.570880000000000255e-03 1.092928516568996771e-13
5.000000000000000278e-02 4.786290000000000336e-03 1.290309893127801166e-13
5.000000000000000278e-02 5.011859999999999926e-03 1.486956692739751572e-13
5.000000000000000278e-02 5.248070000000000512e-03 1.678925052269373611e-13
5.000000000000000278e-02 5.495400000000000111e-03 1.861609077145576608e-13
5.000000000000000278e-02 5.754390000000000720e-03 2.029944945485253681e-13
5.000000000000000278e-02 6.025590000000000807e-03 2.177143664836571563e-13
5.000000000000000278e-02 6.309560000000000515e-03 2.296795978794908020e-13
5.000000000000000278e-02 6.606920000000000501e-03 2.165434684900143539e-13
5.000000000000000278e-02 6.918300000000000491e-03 1.673996647028534162e-13
5.000000000000000278e-02 7.244350000000000095e-03 1.479128412579750956e-13
5.000000000000000278e-02 7.585760000000000419e-03 1.441707408434834252e-13
5.000000000000000278e-02 7.943270000000000539e-03 1.399266832242445172e-13
5.000000000000000278e-02 8.317620000000001262e-03 1.351691939523141280e-13
5.000000000000000278e-02 8.709620000000001250e-03 1.298968714118760128e-13
5.000000000000000278e-02 9.120090000000000835e-03 1.240507959383716310e-13
5.000000000000000278e-02 9.549900000000000055e-03 1.107248230954316875e-13
5.000000000000000278e-02 9.999980000000000327e-03 9.664060464147260502e-14
5.000000000000000278e-02 1.047130000000000109e-02 9.478257288565792981e-14
5.000000000000000278e-02 1.096480000000000024e-02 9.242621729165974579e-14
5.000000000000000278e-02 1.148150000000000039e-02 8.950627264644588104e-14
5.000000000000000278e-02 1.202260000000000134e-02 8.597658019820713417e-14
5.000000000000000278e-02 1.258920000000000004e-02 8.178850681122883706e-14
5.000000000000000278e-02 1.318250000000000151e-02 7.446402889013693778e-14
5.000000000000000278e-02 1.380380000000000149e-02 6.479369878626553792e-14
5.000000000000000278e-02 1.445440000000000093e-02 6.153463054091475687e-14
5.000000000000000278e-02 1.513560000000000079e-02 5.994845915172039918e-14
5.000000000000000278e-02 1.584890000000000257e-02 5.821677269940590002e-14
5.000000000000000278e-02 1.659580000000000083e-02 5.627189654696933266e-14
5.000000000000000278e-02 1.737800000000000109e-02 5.413464701706127691e-14
5.000000000000000278e-02 1.819700000000000137e-02 5.179381703596923643e-14
5.000000000000000278e-02 1.905460000000000140e-02 4.923831058298738931e-14
5.000000000000000278e-02 1.995260000000000089e-02 4.646710255905880137e-14
5.000000000000000278e-02 2.089290000000000244e-02 4.345756672842939021e-14
5.000000000000000278e-02 2.187760000000000052e-02 3.992379299826082725e-14
5.000000000000000278e-02 2.290860000000000118e-02 3.491288350272364758e-14
5.000000000000000278e-02 2.398830000000000059e-02 3.255861114106424567e-14
5.000000000000000278e-02 2.511880000000000016e-02 3.188477811317102376e-14
5.000000000000000278e-02 2.630260000000000237e-02 3.112104064518914559e-14
5.000000000000000278e-02 2.754220000000000279e-02 3.026481315202062130e-14
5.000000000000000278e-02 2.900000000000000147e-02 2.918446914366344644e-14
5.000000000000000278e-02 3.000000000000000236e-02 2.840187241882414417e-14
5.000000000000000278e-02 3.100000000000000325e-02 2.758730531462529960e-14
5.000000000000000278e-02 3.200000000000000067e-02 2.674142129295269960e-14
5.000000000000000278e-02 3.300000000000000155e-02 2.588102123891502439e-14
5.000000000000000278e-02 3.400000000000000244e-02 2.497819655345947941e-14
5.000000000000000278e-02 3.500000000000000333e-02 2.405068400267893281e-14
5.000000000000000278e-02 3.600000000000000422e-02 2.309886338582694651e-14
5.000000000000000278e-02 3.700000000000000511e-02 2.206060982387621654e-14
5.000000000000000278e-02 3.799999999999999906e-02 2.086993722413716423e-14
5.000000000000000278e-02 3.899999999999999994e-02 2.000421965359247171e-14
5.000000000000000278e-02 4.000000000000000083e-02 1.926991287794690376e-14
5.000000000000000278e-02 4.250000000000000305e-02 1.867090866846418224e-14
5.000000000000000278e-02 4.500000000000000527e-02 1.805955104080548021e-14
5.000000000000000278e-02 4.750000000000000056e-02 1.738090836767098890e-14
5.000000000000000278e-02 5.000000000000000278e-02 1.664114886238526022e-14
5.000000000000000278e-02 5.250000000000000500e-02 1.577809147348844203e-14
5.000000000000000278e-02 5.500000000000000028e-02 1.494709386145645000e-14
5.000000000000000278e-02 5.708800000000000680e-02 1.444465198009525789e-14
5.000000000000000278e-02 6.405380000000000795e-02 1.368263405435903759e-14
5.000000000000000278e-02 7.186960000000000570e-02 1.271421343219540043e-14
5.000000000000000278e-02 8.063900000000000234e-02 1.141989889448218879e-14
5.000000000000000278e-02 9.047849600000000547e-02 1.018446179670233295e-14
5.000000000000000278e-02 1.015180000000000110e-01 1.062647957652750129e-14
5.000000000000000278e-02 1.139060000000000072e-01 1.006607289534229874e-14
5.000000000000000278e-02 1.278040000000000009e-01 9.294992569175112929e-15
5.000000000000000278e-02 1.433990080000000222e-01 8.262240713282249657e-15
5.000000000000000278e-02 1.608960000000000112e-01 7.534166640475274225e-15
5.000000000000000278e-02 1.805289919999999992e-01 7.258561987446448368e-15
5.000000000000000278e-02 2.025569920000000190e-01 7.118037081860093512e-15
5.000000000000000278e-02 2.272720000000000018e-01 6.893468163226019762e-15
5.000000000000000278e-02 2.550040000000000084e-01 6.563241618601216529e-15
5.000000000000000278e-02 2.861190080000000080e-01 6.119665643462164080e-15
5.000000000000000278e-02 3.210310080000000066e-01 5.545934005362702310e-15
5.000000000000000278e-02 3.602030080000000467e-01 5.153898545947604032e-15
5.000000000000000278e-02 4.041539840000000217e-01 4.886945394843690665e-15
5.000000000000000278e-02 4.534689920000000152e-01 4.712499254428145355e-15
5.000000000000000278e-02 5.088009920000000630e-01 4.521827167674478355e-15
5.000000000000000278e-02 5.708839680000000749e-01 4.303354177438720142e-15
5.000000000000000278e-02 6.405429759999999861e-01 4.140568922148844826e-15
5.000000000000000278e-02 7.187009920000000385e-01 3.990443807828201555e-15
5.000000000000000278e-02 8.063960320000000959e-01 3.719569102668064820e-15
5.000000000000000278e-02 9.047920000000000407e-01 3.437759200261026402e-15
5.000000000000000278e-02 1.015190020000000137e+00 3.155399968275682553e-15
5.000000000000000278e-02 1.139069950000000109e+00 3.002325142534354995e-15
5.000000000000000278e-02 1.278050050000000049e+00 2.937577164283635035e-15
5.000000000000000278e-02 1.434000000000000163e+00 2.680244805757422694e-15
5.000000000000000278e-02 1.608979970000000037e+00 2.566022267071506749e-15
5.000000000000000278e-02 1.680000000000000160e+00 2.499873143676228646e-15
5.000000000000000278e-02 1.700000000000000178e+00 2.478111068665534252e-15
5.000000000000000278e-02 1.800000000000000044e+00 2.359594397617587356e-15
5.000000000000000278e-02 1.900000000000000133e+00 2.144788611219623277e-15
5.000000000000000278e-02 2.000000000000000000e+00 2.092350447605330372e-15
5.000000000000000278e-02 2.100000000000000089e+00 2.038798770338731490e-15
5.000000000000000278e-02 2.200000000000000178e+00 1.983321062200418491e-15
5.000000000000000278e-02 2.300000000000000266e+00 1.927699282748436633e-15
5.000000000000000278e-02 2.400000000000000355e+00 1.871815834971033495e-15
5.000000000000000278e-02 2.500000000000000000e+00 1.818001595493121357e-15
5.000000000000000278e-02 2.600000000000000089e+00 1.766682538060355394e-15
5.000000000000000278e-02 2.750000130000000098e+00 1.681045754756481742e-15
5.000000000000000278e-02 3.000000000000000000e+00 1.612824818036235266e-15
5.000000000000000278e-02 3.249999870000000346e+00 1.543850783355990097e-15
5.000000000000000278e-02 3.500000000000000000e+00 1.472816487660316632e-15
5.000000000000000278e-02 3.750000130000000098e+00 1.404575677435993431e-15
5.000000000000000278e-02 4.000000000000000000e+00 1.334938811244456843e-15
5.000000000000000278e-02 4.249999869999999902e+00 1.207739844489078858e-15
5.000000000000000278e-02 4.499999740000000692e+00 1.140612263913562811e-15
5.000000000000000278e-02 4.750000130000000098e+00 1.110630440374730016e-15
5.000000000000000278e-02 5.000000000000000000e+00 1.081164538563067745e-15
5.000000000000000278e-02 5.249999869999999902e+00 1.052650995901524121e-15
5.000000000000000278e-02 5.500000260000000196e+00 1.024930208281282746e-15
5.000000000000000278e-02 5.750000130000000098e+00 9.977173060532031274e-16
5.000000000000000278e-02 6.000000000000000000e+00 9.710471227022536781e-16
5.000000000000000278e-02 6.249999870000000790e+00 9.448219181571707213e-16
5.000000000000000278e-02 6.499999740000000692e+00 9.191701944477165764e-16
5.000000000000000278e-02 6.750000130000000098e+00 8.941121426149601640e-16
5.000000000000000278e-02 7.000000000000000000e+00 8.694309859230098865e-16
5.000000000000000278e-02 7.249999870000000790e+00 8.448818463982149315e-16
5.000000000000000278e-02 7.500000260000000196e+00 8.178055399933585651e-16
5.000000000000000278e-02 7.750000130000000098e+00 7.355012946212306883e-16
5.000000000000000278e-02 8.000000000000000000e+00 7.231508655777689931e-16
5.000000000000000278e-02 8.249999869999999902e+00 7.110639127459986283e-16
5.000000000000000278e-02 8.499999739999999804e+00 6.996076106820045474e-16
5.000000000000000278e-02 8.750000130000000098e+00 6.880655207984703892e-16
5.000000000000000278e-02 8.999999490000000435e+00 6.768837400659489524e-16
5.000000000000000278e-02 9.249999869999999902e+00 6.659136659371994322e-16
5.000000000000000278e-02 9.500000260000000196e+00 6.552016927491442317e-16
5.000000000000000278e-02 9.749999620000000533e+00 6.447410445927082646e-16
5.000000000000000278e-02 1.000000000000000000e+01 6.344456784006431603e-16
5.000000000000000278e-02 1.025000040000000112e+01 6.245770479595369411e-16
5.000000000000000278e-02 1.049999970000000005e+01 6.147039865195086896e-16
5.000000000000000278e-02 1.075000010000000117e+01 6.051456026332736965e-16
5.000000000000000278e-02 1.100000050000000051e+01 5.955747850800803851e-16
5.000000000000000278e-02 1.124999990000000061e+01 5.862585139586704296e-16
5.000000000000000278e-02 1.150000029999999995e+01 5.766028179078560046e-16
5.000000000000000278e-02 1.174999960000000065e+01 5.671809633481963628e-16
5.000000000000000278e-02 1.200000000000000000e+01 5.578307113890937342e-16
5.000000000000000278e-02 1.225000040000000112e+01 5.488041382916481560e-16
5.000000000000000278e-02 1.249999970000000005e+01 5.399808434213864769e-16
5.000000000000000278e-02 1.275000010000000117e+01 5.312735627806118285e-16
5.000000000000000278e-02 1.299999950000000126e+01 5.228681934974857071e-16
5.000000000000000278e-02 1.324999990000000061e+01 5.145276560347242261e-16
5.000000000000000278e-02 1.350000029999999995e+01 5.063548780438509075e-16
5.000000000000000278e-02 1.374999960000000065e+01 4.984271972529564803e-16
5.000000000000000278e-02 1.400000000000000000e+01 4.906455260228089588e-16
5.000000000000000278e-02 1.425000040000000112e+01 4.829453034841547091e-16
5.000000000000000278e-02 1.449999970000000005e+01 4.754674469538116214e-16
5.000000000000000278e-02 1.475000010000000117e+01 4.681308835723100818e-16
5.000000000000000278e-02 1.500000050000000051e+01 4.609546660602067458e-16
5.000000000000000278e-02 1.524999990000000061e+01 4.539794316660788044e-16
5.000000000000000278e-02 1.550000030000000173e+01 4.470643423960777502e-16
5.000000000000000278e-02 1.574999960000000065e+01 4.402935848734325402e-16
5.000000000000000278e-02 1.600000000000000000e+01 4.335892694905188626e-16
5.000000000000000278e-02 1.625000040000000112e+01 4.271156788665737383e-16
5.000000000000000278e-02 1.649999970000000005e+01 4.208218168317169977e-16
5.000000000000000278e-02 1.675000010000000117e+01 4.146980430253517522e-16
5.000000000000000278e-02 1.699999950000000126e+01 4.090224681216766646e-16
5.000000000000000278e-02 1.725000089999999986e+01 4.131177132812544257e-16
5.000000000000000278e-02 1.750000029999999995e+01 4.160645346567608734e-16
5.000000000000000278e-02 1.774999960000000243e+01 4.125747872669194025e-16
5.000000000000000278e-02 1.799999900000000252e+01 4.091044282146233483e-16
5.000000000000000278e-02 1.825000040000000112e+01 4.057306519236910282e-16
5.000000000000000278e-02 1.849999970000000005e+01 4.022874289855562770e-16
5.000000000000000278e-02 1.874999910000000014e+01 3.988884007708350898e-16
5.000000000000000278e-02 1.900000050000000229e+01 3.956644773085885580e-16
5.000000000000000278e-02 1.924999990000000238e+01 3.922898794392706994e-16
5.000000000000000278e-02 1.949999920000000131e+01 3.890334526934248999e-16
5.000000000000000278e-02 1.975000059999999991e+01 3.857749701460031135e-16
5.000000000000000278e-02 2.000000000000000000e+01 3.826046679553617165e-16
1.000000000000000048e-04 0.000000000000000000e+00 7.910503333166614333e-15
1.000000000000000048e-04 1.258929999999999956e-04 7.910503333166614333e-15
1.000000000000000048e-04 1.412539999999999998e-04 7.910503333166614333e-15
1.000000000000000048e-04 1.584890000000000203e-04 7.910503333166614333e-15
1.000000000000000048e-04 1.778280000000000193e-04 7.910503333166614333e-15
1.000000000000000048e-04 1.995270000000000160e-04 7.910503333166614333e-15
1.000000000000000048e-04 2.238730000000000028e-04 7.910503333166614333e-15
1.000000000000000048e-04 2.511890000000000238e-04 7.990587469151694485e-15
1.000000000000000048e-04 2.818390000000000370e-04 7.990587469151694485e-15
1.000000000000000048e-04 3.162290000000000110e-04 7.990587469151694485e-15
1.000000000000000048e-04 3.548150000000000240e-04 7.990587469151694485e-15
1.000000000000000048e-04 3.981090000000000063e-04 7.947982734806698831e-15
1.000000000000000048e-04 4.466860000000000123e-04 7.945452022127722134e-15
1.000000000000000048e-04 5.011899999999999905e-04 7.947714747343692197e-15
1.000000000000000048e-04 5.623439999999999949e-04 7.948158421818447891e-15
1.000000000000000048e-04 6.309610000000000869e-04 7.954449331260112834e-15
1.000000000000000048e-04 7.079500000000000506e-04 8.029478878432308430e-15
1.000000000000000048e-04 7.943340000000000557e-04 8.035307290194861759e-15
1.000000000000000048e-04 8.912570000000000084e-04 8.093199336112610178e-15
1.000000000000000048e-04 1.000000000000000021e-03 8.331204242747208294e-15
1.000000000000000048e-04 1.047130000000000066e-03 8.533453572537755276e-15
1.000000000000000048e-04 1.096480000000000154e-03 8.547617317608405988e-15
1.000000000000000048e-04 1.148150000000000125e-03 8.539644204804215069e-15
1.000000000000000048e-04 1.202260000000000134e-03 8.504763138801421306e-15
1.000000000000000048e-04 1.258930000000000118e-03 8.423508529166571364e-15
1.000000000000000048e-04 1.318260000000000135e-03 8.778844793918462632e-15
1.000000000000000048e-04 1.380380000000000062e-03 8.907464418559294436e-15
1.000000000000000048e-04 1.445440000000000093e-03 8.936469344929988555e-15
1.000000000000000048e-04 1.513560000000000166e-03 8.978370158872302788e-15
1.000000000000000048e-04 1.584890000000000040e-03 9.014523942870218809e-15
1.000000000000000048e-04 1.659590000000000067e-03 9.285318018169230091e-15
1.000000000000000048e-04 1.737800000000000065e-03 9.333471304105768128e-15
1.000000000000000048e-04 1.819700000000000050e-03 9.379847323870728306e-15
1.000000000000000048e-04 1.905460000000000096e-03 9.491606813202887497e-15
1.000000000000000048e-04 1.995260000000000002e-03 9.682073874351771754e-15
1.000000000000000048e-04 2.089290000000000157e-03 9.776937141407641418e-15
1.000000000000000048e-04 2.187759999999999965e-03 9.805839604401311446e-15
1.000000000000000048e-04 2.290869999999999972e-03 9.849064836683259430e-15
1.000000000000000048e-04 2.398830000000000233e-03 9.785257845468062302e-15
1.000000000000000048e-04 2.511880000000000189e-03 9.945081856710661376e-15
1.000000000000000048e-04 2.630270000000000091e-03 1.023974679035855994e-14
1.000000000000000048e-04 2.754230000000000306e-03 1.058369095823671014e-14
1.000000000000000048e-04 2.884030000000000100e-03 1.165041766856304107e-14
1.000000000000000048e-04 3.019949999999999978e-03 3.834761881287974613e-14
1.000000000000000048e-04 3.162270000000000011e-03 2.407957852552053271e-13
1.000000000000000048e-04 3.311310000000000035e-03 2.828133365223002249e-13
1.000000000000000048e-04 3.467360000000000060e-03 2.998410362702961619e-13
1.000000000000000048e-04 3.630780000000000118e-03 3.165316013008822511e-13
1.000000000000000048e-04 3.801890000000000044e-03 3.324201419892329179e-13
1.000000000000000048e-04 3.981070000000000615e-03 3.231997997753293464e-13
1.000000000000000048e-04 4.168690000000000069e-03 2.690700179457189661e-13
1.000000000000000048e-04 4.365149999999999933e-03 2.387831259999296447e-13
1.000000000000000048e-04 4.570880000000000255e-03 2.051557208086835983e-13
1.000000000000000048e-04 4.786290000000000336e-03 1.612266040915120465e-13
1.000000000000000048e-04 5.011859999999999926e-03 1.051459247791197358e-13
1.000000000000000048e-04 5.248070000000000512e-03 4.195570852521622106e-14
1.000000000000000048e-04 5.495400000000000111e-03 1.314537426265643475e-14
1.000000000000000048e-04 5.754390000000000720e-03 1.197197921780850366e-14
1.000000000000000048e-04 6.025590000000000807e-03 1.140613087031302599e-14
1.000000000000000048e-04 6.309560000000000515e-03 1.077713508397820733e-14
1.000000000000000048e-04 6.606920000000000501e-03 1.006672340755735984e-14
1.000000000000000048e-04 6.918300000000000491e-03 9.268352051453890811e-15
1.000000000000000048e-04 7.244350000000000095e-03 8.832558095557404029e-15
1.000000000000000048e-04 7.585760000000000419e-03 8.713707631181946920e-15
1.000000000000000048e-04 7.943270000000000539e-03 8.550017107947914601e-15
1.000000000000000048e-04 8.317620000000001262e-03 8.335695849602056848e-15
1.000000000000000048e-04 8.709620000000001250e-03 8.059777166559684412e-15
1.000000000000000048e-04 9.120090000000000835e-03 7.717234313233960708e-15
1.000000000000000048e-04 9.549900000000000055e-03 7.304413525793198909e-15
1.000000000000000048e-04 9.999980000000000327e-03 6.800427554112207646e-15
1.000000000000000048e-04 1.047130000000000109e-02 6.317668960485289238e-15
1.000000000000000048e-04 1.096480000000000024e-02 6.104436659261459013e-15
1.000000000000000048e-04 1.148150000000000039e-02 6.089955969064920566e-15
1.000000000000000048e-04 1.202260000000000134e-02 6.083844298257115846e-15
1.000000000000000048e-04 1.258920000000000004e-02 6.071994031684385616e-15
1.000000000000000048e-04 1.318250000000000151e-02 6.066080197598403809e-15
1.000000000000000048e-04 1.380380000000000149e-02 6.069657392059228092e-15
1.000000000000000048e-04 1.445440000000000093e-02 5.986127531584536540e-15
1.000000000000000048e-04 1.513560000000000079e-02 5.858025608224005354e-15
1.000000000000000048e-04 1.584890000000000257e-02 5.731279665813758517e-15
1.000000000000000048e-04 1.659580000000000083e-02 5.710301548922507744e-15
1.000000000000000048e-04 1.737800000000000109e-02 5.690236268861334331e-15
1.000000000000000048e-04 1.819700000000000137e-02 5.671342025933534843e-15
1.000000000000000048e-04 1.905460000000000140e-02 5.656121735832194393e-15
1.000000000000000048e-04 1.995260000000000089e-02 5.573473239255244733e-15
1.000000000000000048e-04 2.089290000000000244e-02 5.594719557664513001e-15
1.000000000000000048e-04 2.187760000000000052e-02 5.779496295634569983e-15
1.000000000000000048e-04 2.290860000000000118e-02 6.037949306104007243e-15
1.000000000000000048e-04 2.398830000000000059e-02 6.298075274204526902e-15
1.000000000000000048e-04 2.511880000000000016e-02 6.559100594200230250e-15
1.000000000000000048e-04 2.630260000000000237e-02 6.821634161145198463e-15
1.000000000000000048e-04 2.754220000000000279e-02 7.087476955946082758e-15
1.000000000000000048e-04 2.900000000000000147e-02 7.383927055534388378e-15
1.000000000000000048e-04 3.000000000000000236e-02 7.576623703324366909e-15
1.000000000000000048e-04 3.100000000000000325e-02 7.761476693862792176e-15
1.000000000000000048e-04 3.200000000000000067e-02 7.812420473153452498e-15
1.000000000000000048e-04 3.300000000000000155e-02 7.695382547352582365e-15
1.000000000000000048e-04 3.400000000000000244e-02 7.589472248967211699e-15
1.000000000000000048e-04 3.500000000000000333e-02 7.594040006974884715e-15
1.000000000000000048e-04 3.600000000000000422e-02 7.593128180068917176e-15
1.000000000000000048e-04 3.700000000000000511e-02 7.587026695817164003e-15
1.000000000000000048e-04 3.799999999999999906e-02 7.576924361044044067e-15
1.000000000000000048e-04 3.899999999999999994e-02 7.561849917670610118e-15
1.000000000000000048e-04 4.000000000000000083e-02 7.541661663838484415e-15
1.000000000000000048e-04 4.250000000000000305e-02 7.470119579510388020e-15
1.000000000000000048e-04 4.500000000000000527e-02 7.372546767663635440e-15
1.000000000000000048e-04 4.750000000000000056e-02 7.248938752824616694e-15
1.000000000000000048e-04 5.000000000000000278e-02 6.961693146690832584e-15
1.000000000000000048e-04 5.250000000000000500e-02 6.835214470883340482e-15
1.000000000000000048e-04 5.500000000000000028e-02 6.879682716185886025e-15
1.000000000000000048e-04 5.708800000000000680e-02 6.938934993671924282e-15
1.000000000000000048e-04 6.405380000000000795e-02 7.097956279827540559e-15
1.000000000000000048e-04 7.186960000000000570e-02 7.218434351060794708e-15
1.000000000000000048e-04 8.063900000000000234e-02 7.290368799884306837e-15
1.000000000000000048e-04 9.047849600000000547e-02 7.300298700759360029e-15
1.000000000000000048e-04 1.015180000000000110e-01 7.235189419900743193e-15
1.000000000000000048e-04 1.139060000000000072e-01 7.078041182171654316e-15
1.000000000000000048e-04 1.278040000000000009e-01 6.812123418629347984e-15
1.000000000000000048e-04 1.433990080000000222e-01 6.309922757315518255e-15
1.000000000000000048e-04 1.608960000000000112e-01 6.742247051598106758e-15
1.000000000000000048e-04 1.805289919999999992e-01 6.189041176155030287e-15
1.000000000000000048e-04 2.025569920000000190e-01 5.674110700827432347e-15
1.000000000000000048e-04 2.272720000000000018e-01 5.223602238864718233e-15
1.000000000000000048e-04 2.550040000000000084e-01 4.826023008093875124e-15
1.000000000000000048e-04 2.861190080000000080e-01 4.376564882800012256e-15
1.000000000000000048e-04 3.210310080000000066e-01 4.211746318914714085e-15
1.000000000000000048e-04 3.602030080000000467e-01 3.990107574818981773e-15
1.000000000000000048e-04 4.041539840000000217e-01 3.631365643362110658e-15
1.000000000000000048e-04 4.534689920000000152e-01 3.290262954308911111e-15
1.000000000000000048e-04 5.088009920000000630e-01 3.138286907743301788e-15
1.000000000000000048e-04 5.708839680000000749e-01 2.959409549909445655e-15
1.000000000000000048e-04 6.405429759999999861e-01 2.746590833010599859e-15
1.000000000000000048e-04 7.187009920000000385e-01 2.487280711919087493e-15
1.000000000000000048e-04 8.063960320000000959e-01 2.285765345346752601e-15
1.000000000000000048e-04 9.047920000000000407e-01 2.229103717994461165e-15
1.000000000000000048e-04 1.015190020000000137e+00 2.329263847011394154e-15
1.000000000000000048e-04 1.139069950000000109e+00 2.596269575543716816e-15
1.000000000000000048e-04 1.278050050000000049e+00 2.507103487177918956e-15
1.000000000000000048e-04 1.434000000000000163e+00 2.560121050290381754e-15
1.000000000000000048e-04 1.608979970000000037e+00 2.251520513416127694e-15
1.000000000000000048e-04 1.680000000000000160e+00 2.112722116834773869e-15
1.000000000000000048e-04 1.700000000000000178e+00 2.099827701863532097e-15
1.000000000000000048e-04 1.800000000000000044e+00 2.036399910219998056e-15
1.000000000000000048e-04 1.900000000000000133e+00 1.983815713494038047e-15
1.000000000000000048e-04 2.000000000000000000e+00 1.950588022428804091e-15
1.000000000000000048e-04 2.100000000000000089e+00 1.909565428788327024e-15
1.000000000000000048e-04 2.200000000000000178e+00 1.860769205585633973e-15
1.000000000000000048e-04 2.300000000000000266e+00 1.809662404780115935e-15
1.000000000000000048e-04 2.400000000000000355e+00 1.748143050698690245e-15
1.000000000000000048e-04 2.500000000000000000e+00 1.659335471213692368e-15
1.000000000000000048e-04 2.600000000000000089e+00 1.596711469859097015e-15
1.000000000000000048e-04 2.750000130000000098e+00 1.549460014487310753e-15
1.000000000000000048e-04 3.000000000000000000e+00 1.474289283212279542e-15
1.000000000000000048e-04 3.249999870000000346e+00 1.424731481045289125e-15
1.000000000000000048e-04 3.500000000000000000e+00 1.373464954951655184e-15
1.000000000000000048e-04 3.750000130000000098e+00 1.318409725322053756e-15
1.000000000000000048e-04 4.000000000000000000e+00 1.265913365517832438e-15
1.000000000000000048e-04 4.249999869999999902e+00 1.214009610645835345e-15
1.000000000000000048e-04 4.499999740000000692e+00 1.146744082342062974e-15
1.000000000000000048e-04 4.750000130000000098e+00 1.113022501327593968e-15
1.000000000000000048e-04 5.000000000000000000e+00 1.080337733303254395e-15
1.000000000000000048e-04 5.249999869999999902e+00 1.048168579531163684e-15
1.000000000000000048e-04 5.500000260000000196e+00 1.017001775067781330e-15
1.000000000000000048e-04 5.750000130000000098e+00 9.861479831128207063e-16
1.000000000000000048e-04 6.000000000000000000e+00 9.547995372321073118e-16
1.000000000000000048e-04 6.249999870000000790e+00 9.164989291117729901e-16
1.000000000000000048e-04 6.499999740000000692e+00 8.925873920964763979e-16
1.000000000000000048e-04 6.750000130000000098e+00 8.696142507454760878e-16
1.000000000000000048e-04 7.000000000000000000e+00 8.474640112284623586e-16
1.000000000000000048e-04 7.249999870000000790e+00 8.261411488113631627e-16
1.000000000000000048e-04 7.500000260000000196e+00 8.055121015116729169e-16
1.000000000000000048e-04 7.750000130000000098e+00 7.856391187264717732e-16
1.000000000000000048e-04 8.000000000000000000e+00 7.663269082698755228e-16
1.000000000000000048e-04 8.249999869999999902e+00 7.476902594261669774e-16
1.000000000000000048e-04 8.499999739999999804e+00 7.294450518981031267e-16
1.000000000000000048e-04 8.750000130000000098e+00 7.108123079046417502e-16
1.000000000000000048e-04 8.999999490000000435e+00 6.860155201545386114e-16
1.000000000000000048e-04 9.249999869999999902e+00 6.738373277718158379e-16
1.000000000000000048e-04 9.500000260000000196e+00 6.619042721428793030e-16
1.000000000000000048e-04 9.749999620000000533e+00 6.502914761459780326e-16
1.000000000000000048e-04 1.000000000000000000e+01 6.390969368872497584e-16
1.000000000000000048e-04 1.025000040000000112e+01 6.281435973775356851e-16
1.000000000000000048e-04 1.049999970000000005e+01 6.173910108935504145e-16
1.000000000000000048e-04 1.075000010000000117e+01 6.069802013887772166e-16
1.000000000000000048e-04 1.100000050000000051e+01 5.967841066506489016e-16
1.000000000000000048e-04 1.124999990000000061e+01 5.868272006821032974e-16
1.000000000000000048e-04 1.150000029999999995e+01 5.771219232018117286e-16
1.000000000000000048e-04 1.174999960000000065e+01 5.676385815791980150e-16
1.000000000000000048e-04 1.200000000000000000e+01 5.584137450920806294e-16
1.000000000000000048e-04 1.225000040000000112e+01 5.493396578506514640e-16
1.000000000000000048e-04 1.249999970000000005e+01 5.404270062986419860e-16
1.000000000000000048e-04 1.275000010000000117e+01 5.318158330729147611e-16
1.000000000000000048e-04 1.299999950000000126e+01 5.232878392942931827e-16
1.000000000000000048e-04 1.324999990000000061e+01 5.148935146560583502e-16
1.000000000000000048e-04 1.350000029999999995e+01 5.066620049746453864e-16
1.000000000000000048e-04 1.374999960000000065e+01 4.974758006094305645e-16
1.000000000000000048e-04 1.400000000000000000e+01 4.921029859772490780e-16
1.000000000000000048e-04 1.425000040000000112e+01 4.866523454426629873e-16
1.000000000000000048e-04 1.449999970000000005e+01 4.814362390092600006e-16
1.000000000000000048e-04 1.475000010000000117e+01 4.762390833118413024e-16
1.000000000000000048e-04 1.500000050000000051e+01 4.710887771373356470e-16
1.000000000000000048e-04 1.524999990000000061e+01 4.660644784788158567e-16
1.000000000000000048e-04 1.550000030000000173e+01 4.610815711443314932e-16
1.000000000000000048e-04 1.574999960000000065e+01 4.562037274933698381e-16
1.000000000000000048e-04 1.600000000000000000e+01 4.513982664295242465e-16
1.000000000000000048e-04 1.625000040000000112e+01 4.466598075954757166e-16
1.000000000000000048e-04 1.649999970000000005e+01 4.419679130496864063e-16
1.000000000000000048e-04 1.675000010000000117e+01 4.373844767773498688e-16
1.000000000000000048e-04 1.699999950000000126e+01 4.328275326148404231e-16
1.000000000000000048e-04 1.725000089999999986e+01 4.283140170936318322e-16
1.000000000000000048e-04 1.750000029999999995e+01 4.239184722241011469e-16
1.000000000000000048e-04 1.774999960000000243e+01 4.195495405716532000e-16
1.000000000000000048e-04 1.799999900000000252e+01 4.152311419805543578e-16
1.000000000000000048e-04 1.825000040000000112e+01 4.109785099166151802e-16
1.000000000000000048e-04 1.849999970000000005e+01 4.066410859274419137e-16
1.000000000000000048e-04 1.874999910000000014e+01 4.026146231150442346e-16
1.000000000000000048e-04 1.900000050000000229e+01 3.985241078630452913e-16
1.000000000000000048e-04 1.924999990000000238e+01 3.945410441766160830e-16
1.000000000000000048e-04 1.949999920000000131e+01 3.904990159648306921e-16
1.000000000000000048e-04 1.975000059999999991e+01 3.866513304567009026e-16
1.000000000000000048e-04 2.000000000000000000e+01 3.826856753340555768e-16
4.000000000000000083e-03 0.000000000000000000e+00 1.240201599730025869e-14
4.000000000000000083e-03 1.258929999999999956e-04 1.240201599730025869e-14
4.000000000000000083e-03 1.412539999999999998e-04 1.240201599730025869e-14
4.000000000000000083e-03 1.584890000000000203e-04 1.240201599730025869e-14
4.000000000000000083e-03 1.778280000000000193e-04 1.240201599730025869e-14
4.000000000000000083e-03 1.995270000000000160e-04 1.240201599730025869e-14
4.000000000000000083e-03 2.238730000000000028e-04 1.240201599730025869e-14
4.000000000000000083e-03 2.511890000000000238e-04 1.240201599730025869e-14
4.000000000000000083e-03 2.818390000000000370e-04 1.240201599730025869e-14
4.000000000000000083e-03 3.162290000000000110e-04 1.240201599730025869e-14
4.000000000000000083e-03 3.548150000000000240e-04 1.240201599730025869e-14
4.000000000000000083e-03 3.981090000000000063e-04 1.240201599730025869e-14
4.000000000000000083e-03 4.466860000000000123e-04 1.240201599730025869e-14
4.000000000000000083e-03 5.011899999999999905e-04 1.240201599730025869e-14
4.000000000000000083e-03 5.623439999999999949e-04 1.240201599730025869e-14
4.000000000000000083e-03 6.309610000000000869e-04 1.240201599730025869e-14
4.000000000000000083e-03 7.079500000000000506e-04 1.240201599730025869e-14
4.000000000000000083e-03 7.943340000000000557e-04 1.240201599730025869e-14
4.000000000000000083e-03 8.912570000000000084e-04 1.240201599730025869e-14
4.000000000000000083e-03 1.000000000000000021e-03 1.240201599730025869e-14
4.000000000000000083e-03 1.047130000000000066e-03 1.240201599730025869e-14
4.000000000000000083e-03 1.096480000000000154e-03 1.240201599730025869e-14
4.000000000000000083e-03 1.148150000000000125e-03 1.240201599730025869e-14
4.000000000000000083e-03 1.202260000000000134e-03 1.240201599730025869e-14
4.000000000000000083e-03 1.258930000000000118e-03 1.240201599730025869e-14
4.000000000000000083e-03 1.318260000000000135e-03 1.240201599730025869e-14
4.000000000000000083e-03 1.380380000000000062e-03 1.240201599730025869e-14
4.000000000000000083e-03 1.445440000000000093e-03 1.240201599730025869e-14
4.000000000000000083e-03 1.513560000000000166e-03 1.240201599730025869e-14
4.000000000000000083e-03 1.584890000000000040e-03 1.240201599730025869e-14
4.000000000000000083e-03 1.659590000000000067e-03 1.240201599730025869e-14
4.000000000000000083e-03 1.737800000000000065e-03 1.240201599730025869e-14
4.000000000000000083e-03 1.819700000000000050e-03 1.240201599730025869e-14
4.000000000000000083e-03 1.905460000000000096e-03 1.240201599730025869e-14
4.000000000000000083e-03 1.995260000000000002e-03 1.240201599730025869e-14
4.000000000000000083e-03 2.089290000000000157e-03 1.240201599730025869e-14
4.000000000000000083e-03 2.187759999999999965e-03 1.240201599730025869e-14
4.000000000000000083e-03 2.290869999999999972e-03 1.240201599730025869e-14
4.000000000000000083e-03 2.398830000000000233e-03 1.240201599730025869e-14
4.000000000000000083e-03 2.511880000000000189e-03 1.725482367664987333e-14
4.000000000000000083e-03 2.630270000000000091e-03 1.991290308764869282e-14
4.000000000000000083e-03 2.754230000000000306e-03 2.792937441155569807e-14
4.000000000000000083e-03 2.884030000000000100e-03 4.220472538875117227e-14
4.000000000000000083e-03 3.019949999999999978e-03 6.021925589132912434e-14
4.000000000000000083e-03 3.162270000000000011e-03 9.307007969304772105e-14
4.000000000000000083e-03 3.311310000000000035e-03 1.046094504564340803e-13
4.000000000000000083e-03 3.467360000000000060e-03 1.050459608460241641e-13
4.000000000000000083e-03 3.630780000000000118e-03 8.955596682100059377e-14
4.000000000000000083e-03 3.801890000000000044e-03 7.392813657770596538e-14
4.000000000000000083e-03 3.981070000000000615e-03 9.980626846186566163e-14
4.000000000000000083e-03 4.168690000000000069e-03 1.128521623476066564e-13
4.000000000000000083e-03 4.365149999999999933e-03 1.020603170150531913e-13
4.000000000000000083e-03 4.570880000000000255e-03 7.559733920496981149e-14
4.000000000000000083e-03 4.786290000000000336e-03 5.405598374786412848e-14
4.000000000000000083e-03 5.011859999999999926e-03 4.363936426145224403e-14
4.000000000000000083e-03 5.248070000000000512e-03 3.732021486701938665e-14
4.000000000000000083e-03 5.495400000000000111e-03 4.304831228640104888e-14
4.000000000000000083e-03 5.754390000000000720e-03 5.099398498672545994e-14
4.000000000000000083e-03 6.025590000000000807e-03 5.850973465353466190e-14
4.000000000000000083e-03 6.309560000000000515e-03 6.534424329674276686e-14
4.000000000000000083e-03 6.606920000000000501e-03 6.961847169782201647e-14
4.000000000000000083e-03 6.918300000000000491e-03 6.448969282347521628e-14
4.000000000000000083e-03 7.244350000000000095e-03 6.591286639570305094e-14
4.000000000000000083e-03 7.585760000000000419e-03 6.697555341520708745e-14
4.000000000000000083e-03 7.943270000000000539e-03 6.774446401193516378e-14
4.000000000000000083e-03 8.317620000000001262e-03 6.812774079773560198e-14
4.000000000000000083e-03 8.709620000000001250e-03 6.810168036061193065e-14
4.000000000000000083e-03 9.120090000000000835e-03 6.752764047119841937e-14
4.000000000000000083e-03 9.549900000000000055e-03 6.638791327496876370e-14
4.000000000000000083e-03 9.999980000000000327e-03 6.055851870481686162e-14
4.000000000000000083e-03 1.047130000000000109e-02 5.203223707725838151e-14
4.000000000000000083e-03 1.096480000000000024e-02 4.829712914347306673e-14
4.000000000000000083e-03 1.148150000000000039e-02 4.480023757897547841e-14
4.000000000000000083e-03 1.202260000000000134e-02 4.130946182431349952e-14
4.000000000000000083e-03 1.258920000000000004e-02 3.777723706565109644e-14
4.000000000000000083e-03 1.318250000000000151e-02 3.426241543832371273e-14
4.000000000000000083e-03 1.380380000000000149e-02 3.079259632607329509e-14
4.000000000000000083e-03 1.445440000000000093e-02 2.647145113705573172e-14
4.000000000000000083e-03 1.513560000000000079e-02 2.380544116479602062e-14
4.000000000000000083e-03 1.584890000000000257e-02 2.435164326919921864e-14
4.000000000000000083e-03 1.659580000000000083e-02 2.538594695966348497e-14
4.000000000000000083e-03 1.737800000000000109e-02 2.637490670887350728e-14
4.000000000000000083e-03 1.819700000000000137e-02 2.722192069355667668e-14
4.000000000000000083e-03 1.905460000000000140e-02 2.795280586583968157e-14
4.000000000000000083e-03 1.995260000000000089e-02 2.855144917497525568e-14
4.000000000000000083e-03 2.089290000000000244e-02 2.724090669617204628e-14
4.000000000000000083e-03 2.187760000000000052e-02 2.704521984605071592e-14
4.000000000000000083e-03 2.290860000000000118e-02 2.735996494583352824e-14
4.000000000000000083e-03 2.398830000000000059e-02 2.759835247597011080e-14
4.000000000000000083e-03 2.511880000000000016e-02 2.774851766549230555e-14
4.000000000000000083e-03 2.630260000000000237e-02 2.780523246062140501e-14
4.000000000000000083e-03 2.754220000000000279e-02 2.775277464686876719e-14
4.000000000000000083e-03 2.900000000000000147e-02 2.755301209379244450e-14
4.000000000000000083e-03 3.000000000000000236e-02 2.733318460492406633e-14
4.000000000000000083e-03 3.100000000000000325e-02 2.704841012104645045e-14
4.000000000000000083e-03 3.200000000000000067e-02 2.670298766856595430e-14
4.000000000000000083e-03 3.300000000000000155e-02 2.630034616635543243e-14
4.000000000000000083e-03 3.400000000000000244e-02 2.526610520279466277e-14
4.000000000000000083e-03 3.500000000000000333e-02 2.459330725839385096e-14
4.000000000000000083e-03 3.600000000000000422e-02 2.398714593476168910e-14
4.000000000000000083e-03 3.700000000000000511e-02 2.364833593259530224e-14
4.000000000000000083e-03 3.799999999999999906e-02 2.329553315222036294e-14
4.000000000000000083e-03 3.899999999999999994e-02 2.293002966813038313e-14
4.000000000000000083e-03 4.000000000000000083e-02 2.257472728102821353e-14
4.000000000000000083e-03 4.250000000000000305e-02 2.157837754246389960e-14
4.000000000000000083e-03 4.500000000000000527e-02 2.051161601743897739e-14
4.000000000000000083e-03 4.750000000000000056e-02 1.938453350946312771e-14
4.000000000000000083e-03 5.000000000000000278e-02 1.820178251114016281e-14
4.000000000000000083e-03 5.250000000000000500e-02 1.696585322358158113e-14
4.000000000000000083e-03 5.500000000000000028e-02 1.553952321553134272e-14
4.000000000000000083e-03 5.708800000000000680e-02 1.494679228772183009e-14
4.000000000000000083e-03 6.405380000000000795e-02 1.395523394354741544e-14
4.000000000000000083e-03 7.186960000000000570e-02 1.258141739972521343e-14
4.000000000000000083e-03 8.063900000000000234e-02 1.174013556571954597e-14
4.000000000000000083e-03 9.047849600000000547e-02 1.117173336274924335e-14
4.000000000000000083e-03 1.015180000000000110e-01 1.029913435947889957e-14
4.000000000000000083e-03 1.139060000000000072e-01 1.138604479408328116e-14
4.000000000000000083e-03 1.278040000000000009e-01 1.086200240737385183e-14
4.000000000000000083e-03 1.433990080000000222e-01 1.012420600731234184e-14
4.000000000000000083e-03 1.608960000000000112e-01 9.150476810536359273e-15
4.000000000000000083e-03 1.805289919999999992e-01 8.148497225425491342e-15
4.000000000000000083e-03 2.025569920000000190e-01 8.108545681671352873e-15
4.000000000000000083e-03 2.272720000000000018e-01 8.179675468838062762e-15
4.000000000000000083e-03 2.550040000000000084e-01 7.986080045481991434e-15
4.000000000000000083e-03 2.861190080000000080e-01 7.481394666403010240e-15
4.000000000000000083e-03 3.210310080000000066e-01 6.606497702716982884e-15
4.000000000000000083e-03 3.602030080000000467e-01 5.731950583942948750e-15
4.000000000000000083e-03 4.041539840000000217e-01 5.275597780024942580e-15
4.000000000000000083e-03 4.534689920000000152e-01 5.031226510781844133e-15
4.000000000000000083e-03 5.088009920000000630e-01 4.682021077522066516e-15
4.000000000000000083e-03 5.708839680000000749e-01 4.419390427275149136e-15
4.000000000000000083e-03 6.405429759999999861e-01 4.212381552761912217e-15
4.000000000000000083e-03 7.187009920000000385e-01 4.023585728040876120e-15
4.000000000000000083e-03 8.063960320000000959e-01 3.811489565885516891e-15
4.000000000000000083e-03 9.047920000000000407e-01 3.478382667464201339e-15
4.000000000000000083e-03 1.015190020000000137e+00 3.204054104369953084e-15
4.000000000000000083e-03 1.139069950000000109e+00 3.422888022049428932e-15
4.000000000000000083e-03 1.278050050000000049e+00 5.006467569341615034e-15
4.000000000000000083e-03 1.434000000000000163e+00 2.950774597736691782e-15
4.000000000000000083e-03 1.608979970000000037e+00 2.484144508531211744e-15
4.000000000000000083e-03 1.680000000000000160e+00 2.427631328307638284e-15
4.000000000000000083e-03 1.700000000000000178e+00 2.413062883631620261e-15
4.000000000000000083e-03 1.800000000000000044e+00 2.342456002009971177e-15
4.000000000000000083e-03 1.900000000000000133e+00 2.276689551683166881e-15
4.000000000000000083e-03 2.000000000000000000e+00 2.165614710004869284e-15
4.000000000000000083e-03 2.100000000000000089e+00 2.077101570935975064e-15
4.000000000000000083e-03 2.200000000000000178e+00 1.990281080807723627e-15
4.000000000000000083e-03 2.300000000000000266e+00 1.951117076654836291e-15
4.000000000000000083e-03 2.400000000000000355e+00 1.918713626577993287e-15
4.000000000000000083e-03 2.500000000000000000e+00 1.902488784395802852e-15
4.000000000000000083e-03 2.600000000000000089e+00 1.923894993901678504e-15
4.000000000000000083e-03 2.750000130000000098e+00 1.900755284325821531e-15
4.000000000000000083e-03 3.000000000000000000e+00 1.801008650987692802e-15
4.000000000000000083e-03 3.249999870000000346e+00 1.567640418331904995e-15
4.000000000000000083e-03 3.500000000000000000e+00 1.449309291696066138e-15
4.000000000000000083e-03 3.750000130000000098e+00 1.389645801516393374e-15
4.000000000000000083e-03 4.000000000000000000e+00 1.326087990538372507e-15
4.000000000000000083e-03 4.249999869999999902e+00 1.256042925408800008e-15
4.000000000000000083e-03 4.499999740000000692e+00 1.198134844182813586e-15
4.000000000000000083e-03 4.750000130000000098e+00 1.160620975003255368e-15
4.000000000000000083e-03 5.000000000000000000e+00 1.124730425852682473e-15
4.000000000000000083e-03 5.249999869999999902e+00 1.090428160352625742e-15
4.000000000000000083e-03 5.500000260000000196e+00 1.057554748596094943e-15
4.000000000000000083e-03 5.750000130000000098e+00 1.026490737858672282e-15
4.000000000000000083e-03 6.000000000000000000e+00 1.011576199422514232e-15
4.000000000000000083e-03 6.249999870000000790e+00 9.958146468533506545e-16
4.000000000000000083e-03 6.499999740000000692e+00 9.772180574889396633e-16
4.000000000000000083e-03 6.750000130000000098e+00 9.584235362005838359e-16
4.000000000000000083e-03 7.000000000000000000e+00 9.393048144213879001e-16
4.000000000000000083e-03 7.249999870000000790e+00 9.199635003040045348e-16
4.000000000000000083e-03 7.500000260000000196e+00 9.003230628956609228e-16
4.000000000000000083e-03 7.750000130000000098e+00 8.806548428612725954e-16
4.000000000000000083e-03 8.000000000000000000e+00 8.606792234785863478e-16
4.000000000000000083e-03 8.249999869999999902e+00 8.399981779770038515e-16
4.000000000000000083e-03 8.499999739999999804e+00 8.094605023643539387e-16
4.000000000000000083e-03 8.750000130000000098e+00 7.896875729422577703e-16
4.000000000000000083e-03 8.999999490000000435e+00 7.751898688095644259e-16
4.000000000000000083e-03 9.249999869999999902e+00 7.609283922724725121e-16
4.000000000000000083e-03 9.500000260000000196e+00 7.468129515569639828e-16
4.000000000000000083e-03 9.749999620000000533e+00 7.329962552425960895e-16
4.000000000000000083e-03 1.000000000000000000e+01 7.193294531026230686e-16
4.000000000000000083e-03 1.025000040000000112e+01 7.059364150295554071e-16
4.000000000000000083e-03 1.049999970000000005e+01 6.927692508985432883e-16
4.000000000000000083e-03 1.075000010000000117e+01 6.797601110898666649e-16
4.000000000000000083e-03 1.100000050000000051e+01 6.671162965754040955e-16
4.000000000000000083e-03 1.124999990000000061e+01 6.545468905631998714e-16
4.000000000000000083e-03 1.150000029999999995e+01 6.422715706654657000e-16
4.000000000000000083e-03 1.174999960000000065e+01 6.300554030236338053e-16
4.000000000000000083e-03 1.200000000000000000e+01 6.181574701323597493e-16
4.000000000000000083e-03 1.225000040000000112e+01 6.063476003661665723e-16
4.000000000000000083e-03 1.249999970000000005e+01 5.952004066209903521e-16
4.000000000000000083e-03 1.275000010000000117e+01 5.863027750130354086e-16
4.000000000000000083e-03 1.299999950000000126e+01 5.784287822426374193e-16
4.000000000000000083e-03 1.324999990000000061e+01 5.708890420259777896e-16
4.000000000000000083e-03 1.350000029999999995e+01 5.634375109600689607e-16
4.000000000000000083e-03 1.374999960000000065e+01 5.560995642849839532e-16
4.000000000000000083e-03 1.400000000000000000e+01 5.488051279101252617e-16
4.000000000000000083e-03 1.425000040000000112e+01 5.417638517181356482e-16
4.000000000000000083e-03 1.449999970000000005e+01 5.348240180667292584e-16
4.000000000000000083e-03 1.475000010000000117e+01 5.279917666296654458e-16
4.000000000000000083e-03 1.500000050000000051e+01 5.211894075651763810e-16
4.000000000000000083e-03 1.524999990000000061e+01 5.146359503218601364e-16
4.000000000000000083e-03 1.550000030000000173e+01 5.081329345938553569e-16
4.000000000000000083e-03 1.574999960000000065e+01 5.016577109008109852e-16
4.000000000000000083e-03 1.600000000000000000e+01 4.953667678783283138e-16
4.000000000000000083e-03 1.625000040000000112e+01 4.892057843405615724e-16
4.000000000000000083e-03 1.649999970000000005e+01 4.830568782704889011e-16
4.000000000000000083e-03 1.675000010000000117e+01 4.769593577044254949e-16
4.000000000000000083e-03 1.699999950000000126e+01 4.710668021746432579e-16
4.000000000000000083e-03 1.725000089999999986e+01 4.652863827219551605e-16
4.000000000000000083e-03 1.750000029999999995e+01 4.595092945013942278e-16
4.000000000000000083e-03 1.774999960000000243e+01 4.538520814995086076e-16
4.000000000000000083e-03 1.799999900000000252e+01 4.482903355800835143e-16
4.000000000000000083e-03 1.825000040000000112e+01 4.427681887807972530e-16
4.000000000000000083e-03 1.849999970000000005e+01 4.374692696759721984e-16
4.000000000000000083e-03 1.874999910000000014e+01 4.321851080206135578e-16
4.000000000000000083e-03 1.900000050000000229e+01 4.268668502420227204e-16
4.000000000000000083e-03 1.924999990000000238e+01 4.218318398967060672e-16
4.000000000000000083e-03 1.949999920000000131e+01 4.167554475458810110e-16
4.000000000000000083e-03 1.975000059999999991e+01 4.127452464964449486e-16
4.000000000000000083e-03 2.000000000000000000e+01 4.098130650865887133e-16
2.000000000000000042e-02 0.000000000000000000e+00 1.752366140538675661e-14
2.000000000000000042e-02 1.258929999999999956e-04 1.752366140538675661e-14
2.000000000000000042e-02 1.412539999999999998e-04 1.752366140538675661e-14
2.000000000000000042e-02 1.584890000000000203e-04 1.752366140538675661e-14
2.000000000000000042e-02 1.778280000000000193e-04 1.752366140538675661e-14
2.000000000000000042e-02 1.995270000000000160e-04 1.752366140538675661e-14
2.000000000000000042e-02 2.238730000000000028e-04 1.752366140538675661e-14
2.000000000000000042e-02 2.511890000000000238e-04 1.752366140538675661e-14
2.000000000000000042e-02 2.818390000000000370e-04 1.752366140538675661e-14
2.000000000000000042e-02 3.162290000000000110e-04 1.752366140538675661e-14
2.000000000000000042e-02 3.548150000000000240e-04 1.752366140538675661e-14
2.000000000000000042e-02 3.981090000000000063e-04 1.752366140538675661e-14
2.000000000000000042e-02 4.466860000000000123e-04 1.752366140538675661e-14
2.000000000000000042e-02 5.011899999999999905e-04 1.752366140538675661e-14
2.000000000000000042e-02 5.623439999999999949e-04 1.752366140538675661e-14
2.000000000000000042e-02 6.309610000000000869e-04 1.752366140538675661e-14
2.000000000000000042e-02 7.079500000000000506e-04 1.752366140538675661e-14
2.000000000000000042e-02 7.943340000000000557e-04 1.752366140538675661e-14
2.000000000000000042e-02 8.912570000000000084e-04 1.752366140538675661e-14
2.000000000000000042e-02 1.000000000000000021e-03 2.216664899260900990e-14
2.000000000000000042e-02 1.047130000000000066e-03 2.215182736153554434e-14
2.000000000000000042e-02 1.096480000000000154e-03 2.212531034940083779e-14
2.000000000000000042e-02 1.148150000000000125e-03 2.214669139133528583e-14
2.000000000000000042e-02 1.202260000000000134e-03 2.217653232253709287e-14
2.000000000000000042e-02 1.258930000000000118e-03 2.222830660981851536e-14
2.000000000000000042e-02 1.318260000000000135e-03 2.208283396101696794e-14
2.000000000000000042e-02 1.380380000000000062e-03 2.218646634254565419e-14
2.000000000000000042e-02 1.445440000000000093e-03 2.227448974673840768e-14
2.000000000000000042e-02 1.513560000000000166e-03 2.234654456850425938e-14
2.000000000000000042e-02 1.584890000000000040e-03 2.240271521246343252e-14
2.000000000000000042e-02 1.659590000000000067e-03 2.192049707495597136e-14
2.000000000000000042e-02 1.737800000000000065e-03 2.301597106602473797e-14
2.000000000000000042e-02 1.819700000000000050e-03 2.243700385467222911e-14
2.000000000000000042e-02 1.905460000000000096e-03 2.180672590915055931e-14
2.000000000000000042e-02 1.995260000000000002e-03 2.112050510147462066e-14
2.000000000000000042e-02 2.089290000000000157e-03 2.301953676155777065e-14
2.000000000000000042e-02 2.187759999999999965e-03 2.212118471772416725e-14
2.000000000000000042e-02 2.290869999999999972e-03 2.350424733234502291e-14
2.000000000000000042e-02 2.398830000000000233e-03 2.215111644841204347e-14
2.000000000000000042e-02 2.511880000000000189e-03 2.907210777127084249e-14
2.000000000000000042e-02 2.630270000000000091e-03 2.636318019608977045e-14
2.000000000000000042e-02 2.754230000000000306e-03 2.963922654629548005e-14
2.000000000000000042e-02 2.884030000000000100e-03 2.268649991139207105e-14
2.000000000000000042e-02 3.019949999999999978e-03 4.157723559131209531e-14
2.000000000000000042e-02 3.162270000000000011e-03 4.341349646595704817e-14
2.000000000000000042e-02 3.311310000000000035e-03 4.555961205703406681e-14
2.000000000000000042e-02 3.467360000000000060e-03 4.857496927988501235e-14
2.000000000000000042e-02 3.630780000000000118e-03 5.259486828058889468e-14
2.000000000000000042e-02 3.801890000000000044e-03 5.750716456927925585e-14
2.000000000000000042e-02 3.981070000000000615e-03 6.011854028802205082e-14
2.000000000000000042e-02 4.168690000000000069e-03 5.995574853535438187e-14
2.000000000000000042e-02 4.365149999999999933e-03 5.602275275629701802e-14
2.000000000000000042e-02 4.570880000000000255e-03 5.228339009983710746e-14
2.000000000000000042e-02 4.786290000000000336e-03 5.587455567820082253e-14
2.000000000000000042e-02 5.011859999999999926e-03 6.061015535760950259e-14
2.000000000000000042e-02 5.248070000000000512e-03 6.786331529824849542e-14
2.000000000000000042e-02 5.495400000000000111e-03 7.886040178119339327e-14
2.000000000000000042e-02 5.754390000000000720e-03 8.731764796222543457e-14
2.000000000000000042e-02 6.025590000000000807e-03 8.143594066909349627e-14
2.000000000000000042e-02 6.309560000000000515e-03 7.978202846718512766e-14
2.000000000000000042e-02 6.606920000000000501e-03 8.139924460487585706e-14
2.000000000000000042e-02 6.918300000000000491e-03 8.369590904371194142e-14
2.000000000000000042e-02 7.244350000000000095e-03 8.676890610286984796e-14
2.000000000000000042e-02 7.585760000000000419e-03 9.079128409895009837e-14
2.000000000000000042e-02 7.943270000000000539e-03 9.584955321172706252e-14
2.000000000000000042e-02 8.317620000000001262e-03 1.022176834676743823e-13
2.000000000000000042e-02 8.709620000000001250e-03 1.042848209159497812e-13
2.000000000000000042e-02 9.120090000000000835e-03 9.159194125395031885e-14
2.000000000000000042e-02 9.549900000000000055e-03 8.672123415251496006e-14
2.000000000000000042e-02 9.999980000000000327e-03 8.388330377874279536e-14
2.000000000000000042e-02 1.047130000000000109e-02 8.078122015303062727e-14
2.000000000000000042e-02 1.096480000000000024e-02 7.746220392678369857e-14
2.000000000000000042e-02 1.148150000000000039e-02 7.382973523462731743e-14
2.000000000000000042e-02 1.202260000000000134e-02 6.993063558136037556e-14
2.000000000000000042e-02 1.258920000000000004e-02 6.465279184215680568e-14
2.000000000000000042e-02 1.318250000000000151e-02 5.639968720890410429e-14
2.000000000000000042e-02 1.380380000000000149e-02 5.386529135101427222e-14
2.000000000000000042e-02 1.445440000000000093e-02 5.312698352948430770e-14
2.000000000000000042e-02 1.513560000000000079e-02 5.210423115910049229e-14
2.000000000000000042e-02 1.584890000000000257e-02 5.081518071606931572e-14
2.000000000000000042e-02 1.659580000000000083e-02 4.915590492029867003e-14
2.000000000000000042e-02 1.737800000000000109e-02 4.712512536551285413e-14
2.000000000000000042e-02 1.819700000000000137e-02 4.296203341840357022e-14
2.000000000000000042e-02 1.905460000000000140e-02 3.896311492486731565e-14
2.000000000000000042e-02 1.995260000000000089e-02 3.815810782267008740e-14
2.000000000000000042e-02 2.089290000000000244e-02 3.726234278206451352e-14
2.000000000000000042e-02 2.187760000000000052e-02 3.626756171344494776e-14
2.000000000000000042e-02 2.290860000000000118e-02 3.517478248624112705e-14
2.000000000000000042e-02 2.398830000000000059e-02 3.397392829309569583e-14
2.000000000000000042e-02 2.511880000000000016e-02 3.266254708614228434e-14
2.000000000000000042e-02 2.630260000000000237e-02 3.123286309262020808e-14
2.000000000000000042e-02 2.754220000000000279e-02 2.967516384556579164e-14
2.000000000000000042e-02 2.900000000000000147e-02 2.781188445687795537e-14
2.000000000000000042e-02 3.000000000000000236e-02 2.632630735244860266e-14
2.000000000000000042e-02 3.100000000000000325e-02 2.422901302443587757e-14
2.000000000000000042e-02 3.200000000000000067e-02 2.286352595857280165e-14
2.000000000000000042e-02 3.300000000000000155e-02 2.262263873020876313e-14
2.000000000000000042e-02 3.400000000000000244e-02 2.236408746577067348e-14
2.000000000000000042e-02 3.500000000000000333e-02 2.208764667887598177e-14
2.000000000000000042e-02 3.600000000000000422e-02 2.179425058609420863e-14
2.000000000000000042e-02 3.700000000000000511e-02 2.148456303409681425e-14
2.000000000000000042e-02 3.799999999999999906e-02 2.116075979945989254e-14
2.000000000000000042e-02 3.899999999999999994e-02 2.082175308144037778e-14
2.000000000000000042e-02 4.000000000000000083e-02 2.047940035110279024e-14
2.000000000000000042e-02 4.250000000000000305e-02 1.953125933896253461e-14
2.000000000000000042e-02 4.500000000000000527e-02 1.850626218002694974e-14
2.000000000000000042e-02 4.750000000000000056e-02 1.741086993648647315e-14
2.000000000000000042e-02 5.000000000000000278e-02 1.617016574058404481e-14
2.000000000000000042e-02 5.250000000000000500e-02 1.504229446563064786e-14
2.000000000000000042e-02 5.500000000000000028e-02 1.453960155061656535e-14
2.000000000000000042e-02 5.708800000000000680e-02 1.430427553497324559e-14
2.000000000000000042e-02 6.405380000000000795e-02 1.332749067812130786e-14
2.000000000000000042e-02 7.186960000000000570e-02 1.188592009932862381e-14
2.000000000000000042e-02 8.063900000000000234e-02 1.112597243260651316e-14
2.000000000000000042e-02 9.047849600000000547e-02 1.050341239654279064e-14
2.000000000000000042e-02 1.015180000000000110e-01 9.563508382751875166e-15
2.000000000000000042e-02 1.139060000000000072e-01 8.546424932823347816e-15
2.000000000000000042e-02 1.278040000000000009e-01 9.036400416088702787e-15
2.000000000000000042e-02 1.433990080000000222e-01 8.534599895597328928e-15
2.000000000000000042e-02 1.608960000000000112e-01 7.847967136088034950e-15
2.000000000000000042e-02 1.805289919999999992e-01 6.959413611687374421e-15
2.000000000000000042e-02 2.025569920000000190e-01 6.455475543874699133e-15
2.000000000000000042e-02 2.272720000000000018e-01 6.324282312396398371e-15
2.000000000000000042e-02 2.550040000000000084e-01 6.234947158823304104e-15
2.000000000000000042e-02 2.861190080000000080e-01 6.017209502111166813e-15
2.000000000000000042e-02 3.210310080000000066e-01 5.649384571659664217e-15
2.000000000000000042e-02 3.602030080000000467e-01 5.107320345900084246e-15
2.000000000000000042e-02 4.041539840000000217e-01 4.662025930411616270e-15
2.000000000000000042e-02 4.534689920000000152e-01 4.387410941682050895e-15
2.000000000000000042e-02 5.088009920000000630e-01 4.245411823291360569e-15
2.000000000000000042e-02 5.708839680000000749e-01 4.087260142846715068e-15
2.000000000000000042e-02 6.405429759999999861e-01 3.820982346395097739e-15
2.000000000000000042e-02 7.187009920000000385e-01 3.576356106649081684e-15
2.000000000000000042e-02 8.063960320000000959e-01 3.353513304864439906e-15
2.000000000000000042e-02 9.047920000000000407e-01 3.142690024548815136e-15
2.000000000000000042e-02 1.015190020000000137e+00 3.057443932352430868e-15
2.000000000000000042e-02 1.139069950000000109e+00 3.598757141612926946e-15
2.000000000000000042e-02 1.278050050000000049e+00 2.991023922135513445e-15
2.000000000000000042e-02 1.434000000000000163e+00 2.417483981225459979e-15
2.000000000000000042e-02 1.608979970000000037e+00 2.281722609202929273e-15
2.000000000000000042e-02 1.680000000000000160e+00 2.223200530064468690e-15
2.000000000000000042e-02 1.700000000000000178e+00 2.206574987555984836e-15
2.000000000000000042e-02 1.800000000000000044e+00 2.133782886322417241e-15
2.000000000000000042e-02 1.900000000000000133e+00 2.088919255909843539e-15
2.000000000000000042e-02 2.000000000000000000e+00 2.040188059672389695e-15
2.000000000000000042e-02 2.100000000000000089e+00 1.988663961853453873e-15
2.000000000000000042e-02 2.200000000000000178e+00 1.931679593054714306e-15
2.000000000000000042e-02 2.300000000000000266e+00 1.845102699239443278e-15
2.000000000000000042e-02 2.400000000000000355e+00 1.760590524741128966e-15
2.000000000000000042e-02 2.500000000000000000e+00 1.708340573497287781e-15
2.000000000000000042e-02 2.600000000000000089e+00 1.677268950134383569e-15
2.000000000000000042e-02 2.750000130000000098e+00 1.637291332003968388e-15
2.000000000000000042e-02 3.000000000000000000e+00 1.596937827763380805e-15
2.000000000000000042e-02 3.249999870000000346e+00 1.534346928901092240e-15
2.000000000000000042e-02 3.500000000000000000e+00 1.441808684022571257e-15
2.000000000000000042e-02 3.750000130000000098e+00 1.304057195745383670e-15
2.000000000000000042e-02 4.000000000000000000e+00 1.248976106186257026e-15
2.000000000000000042e-02 4.249999869999999902e+00 1.193968018691300973e-15
2.000000000000000042e-02 4.499999740000000692e+00 1.137463454720427219e-15
2.000000000000000042e-02 4.750000130000000098e+00 1.065215336869417560e-15
2.000000000000000042e-02 5.000000000000000000e+00 1.038569154624744179e-15
2.000000000000000042e-02 5.249999869999999902e+00 1.011466896884027046e-15
2.000000000000000042e-02 5.500000260000000196e+00 9.844626713849018600e-16
2.000000000000000042e-02 5.750000130000000098e+00 9.571691555848104805e-16
2.000000000000000042e-02 6.000000000000000000e+00 9.295641340049875605e-16
2.000000000000000042e-02 6.249999870000000790e+00 8.943077946437751990e-16
2.000000000000000042e-02 6.499999740000000692e+00 8.709454088262116751e-16
2.000000000000000042e-02 6.750000130000000098e+00 8.553879909825904005e-16
2.000000000000000042e-02 7.000000000000000000e+00 8.399323112461721521e-16
2.000000000000000042e-02 7.249999870000000790e+00 8.247788381878892491e-16
2.000000000000000042e-02 7.500000260000000196e+00 8.100371392943381508e-16
2.000000000000000042e-02 7.750000130000000098e+00 7.954902655353662577e-16
2.000000000000000042e-02 8.000000000000000000e+00 7.810225720353254760e-16
2.000000000000000042e-02 8.249999869999999902e+00 7.670477554788388850e-16
2.000000000000000042e-02 8.499999739999999804e+00 7.534744336260473556e-16
2.000000000000000042e-02 8.750000130000000098e+00 7.398711281626682307e-16
2.000000000000000042e-02 8.999999490000000435e+00 7.266175026057034346e-16
2.000000000000000042e-02 9.249999869999999902e+00 7.135333123002356439e-16
2.000000000000000042e-02 9.500000260000000196e+00 7.009391320684747094e-16
2.000000000000000042e-02 9.749999620000000533e+00 6.880924592623333629e-16
2.000000000000000042e-02 1.000000000000000000e+01 6.755617650468379794e-16
2.000000000000000042e-02 1.025000040000000112e+01 6.634326081341783358e-16
2.000000000000000042e-02 1.049999970000000005e+01 6.513673769132238122e-16
2.000000000000000042e-02 1.075000010000000117e+01 6.397222938320231448e-16
2.000000000000000042e-02 1.100000050000000051e+01 6.278806667358958543e-16
2.000000000000000042e-02 1.124999990000000061e+01 6.165996469168131436e-16
2.000000000000000042e-02 1.150000029999999995e+01 6.052056715063635412e-16
2.000000000000000042e-02 1.174999960000000065e+01 5.942378419965679644e-16
2.000000000000000042e-02 1.200000000000000000e+01 5.832385746021997774e-16
2.000000000000000042e-02 1.225000040000000112e+01 5.718463755445036227e-16
2.000000000000000042e-02 1.249999970000000005e+01 5.555040941710839983e-16
2.000000000000000042e-02 1.275000010000000117e+01 5.456620237040324896e-16
2.000000000000000042e-02 1.299999950000000126e+01 5.391882265020783477e-16
2.000000000000000042e-02 1.324999990000000061e+01 5.327658044320195993e-16
2.000000000000000042e-02 1.350000029999999995e+01 5.264967448500826750e-16
2.000000000000000042e-02 1.374999960000000065e+01 5.203066878213615929e-16
2.000000000000000042e-02 1.400000000000000000e+01 5.142083883969069650e-16
2.000000000000000042e-02 1.425000040000000112e+01 5.083305607529726806e-16
2.000000000000000042e-02 1.449999970000000005e+01 5.023588988087043103e-16
2.000000000000000042e-02 1.475000010000000117e+01 4.966429590159415573e-16
2.000000000000000042e-02 1.500000050000000051e+01 4.909403232394905259e-16
2.000000000000000042e-02 1.524999990000000061e+01 4.852728640328777028e-16
2.000000000000000042e-02 1.550000030000000173e+01 4.798496695787311757e-16
2.000000000000000042e-02 1.574999960000000065e+01 4.744779450525548464e-16
2.000000000000000042e-02 1.600000000000000000e+01 4.691775982891985398e-16
2.000000000000000042e-02 1.625000040000000112e+01 4.638727552486954794e-16
2.000000000000000042e-02 1.649999970000000005e+01 4.587842059833087723e-16
2.000000000000000042e-02 1.675000010000000117e+01 4.536978776109067869e-16
2.000000000000000042e-02 1.699999950000000126e+01 4.486738086221657373e-16
2.000000000000000042e-02 1.725000089999999986e+01 4.437595923996056771e-16
2.000000000000000042e-02 1.750000029999999995e+01 4.389435767661336315e-16
2.000000000000000042e-02 1.774999960000000243e+01 4.341214419239594969e-16
2.000000000000000042e-02 1.799999900000000252e+01 4.294570633515937546e-16
2.000000000000000042e-02 1.825000040000000112e+01 4.249559242150367588e-16
2.000000000000000042e-02 1.849999970000000005e+01 4.206161849041873860e-16
2.000000000000000042e-02 1.874999910000000014e+01 4.188443135785257787e-16
2.000000000000000042e-02 1.900000050000000229e+01 4.167196891331419042e-16
2.000000000000000042e-02 1.924999990000000238e+01 4.132575576393681350e-16
2.000000000000000042e-02 1.949999920000000131e+01 4.099180602301654702e-16
2.000000000000000042e-02 1.975000059999999991e+01 4.066970699206015117e-16
2.000000000000000042e-02 2.000000000000000000e+01 4.034169134661263023e-16
