4.000000000000000192e-04 0.000000000000000000e+00 1.093038568428467956e-14
4.000000000000000192e-04 1.258929999999999956e-04 1.093038568428467956e-14
4.000000000000000192e-04 1.412539999999999998e-04 1.093038568428467956e-14
4.000000000000000192e-04 1.584890000000000203e-04 1.093038568428467956e-14
4.000000000000000192e-04 1.778280000000000193e-04 1.093038568428467956e-14
4.000000000000000192e-04 1.995270000000000160e-04 1.093038568428467956e-14
4.000000000000000192e-04 2.238730000000000028e-04 1.093038568428467956e-14
4.000000000000000192e-04 2.511890000000000238e-04 1.093038568428467956e-14
4.000000000000000192e-04 2.818390000000000370e-04 1.093038568428467956e-14
4.000000000000000192e-04 3.162290000000000110e-04 1.093038568428467956e-14
4.000000000000000192e-04 3.548150000000000240e-04 1.093038568428467956e-14
4.000000000000000192e-04 3.981090000000000063e-04 1.093038568428467956e-14
4.000000000000000192e-04 4.466860000000000123e-04 1.093038568428467956e-14
4.000000000000000192e-04 5.011899999999999905e-04 1.093038568428467956e-14
4.000000000000000192e-04 5.623439999999999949e-04 1.093038568428467956e-14
4.000000000000000192e-04 6.309610000000000869e-04 1.093038568428467956e-14
4.000000000000000192e-04 7.079500000000000506e-04 1.093038568428467956e-14
4.000000000000000192e-04 7.943340000000000557e-04 1.093038568428467956e-14
4.000000000000000192e-04 8.912570000000000084e-04 1.093038568428467956e-14
4.000000000000000192e-04 1.000000000000000021e-03 1.093038568428467956e-14
4.000000000000000192e-04 1.047130000000000066e-03 1.093038568428467956e-14
4.000000000000000192e-04 1.096480000000000154e-03 1.093038568428467956e-14
4.000000000000000192e-04 1.148150000000000125e-03 1.093038568428467956e-14
4.000000000000000192e-04 1.202260000000000134e-03 1.093038568428467956e-14
4.000000000000000192e-04 1.258930000000000118e-03 1.093038568428467956e-14
4.000000000000000192e-04 1.318260000000000135e-03 1.093038568428467956e-14
4.000000000000000192e-04 1.380380000000000062e-03 1.093038568428467956e-14
4.000000000000000192e-04 1.445440000000000093e-03 1.093038568428467956e-14
4.000000000000000192e-04 1.513560000000000166e-03 1.103477484147971526e-14
4.000000000000000192e-04 1.584890000000000040e-03 1.055346435830105642e-14
4.000000000000000192e-04 1.659590000000000067e-03 1.008891576401156343e-14
4.000000000000000192e-04 1.737800000000000065e-03 9.644486994737791711e-15
4.000000000000000192e-04 1.819700000000000050e-03 9.223981940190181839e-15
4.000000000000000192e-04 1.905460000000000096e-03 1.074900548985157181e-14
4.000000000000000192e-04 1.995260000000000002e-03 9.870643956655717938e-15
4.000000000000000192e-04 2.089290000000000157e-03 1.188770219104437362e-14
4.000000000000000192e-04 2.187759999999999965e-03 1.028658021299868115e-14
4.000000000000000192e-04 2.290869999999999972e-03 1.104735895046599740e-14
4.000000000000000192e-04 2.398830000000000233e-03 9.557810497215424053e-15
4.000000000000000192e-04 2.511880000000000189e-03 9.063549488209859661e-15
4.000000000000000192e-04 2.630270000000000091e-03 1.067479210850379638e-14
4.000000000000000192e-04 2.754230000000000306e-03 1.699774729426652290e-14
4.000000000000000192e-04 2.884030000000000100e-03 2.668609283615318685e-14
4.000000000000000192e-04 3.019949999999999978e-03 4.596327598954316042e-14
4.000000000000000192e-04 3.162270000000000011e-03 8.326915442875739634e-14
4.000000000000000192e-04 3.311310000000000035e-03 9.835344413819530737e-14
4.000000000000000192e-04 3.467360000000000060e-03 1.096032060393350391e-13
4.000000000000000192e-04 3.630780000000000118e-03 1.184633185245775861e-13
4.000000000000000192e-04 3.801890000000000044e-03 1.172511586272599455e-13
4.000000000000000192e-04 3.981070000000000615e-03 1.041167676225993412e-13
4.000000000000000192e-04 4.168690000000000069e-03 9.611824421082393417e-14
4.000000000000000192e-04 4.365149999999999933e-03 7.390153969605273237e-14
4.000000000000000192e-04 4.570880000000000255e-03 6.207191413784757739e-14
4.000000000000000192e-04 4.786290000000000336e-03 5.058425104097659297e-14
4.000000000000000192e-04 5.011859999999999926e-03 3.997295905508807196e-14
4.000000000000000192e-04 5.248070000000000512e-03 3.074694346678345870e-14
4.000000000000000192e-04 5.495400000000000111e-03 2.303817056978728375e-14
4.000000000000000192e-04 5.754390000000000720e-03 2.216656111026141985e-14
4.000000000000000192e-04 6.025590000000000807e-03 2.105562772983836925e-14
4.000000000000000192e-04 6.309560000000000515e-03 1.966150377809365354e-14
4.000000000000000192e-04 6.606920000000000501e-03 1.785231776217387362e-14
4.000000000000000192e-04 6.918300000000000491e-03 1.536190003989383096e-14
4.000000000000000192e-04 7.244350000000000095e-03 1.528613536012408977e-14
4.000000000000000192e-04 7.585760000000000419e-03 1.515443696970622340e-14
4.000000000000000192e-04 7.943270000000000539e-03 1.495456470268461723e-14
4.000000000000000192e-04 8.317620000000001262e-03 1.469094854469348700e-14
4.000000000000000192e-04 8.709620000000001250e-03 1.435424256487501510e-14
4.000000000000000192e-04 9.120090000000000835e-03 1.391479066395932574e-14
4.000000000000000192e-04 9.549900000000000055e-03 1.338636599996899595e-14
4.000000000000000192e-04 9.999980000000000327e-03 1.270353325695377433e-14
4.000000000000000192e-04 1.047130000000000109e-02 1.269571318386989363e-14
4.000000000000000192e-04 1.096480000000000024e-02 1.360111074162162873e-14
4.000000000000000192e-04 1.148150000000000039e-02 1.489581640367266874e-14
4.000000000000000192e-04 1.202260000000000134e-02 1.600731115644562702e-14
4.000000000000000192e-04 1.258920000000000004e-02 1.691188858572852629e-14
4.000000000000000192e-04 1.318250000000000151e-02 1.753618969828194766e-14
4.000000000000000192e-04 1.380380000000000149e-02 1.785161249538280435e-14
4.000000000000000192e-04 1.445440000000000093e-02 1.781563034017436457e-14
4.000000000000000192e-04 1.513560000000000079e-02 1.706529322007373825e-14
4.000000000000000192e-04 1.584890000000000257e-02 1.652815432431058939e-14
4.000000000000000192e-04 1.659580000000000083e-02 1.638833552226701584e-14
4.000000000000000192e-04 1.737800000000000109e-02 1.619304564808665013e-14
4.000000000000000192e-04 1.819700000000000137e-02 1.596678415764096385e-14
4.000000000000000192e-04 1.905460000000000140e-02 1.564735372923111291e-14
4.000000000000000192e-04 1.995260000000000089e-02 1.525412311593025129e-14
4.000000000000000192e-04 2.089290000000000244e-02 1.428422694306583804e-14
4.000000000000000192e-04 2.187760000000000052e-02 1.401779493703131056e-14
4.000000000000000192e-04 2.290860000000000118e-02 1.412849254833544717e-14
4.000000000000000192e-04 2.398830000000000059e-02 1.419914517010108432e-14
4.000000000000000192e-04 2.511880000000000016e-02 1.422352862856583397e-14
4.000000000000000192e-04 2.630260000000000237e-02 1.419970631958831205e-14
4.000000000000000192e-04 2.754220000000000279e-02 1.412165270532296964e-14
4.000000000000000192e-04 2.900000000000000147e-02 1.396257344085008615e-14
4.000000000000000192e-04 3.000000000000000236e-02 1.381287832586748355e-14
4.000000000000000192e-04 3.100000000000000325e-02 1.363163324378585117e-14
4.000000000000000192e-04 3.200000000000000067e-02 1.341972793278753272e-14
4.000000000000000192e-04 3.300000000000000155e-02 1.300546066394416687e-14
4.000000000000000192e-04 3.400000000000000244e-02 1.283285523736674375e-14
4.000000000000000192e-04 3.500000000000000333e-02 1.265040243561653836e-14
4.000000000000000192e-04 3.600000000000000422e-02 1.259946968514851693e-14
4.000000000000000192e-04 3.700000000000000511e-02 1.253693453510240198e-14
4.000000000000000192e-04 3.799999999999999906e-02 1.246249848827221273e-14
4.000000000000000192e-04 3.899999999999999994e-02 1.237742739666560577e-14
4.000000000000000192e-04 4.000000000000000083e-02 1.228109363381368127e-14
4.000000000000000192e-04 4.250000000000000305e-02 1.199217004873174375e-14
4.000000000000000192e-04 4.500000000000000527e-02 1.164016809286545473e-14
4.000000000000000192e-04 4.750000000000000056e-02 1.122843573040391006e-14
4.000000000000000192e-04 5.000000000000000278e-02 1.068540936118975167e-14
4.000000000000000192e-04 5.250000000000000500e-02 1.023417619051197080e-14
4.000000000000000192e-04 5.500000000000000028e-02 1.000903719796752783e-14
4.000000000000000192e-04 5.708800000000000680e-02 9.940608117312987474e-15
4.000000000000000192e-04 6.405380000000000795e-02 9.531456514239207069e-15
4.000000000000000192e-04 7.186960000000000570e-02 9.152363937444972184e-15
4.000000000000000192e-04 8.063900000000000234e-02 9.001419088616203478e-15
4.000000000000000192e-04 9.047849600000000547e-02 8.630533686052636635e-15
4.000000000000000192e-04 1.015180000000000110e-01 8.063231735816059604e-15
4.000000000000000192e-04 1.139060000000000072e-01 9.965761217561058451e-15
4.000000000000000192e-04 1.278040000000000009e-01 9.429782077729202732e-15
4.000000000000000192e-04 1.433990080000000222e-01 8.703048953978613938e-15
4.000000000000000192e-04 1.608960000000000112e-01 7.941894107939954638e-15
4.000000000000000192e-04 1.805289919999999992e-01 7.592240146431224484e-15
4.000000000000000192e-04 2.025569920000000190e-01 7.310561697702982887e-15
4.000000000000000192e-04 2.272720000000000018e-01 6.920257610068413763e-15
4.000000000000000192e-04 2.550040000000000084e-01 6.405236759435240001e-15
4.000000000000000192e-04 2.861190080000000080e-01 5.786156234976383891e-15
4.000000000000000192e-04 3.210310080000000066e-01 5.318947685467322583e-15
4.000000000000000192e-04 3.602030080000000467e-01 5.017340970312702312e-15
4.000000000000000192e-04 4.041539840000000217e-01 4.603317720891639661e-15
4.000000000000000192e-04 4.534689920000000152e-01 4.149866513096654117e-15
4.000000000000000192e-04 5.088009920000000630e-01 3.853828972819804542e-15
4.000000000000000192e-04 5.708839680000000749e-01 3.705525323130230975e-15
4.000000000000000192e-04 6.405429759999999861e-01 3.521603357096993504e-15
4.000000000000000192e-04 7.187009920000000385e-01 3.278451053884652110e-15
4.000000000000000192e-04 8.063960320000000959e-01 3.039734969405630863e-15
4.000000000000000192e-04 9.047920000000000407e-01 2.848159512391232457e-15
4.000000000000000192e-04 1.015190020000000137e+00 2.926656099651753038e-15
4.000000000000000192e-04 1.139069950000000109e+00 3.206340046045758137e-15
4.000000000000000192e-04 1.278050050000000049e+00 2.662131749553949459e-15
4.000000000000000192e-04 1.434000000000000163e+00 2.523397678230138855e-15
4.000000000000000192e-04 1.608979970000000037e+00 2.400686289536549586e-15
4.000000000000000192e-04 1.680000000000000160e+00 2.402988862694225672e-15
4.000000000000000192e-04 1.700000000000000178e+00 2.433532595445441601e-15
4.000000000000000192e-04 1.800000000000000044e+00 2.428041947357594387e-15
4.000000000000000192e-04 1.900000000000000133e+00 2.382977025361942857e-15
4.000000000000000192e-04 2.000000000000000000e+00 2.298016914687000089e-15
4.000000000000000192e-04 2.100000000000000089e+00 2.147622592183869815e-15
4.000000000000000192e-04 2.200000000000000178e+00 2.002702141604412122e-15
4.000000000000000192e-04 2.300000000000000266e+00 1.943994602242762537e-15
4.000000000000000192e-04 2.400000000000000355e+00 1.886713528988203453e-15
4.000000000000000192e-04 2.500000000000000000e+00 1.830667472295640343e-15
4.000000000000000192e-04 2.600000000000000089e+00 1.773843172773746042e-15
4.000000000000000192e-04 2.750000130000000098e+00 1.667327257820593583e-15
4.000000000000000192e-04 3.000000000000000000e+00 1.578220815561233993e-15
4.000000000000000192e-04 3.249999870000000346e+00 1.509476782566971741e-15
4.000000000000000192e-04 3.500000000000000000e+00 1.428962253152274018e-15
4.000000000000000192e-04 3.750000130000000098e+00 1.361058879897958749e-15
4.000000000000000192e-04 4.000000000000000000e+00 1.316170477734450999e-15
4.000000000000000192e-04 4.249999869999999902e+00 1.271680042032726309e-15
4.000000000000000192e-04 4.499999740000000692e+00 1.228354959326410434e-15
4.000000000000000192e-04 4.750000130000000098e+00 1.182777090242124677e-15
4.000000000000000192e-04 5.000000000000000000e+00 1.137993632332974200e-15
4.000000000000000192e-04 5.249999869999999902e+00 1.103552174928604891e-15
4.000000000000000192e-04 5.500000260000000196e+00 1.070300621185684707e-15
4.000000000000000192e-04 5.750000130000000098e+00 1.038355155211684572e-15
4.000000000000000192e-04 6.000000000000000000e+00 1.007456858735612932e-15
4.000000000000000192e-04 6.249999870000000790e+00 9.774963427873184020e-16
4.000000000000000192e-04 6.499999740000000692e+00 9.484192823621186191e-16
4.000000000000000192e-04 6.750000130000000098e+00 9.105301466464379061e-16
4.000000000000000192e-04 7.000000000000000000e+00 8.830854216661821623e-16
4.000000000000000192e-04 7.249999870000000790e+00 8.634209187669068357e-16
4.000000000000000192e-04 7.500000260000000196e+00 8.441636895091828942e-16
4.000000000000000192e-04 7.750000130000000098e+00 8.252949743971042154e-16
4.000000000000000192e-04 8.000000000000000000e+00 8.068234102071881447e-16
4.000000000000000192e-04 8.249999869999999902e+00 7.887379596856870951e-16
4.000000000000000192e-04 8.499999739999999804e+00 7.708790879726768576e-16
4.000000000000000192e-04 8.750000130000000098e+00 7.533961378573042725e-16
4.000000000000000192e-04 8.999999490000000435e+00 7.363309729094301480e-16
4.000000000000000192e-04 9.249999869999999902e+00 7.194653848189600477e-16
4.000000000000000192e-04 9.500000260000000196e+00 7.029663461965805377e-16
4.000000000000000192e-04 9.749999620000000533e+00 6.868465191036974660e-16
4.000000000000000192e-04 1.000000000000000000e+01 6.713332652515621305e-16
4.000000000000000192e-04 1.025000040000000112e+01 6.599792965135591741e-16
4.000000000000000192e-04 1.049999970000000005e+01 6.497118546192148903e-16
4.000000000000000192e-04 1.075000010000000117e+01 6.396471977652931951e-16
4.000000000000000192e-04 1.100000050000000051e+01 6.298134337331760084e-16
4.000000000000000192e-04 1.124999990000000061e+01 6.202007599601116047e-16
4.000000000000000192e-04 1.150000029999999995e+01 6.106875964591069182e-16
4.000000000000000192e-04 1.174999960000000065e+01 6.014320570446349898e-16
4.000000000000000192e-04 1.200000000000000000e+01 5.924765204497510500e-16
4.000000000000000192e-04 1.225000040000000112e+01 5.834762548120119326e-16
4.000000000000000192e-04 1.249999970000000005e+01 5.748070367182053233e-16
4.000000000000000192e-04 1.275000010000000117e+01 5.661662380610650666e-16
4.000000000000000192e-04 1.299999950000000126e+01 5.577380638210650478e-16
4.000000000000000192e-04 1.324999990000000061e+01 5.494823430826444595e-16
4.000000000000000192e-04 1.350000029999999995e+01 5.413590612903331332e-16
4.000000000000000192e-04 1.374999960000000065e+01 5.334954483906155041e-16
4.000000000000000192e-04 1.400000000000000000e+01 5.256213243882411366e-16
4.000000000000000192e-04 1.425000040000000112e+01 5.179648433697588427e-16
4.000000000000000192e-04 1.449999970000000005e+01 5.103700614983785132e-16
4.000000000000000192e-04 1.475000010000000117e+01 5.029259352341051350e-16
4.000000000000000192e-04 1.500000050000000051e+01 4.955370541383641121e-16
4.000000000000000192e-04 1.524999990000000061e+01 4.879318990667055415e-16
4.000000000000000192e-04 1.550000030000000173e+01 4.765293839159728705e-16
4.000000000000000192e-04 1.574999960000000065e+01 4.715138637592457836e-16
4.000000000000000192e-04 1.600000000000000000e+01 4.666245322686966640e-16
4.000000000000000192e-04 1.625000040000000112e+01 4.616819734433913411e-16
4.000000000000000192e-04 1.649999970000000005e+01 4.568201818094824026e-16
4.000000000000000192e-04 1.675000010000000117e+01 4.520731998685449912e-16
4.000000000000000192e-04 1.699999950000000126e+01 4.474557849338006143e-16
4.000000000000000192e-04 1.725000089999999986e+01 4.428385574426359350e-16
4.000000000000000192e-04 1.750000029999999995e+01 4.383144470197672715e-16
4.000000000000000192e-04 1.774999960000000243e+01 4.338249774522011507e-16
4.000000000000000192e-04 1.799999900000000252e+01 4.294938927340006907e-16
4.000000000000000192e-04 1.825000040000000112e+01 4.251119035671011907e-16
4.000000000000000192e-04 1.849999970000000005e+01 4.208549624699786351e-16
4.000000000000000192e-04 1.874999910000000014e+01 4.167019181494128257e-16
4.000000000000000192e-04 1.900000050000000229e+01 4.125013738549469454e-16
4.000000000000000192e-04 1.924999990000000238e+01 4.084215293751038920e-16
4.000000000000000192e-04 1.949999920000000131e+01 4.043508274481605993e-16
4.000000000000000192e-04 1.975000059999999991e+01 4.003800506162685429e-16
4.000000000000000192e-04 2.000000000000000000e+01 3.964871851402442574e-16
8.000000000000000167e-03 0.000000000000000000e+00 1.780569145842066078e-14
8.000000000000000167e-03 1.258929999999999956e-04 1.780569145842066078e-14
8.000000000000000167e-03 1.412539999999999998e-04 1.780569145842066078e-14
8.000000000000000167e-03 1.584890000000000203e-04 1.780569145842066078e-14
8.000000000000000167e-03 1.778280000000000193e-04 1.780569145842066078e-14
8.000000000000000167e-03 1.995270000000000160e-04 1.780569145842066078e-14
8.000000000000000167e-03 2.238730000000000028e-04 1.780569145842066078e-14
8.000000000000000167e-03 2.511890000000000238e-04 1.780569145842066078e-14
8.000000000000000167e-03 2.818390000000000370e-04 1.780569145842066078e-14
8.000000000000000167e-03 3.162290000000000110e-04 1.780569145842066078e-14
8.000000000000000167e-03 3.548150000000000240e-04 1.780569145842066078e-14
8.000000000000000167e-03 3.981090000000000063e-04 1.780569145842066078e-14
8.000000000000000167e-03 4.466860000000000123e-04 1.780569145842066078e-14
8.000000000000000167e-03 5.011899999999999905e-04 1.780569145842066078e-14
8.000000000000000167e-03 5.623439999999999949e-04 1.780569145842066078e-14
8.000000000000000167e-03 6.309610000000000869e-04 1.780569145842066078e-14
8.000000000000000167e-03 7.079500000000000506e-04 1.780569145842066078e-14
8.000000000000000167e-03 7.943340000000000557e-04 1.780569145842066078e-14
8.000000000000000167e-03 8.912570000000000084e-04 1.780569145842066078e-14
8.000000000000000167e-03 1.000000000000000021e-03 1.780569145842066078e-14
8.000000000000000167e-03 1.047130000000000066e-03 1.780569145842066078e-14
8.000000000000000167e-03 1.096480000000000154e-03 1.780569145842066078e-14
8.000000000000000167e-03 1.148150000000000125e-03 1.780569145842066078e-14
8.000000000000000167e-03 1.202260000000000134e-03 1.780569145842066078e-14
8.000000000000000167e-03 1.258930000000000118e-03 1.780569145842066078e-14
8.000000000000000167e-03 1.318260000000000135e-03 1.780569145842066078e-14
8.000000000000000167e-03 1.380380000000000062e-03 1.780569145842066078e-14
8.000000000000000167e-03 1.445440000000000093e-03 1.780569145842066078e-14
8.000000000000000167e-03 1.513560000000000166e-03 1.780569145842066078e-14
8.000000000000000167e-03 1.584890000000000040e-03 1.780569145842066078e-14
8.000000000000000167e-03 1.659590000000000067e-03 1.780569145842066078e-14
8.000000000000000167e-03 1.737800000000000065e-03 2.143741620905691468e-14
8.000000000000000167e-03 1.819700000000000050e-03 2.144708722170765676e-14
8.000000000000000167e-03 1.905460000000000096e-03 2.150759242124154641e-14
8.000000000000000167e-03 1.995260000000000002e-03 2.172736472326161527e-14
8.000000000000000167e-03 2.089290000000000157e-03 2.214961123313761338e-14
8.000000000000000167e-03 2.187759999999999965e-03 2.473806707053427637e-14
8.000000000000000167e-03 2.290869999999999972e-03 2.541698369736985335e-14
8.000000000000000167e-03 2.398830000000000233e-03 2.703309943140453363e-14
8.000000000000000167e-03 2.511880000000000189e-03 2.922462736004515502e-14
8.000000000000000167e-03 2.630270000000000091e-03 3.008030344697513207e-14
8.000000000000000167e-03 2.754230000000000306e-03 3.268340834054752096e-14
8.000000000000000167e-03 2.884030000000000100e-03 3.530135647605849162e-14
8.000000000000000167e-03 3.019949999999999978e-03 3.826816477739952607e-14
8.000000000000000167e-03 3.162270000000000011e-03 4.583865801197487582e-14
8.000000000000000167e-03 3.311310000000000035e-03 4.851138526243469579e-14
8.000000000000000167e-03 3.467360000000000060e-03 5.019002828869736809e-14
8.000000000000000167e-03 3.630780000000000118e-03 5.026651445355299598e-14
8.000000000000000167e-03 3.801890000000000044e-03 4.997778215963716870e-14
8.000000000000000167e-03 3.981070000000000615e-03 4.614163393159770879e-14
8.000000000000000167e-03 4.168690000000000069e-03 4.622327806183828329e-14
8.000000000000000167e-03 4.365149999999999933e-03 4.663656521202433276e-14
8.000000000000000167e-03 4.570880000000000255e-03 4.766278796899151109e-14
8.000000000000000167e-03 4.786290000000000336e-03 5.022420146710219406e-14
8.000000000000000167e-03 5.011859999999999926e-03 5.184363165548550285e-14
8.000000000000000167e-03 5.248070000000000512e-03 6.053118920394580251e-14
8.000000000000000167e-03 5.495400000000000111e-03 7.325445996979813400e-14
8.000000000000000167e-03 5.754390000000000720e-03 8.901758239613369997e-14
8.000000000000000167e-03 6.025590000000000807e-03 1.080634581662552675e-13
8.000000000000000167e-03 6.309560000000000515e-03 1.209303068123670958e-13
8.000000000000000167e-03 6.606920000000000501e-03 1.202603442894336701e-13
8.000000000000000167e-03 6.918300000000000491e-03 1.102000862323895593e-13
8.000000000000000167e-03 7.244350000000000095e-03 1.036587709767567599e-13
8.000000000000000167e-03 7.585760000000000419e-03 9.673161449759844670e-14
8.000000000000000167e-03 7.943270000000000539e-03 8.939742620885414240e-14
8.000000000000000167e-03 8.317620000000001262e-03 8.172377848269323972e-14
8.000000000000000167e-03 8.709620000000001250e-03 7.376373285579605879e-14
8.000000000000000167e-03 9.120090000000000835e-03 6.552111651100195179e-14
8.000000000000000167e-03 9.549900000000000055e-03 5.426134067337999185e-14
8.000000000000000167e-03 9.999980000000000327e-03 4.599332064496920836e-14
8.000000000000000167e-03 1.047130000000000109e-02 4.210783651676651727e-14
8.000000000000000167e-03 1.096480000000000024e-02 4.098186810048696760e-14
8.000000000000000167e-03 1.148150000000000039e-02 3.975832868563241357e-14
8.000000000000000167e-03 1.202260000000000134e-02 3.841831048448808527e-14
8.000000000000000167e-03 1.258920000000000004e-02 3.696132368324679625e-14
8.000000000000000167e-03 1.318250000000000151e-02 3.537296118618726188e-14
8.000000000000000167e-03 1.380380000000000149e-02 3.365628640387215049e-14
8.000000000000000167e-03 1.445440000000000093e-02 3.049994711405433589e-14
8.000000000000000167e-03 1.513560000000000079e-02 2.945577448524684500e-14
8.000000000000000167e-03 1.584890000000000257e-02 2.969101899533454763e-14
8.000000000000000167e-03 1.659580000000000083e-02 2.983183620566365044e-14
8.000000000000000167e-03 1.737800000000000109e-02 2.986147398578534942e-14
8.000000000000000167e-03 1.819700000000000137e-02 2.977173097139780288e-14
8.000000000000000167e-03 1.905460000000000140e-02 2.954945984649789182e-14
8.000000000000000167e-03 1.995260000000000089e-02 2.892183616085350541e-14
8.000000000000000167e-03 2.089290000000000244e-02 2.740383919847180775e-14
8.000000000000000167e-03 2.187760000000000052e-02 2.682703560261543813e-14
8.000000000000000167e-03 2.290860000000000118e-02 2.655207568151548988e-14
8.000000000000000167e-03 2.398830000000000059e-02 2.624229391373859719e-14
8.000000000000000167e-03 2.511880000000000016e-02 2.581529466615945336e-14
8.000000000000000167e-03 2.630260000000000237e-02 2.530474886088407982e-14
8.000000000000000167e-03 2.754220000000000279e-02 2.471123234345747182e-14
8.000000000000000167e-03 2.900000000000000147e-02 2.393592742950065074e-14
8.000000000000000167e-03 3.000000000000000236e-02 2.335680719926220827e-14
8.000000000000000167e-03 3.100000000000000325e-02 2.274105716017908573e-14
8.000000000000000167e-03 3.200000000000000067e-02 2.209093193401053557e-14
8.000000000000000167e-03 3.300000000000000155e-02 2.090032833552926853e-14
8.000000000000000167e-03 3.400000000000000244e-02 1.989769400005861963e-14
8.000000000000000167e-03 3.500000000000000333e-02 1.930893946801896382e-14
8.000000000000000167e-03 3.600000000000000422e-02 1.912021071603595009e-14
8.000000000000000167e-03 3.700000000000000511e-02 1.891934507245569497e-14
8.000000000000000167e-03 3.799999999999999906e-02 1.870703657673114992e-14
8.000000000000000167e-03 3.899999999999999994e-02 1.848327887436235215e-14
8.000000000000000167e-03 4.000000000000000083e-02 1.824864876137267305e-14
8.000000000000000167e-03 4.250000000000000305e-02 1.761967740089641702e-14
8.000000000000000167e-03 4.500000000000000527e-02 1.693883831856302917e-14
8.000000000000000167e-03 4.750000000000000056e-02 1.620837944198509531e-14
8.000000000000000167e-03 5.000000000000000278e-02 1.542861408936779633e-14
8.000000000000000167e-03 5.250000000000000500e-02 1.459246276959763752e-14
8.000000000000000167e-03 5.500000000000000028e-02 1.362722218986908162e-14
8.000000000000000167e-03 5.708800000000000680e-02 1.320045127903770558e-14
8.000000000000000167e-03 6.405380000000000795e-02 1.252022052191980469e-14
8.000000000000000167e-03 7.186960000000000570e-02 1.155999888195355437e-14
8.000000000000000167e-03 8.063900000000000234e-02 1.077641764794086687e-14
8.000000000000000167e-03 9.047849600000000547e-02 1.034246962937624796e-14
8.000000000000000167e-03 1.015180000000000110e-01 9.683414421371485267e-15
8.000000000000000167e-03 1.139060000000000072e-01 8.927061171455511615e-15
8.000000000000000167e-03 1.278040000000000009e-01 1.004740427280570603e-14
8.000000000000000167e-03 1.433990080000000222e-01 9.520199049905152625e-15
8.000000000000000167e-03 1.608960000000000112e-01 8.781497160453046099e-15
8.000000000000000167e-03 1.805289919999999992e-01 7.825365709859721178e-15
8.000000000000000167e-03 2.025569920000000190e-01 7.111265082704103344e-15
8.000000000000000167e-03 2.272720000000000018e-01 6.953488244292616230e-15
8.000000000000000167e-03 2.550040000000000084e-01 6.691664206957555562e-15
8.000000000000000167e-03 2.861190080000000080e-01 6.313065020399624272e-15
8.000000000000000167e-03 3.210310080000000066e-01 5.786385980683334659e-15
8.000000000000000167e-03 3.602030080000000467e-01 5.202194011499199680e-15
8.000000000000000167e-03 4.041539840000000217e-01 4.760302132860180158e-15
8.000000000000000167e-03 4.534689920000000152e-01 4.511605126800651585e-15
8.000000000000000167e-03 5.088009920000000630e-01 4.327729305272059139e-15
8.000000000000000167e-03 5.708839680000000749e-01 4.069324488435009227e-15
8.000000000000000167e-03 6.405429759999999861e-01 3.852959847591074607e-15
8.000000000000000167e-03 7.187009920000000385e-01 3.690199623110736467e-15
8.000000000000000167e-03 8.063960320000000959e-01 3.434872557071065238e-15
8.000000000000000167e-03 9.047920000000000407e-01 3.168764680794505784e-15
8.000000000000000167e-03 1.015190020000000137e+00 2.988424171790105049e-15
8.000000000000000167e-03 1.139069950000000109e+00 3.036282182346895221e-15
8.000000000000000167e-03 1.278050050000000049e+00 4.239808151351983838e-15
8.000000000000000167e-03 1.434000000000000163e+00 2.671102135871511407e-15
8.000000000000000167e-03 1.608979970000000037e+00 2.397069538513327532e-15
8.000000000000000167e-03 1.680000000000000160e+00 2.352295318631912490e-15
8.000000000000000167e-03 1.700000000000000178e+00 2.343949266690775330e-15
8.000000000000000167e-03 1.800000000000000044e+00 2.267807332019288824e-15
8.000000000000000167e-03 1.900000000000000133e+00 2.064808882107393318e-15
8.000000000000000167e-03 2.000000000000000000e+00 1.880361877977989861e-15
8.000000000000000167e-03 2.100000000000000089e+00 1.842862864711144389e-15
8.000000000000000167e-03 2.200000000000000178e+00 1.802115893127246316e-15
8.000000000000000167e-03 2.300000000000000266e+00 1.770573182731995624e-15
8.000000000000000167e-03 2.400000000000000355e+00 1.732224665580255830e-15
8.000000000000000167e-03 2.500000000000000000e+00 1.695316778692426853e-15
8.000000000000000167e-03 2.600000000000000089e+00 1.653289392656567394e-15
8.000000000000000167e-03 2.750000130000000098e+00 1.584317018167488167e-15
8.000000000000000167e-03 3.000000000000000000e+00 1.479315878801517644e-15
8.000000000000000167e-03 3.249999870000000346e+00 1.418481251079698635e-15
8.000000000000000167e-03 3.500000000000000000e+00 1.335984140211034207e-15
8.000000000000000167e-03 3.750000130000000098e+00 1.113944471898974662e-15
8.000000000000000167e-03 4.000000000000000000e+00 1.040305037093394705e-15
8.000000000000000167e-03 4.249999869999999902e+00 1.003744270753002677e-15
8.000000000000000167e-03 4.499999740000000692e+00 9.687161969467615778e-16
8.000000000000000167e-03 4.750000130000000098e+00 9.345702261640262677e-16
8.000000000000000167e-03 5.000000000000000000e+00 9.076355047000412748e-16
8.000000000000000167e-03 5.249999869999999902e+00 9.668134593707589795e-16
8.000000000000000167e-03 5.500000260000000196e+00 9.481217960176179303e-16
8.000000000000000167e-03 5.750000130000000098e+00 9.273703792706301037e-16
8.000000000000000167e-03 6.000000000000000000e+00 9.049510035955594342e-16
8.000000000000000167e-03 6.249999870000000790e+00 8.811071233329573019e-16
8.000000000000000167e-03 6.499999740000000692e+00 8.558114392621787245e-16
8.000000000000000167e-03 6.750000130000000098e+00 8.286649062010568444e-16
8.000000000000000167e-03 7.000000000000000000e+00 7.856999720843522778e-16
8.000000000000000167e-03 7.249999870000000790e+00 7.566768401466214134e-16
8.000000000000000167e-03 7.500000260000000196e+00 7.419077219810642969e-16
8.000000000000000167e-03 7.750000130000000098e+00 7.274758241613077397e-16
8.000000000000000167e-03 8.000000000000000000e+00 7.136193946131775764e-16
8.000000000000000167e-03 8.249999869999999902e+00 7.001630244233116854e-16
8.000000000000000167e-03 8.499999739999999804e+00 6.871099133333364420e-16
8.000000000000000167e-03 8.750000130000000098e+00 6.743708162684045211e-16
8.000000000000000167e-03 8.999999490000000435e+00 6.620802396436415114e-16
8.000000000000000167e-03 9.249999869999999902e+00 6.499563735508811307e-16
8.000000000000000167e-03 9.500000260000000196e+00 6.382313290789083331e-16
8.000000000000000167e-03 9.749999620000000533e+00 6.268306244848539666e-16
8.000000000000000167e-03 1.000000000000000000e+01 6.157966442380691102e-16
8.000000000000000167e-03 1.025000040000000112e+01 6.065739233369691905e-16
8.000000000000000167e-03 1.049999970000000005e+01 5.971482876738829522e-16
8.000000000000000167e-03 1.075000010000000117e+01 5.878475211010635834e-16
8.000000000000000167e-03 1.100000050000000051e+01 5.786976546581939106e-16
8.000000000000000167e-03 1.124999990000000061e+01 5.696412885716916867e-16
8.000000000000000167e-03 1.150000029999999995e+01 5.608189949681270544e-16
8.000000000000000167e-03 1.174999960000000065e+01 5.520642287240482208e-16
8.000000000000000167e-03 1.200000000000000000e+01 5.434206937479622108e-16
8.000000000000000167e-03 1.225000040000000112e+01 5.349870147415348392e-16
8.000000000000000167e-03 1.249999970000000005e+01 5.265819547462220786e-16
8.000000000000000167e-03 1.275000010000000117e+01 5.183829266908227905e-16
8.000000000000000167e-03 1.299999950000000126e+01 5.102800559169198226e-16
8.000000000000000167e-03 1.324999990000000061e+01 5.022913890463625875e-16
8.000000000000000167e-03 1.350000029999999995e+01 4.944915453868495905e-16
8.000000000000000167e-03 1.374999960000000065e+01 4.867573070429795845e-16
8.000000000000000167e-03 1.400000000000000000e+01 4.790114494943551508e-16
8.000000000000000167e-03 1.425000040000000112e+01 4.716099468518006808e-16
8.000000000000000167e-03 1.449999970000000005e+01 4.641853385140521040e-16
8.000000000000000167e-03 1.475000010000000117e+01 4.568805328216274101e-16
8.000000000000000167e-03 1.500000050000000051e+01 4.499573672724716096e-16
8.000000000000000167e-03 1.524999990000000061e+01 4.459394336019966858e-16
8.000000000000000167e-03 1.550000030000000173e+01 4.411323777719769520e-16
8.000000000000000167e-03 1.574999960000000065e+01 4.362798810934269694e-16
8.000000000000000167e-03 1.600000000000000000e+01 4.316358459855779733e-16
8.000000000000000167e-03 1.625000040000000112e+01 4.269955405404109388e-16
8.000000000000000167e-03 1.649999970000000005e+01 4.224327275201882277e-16
8.000000000000000167e-03 1.675000010000000117e+01 4.180012169642112108e-16
8.000000000000000167e-03 1.699999950000000126e+01 4.136891521315862075e-16
8.000000000000000167e-03 1.725000089999999986e+01 4.093391471067268725e-16
8.000000000000000167e-03 1.750000029999999995e+01 4.050281335133280586e-16
8.000000000000000167e-03 1.774999960000000243e+01 4.008787459622149599e-16
8.000000000000000167e-03 1.799999900000000252e+01 3.968407925397901547e-16
8.000000000000000167e-03 1.825000040000000112e+01 3.927490821506613195e-16
8.000000000000000167e-03 1.849999970000000005e+01 3.887580058826860931e-16
8.000000000000000167e-03 1.874999910000000014e+01 3.848092630580648265e-16
8.000000000000000167e-03 1.900000050000000229e+01 3.809437426658577589e-16
8.000000000000000167e-03 1.924999990000000238e+01 3.771395802986655762e-16
8.000000000000000167e-03 1.949999920000000131e+01 3.734330285090603167e-16
8.000000000000000167e-03 1.975000059999999991e+01 3.697563211131880395e-16
8.000000000000000167e-03 2.000000000000000000e+01 3.661202839791921660e-16
5.000000000000000278e-02 0.000000000000000000e+00 2.897337227607029933e-14
5.000000000000000278e-02 1.258929999999999956e-04 2.897337227607029933e-14
5.000000000000000278e-02 1.412539999999999998e-04 3.131897772067520850e-14
5.000000000000000278e-02 1.584890000000000203e-04 3.085276223892483665e-14
5.000000000000000278e-02 1.778280000000000193e-04 3.038194046603418001e-14
5.000000000000000278e-02 1.995270000000000160e-04 2.990684257773328015e-14
5.000000000000000278e-02 2.238730000000000028e-04 3.137424534790321778e-14
5.000000000000000278e-02 2.511890000000000238e-04 3.080098485226456380e-14
5.000000000000000278e-02 2.818390000000000370e-04 3.021960185898112804e-14
5.000000000000000278e-02 3.162290000000000110e-04 3.126881264753893037e-14
5.000000000000000278e-02 3.548150000000000240e-04 3.061989312926721615e-14
5.000000000000000278e-02 3.981090000000000063e-04 3.238199897917761547e-14
5.000000000000000278e-02 4.466860000000000123e-04 3.161138054421055261e-14
5.000000000000000278e-02 5.011899999999999905e-04 3.239464430849335749e-14
5.000000000000000278e-02 5.623439999999999949e-04 3.344032310085425043e-14
5.000000000000000278e-02 6.309610000000000869e-04 3.272770439206740376e-14
5.000000000000000278e-02 7.079500000000000506e-04 3.685701229490597657e-14
5.000000000000000278e-02 7.943340000000000557e-04 3.539129589312312535e-14
5.000000000000000278e-02 8.912570000000000084e-04 3.809814999407255124e-14
5.000000000000000278e-02 1.000000000000000021e-03 3.697798360229886763e-14
5.000000000000000278e-02 1.047130000000000066e-03 3.970309294772525084e-14
5.000000000000000278e-02 1.096480000000000154e-03 3.871822489269482514e-14
5.000000000000000278e-02 1.148150000000000125e-03 3.752837162456172245e-14
5.000000000000000278e-02 1.202260000000000134e-03 4.101563821840093906e-14
5.000000000000000278e-02 1.258930000000000118e-03 4.038723429821393189e-14
5.000000000000000278e-02 1.318260000000000135e-03 3.963576166923951587e-14
5.000000000000000278e-02 1.380380000000000062e-03 4.393358543424188344e-14
5.000000000000000278e-02 1.445440000000000093e-03 4.252671078190688369e-14
5.000000000000000278e-02 1.513560000000000166e-03 4.642758516867677262e-14
5.000000000000000278e-02 1.584890000000000040e-03 4.422414932987132958e-14
5.000000000000000278e-02 1.659590000000000067e-03 4.771749208123478295e-14
5.000000000000000278e-02 1.737800000000000065e-03 5.101502429056290396e-14
5.000000000000000278e-02 1.819700000000000050e-03 4.911420783569881302e-14
5.000000000000000278e-02 1.905460000000000096e-03 5.270418971574041169e-14
5.000000000000000278e-02 1.995260000000000002e-03 5.480623523507628185e-14
5.000000000000000278e-02 2.089290000000000157e-03 5.696514174773497981e-14
5.000000000000000278e-02 2.187759999999999965e-03 5.856789644705961410e-14
5.000000000000000278e-02 2.290869999999999972e-03 5.960421295598641940e-14
5.000000000000000278e-02 2.398830000000000233e-03 5.925993408392127350e-14
5.000000000000000278e-02 2.511880000000000189e-03 6.592886730054455548e-14
5.000000000000000278e-02 2.630270000000000091e-03 5.599329415133811477e-14
5.000000000000000278e-02 2.754230000000000306e-03 5.495402498719631085e-14
5.000000000000000278e-02 2.884030000000000100e-03 5.953849270413038849e-14
5.000000000000000278e-02 3.019949999999999978e-03 6.807678784811476242e-14
5.000000000000000278e-02 3.162270000000000011e-03 7.812385439019492553e-14
5.000000000000000278e-02 3.311310000000000035e-03 8.354089738984536511e-14
5.000000000000000278e-02 3.467360000000000060e-03 8.228901941021219124e-14
5.000000000000000278e-02 3.630780000000000118e-03 7.533852700222976668e-14
5.000000000000000278e-02 3.801890000000000044e-03 7.239179773503517715e-14
5.000000000000000278e-02 3.981070000000000615e-03 7.519243516681632898e-14
5.000000000000000278e-02 4.168690000000000069e-03 8.134478690203212145e-14
5.000000000000000278e-02 4.365149999999999933e-03 9.164531163464577808e-14
5.000000000000000278e-02 4.570880000000000255e-03 1.040415289108319344e-13
5.000000000000000278e-02 4.786290000000000336e-03 1.164249993470683421e-13
5.000000000000000278e-02 5.011859999999999926e-03 1.286057931880261839e-13
5.000000000000000278e-02 5.248070000000000512e-03 1.402958264919440605e-13
5.000000000000000278e-02 5.495400000000000111e-03 1.511742947128660320e-13
5.000000000000000278e-02 5.754390000000000720e-03 1.609125032552217746e-13
5.000000000000000278e-02 6.025590000000000807e-03 1.690291252114168304e-13
5.000000000000000278e-02 6.309560000000000515e-03 1.751706428808243384e-13
5.000000000000000278e-02 6.606920000000000501e-03 1.655142286734969673e-13
5.000000000000000278e-02 6.918300000000000491e-03 1.287294384309137781e-13
5.000000000000000278e-02 7.244350000000000095e-03 1.125000400720094253e-13
5.000000000000000278e-02 7.585760000000000419e-03 1.071247461928324093e-13
5.000000000000000278e-02 7.943270000000000539e-03 1.012927383272915510e-13
5.000000000000000278e-02 8.317620000000001262e-03 9.501075046568673835e-14
5.000000000000000278e-02 8.709620000000001250e-03 8.830059025865028197e-14
5.000000000000000278e-02 9.120090000000000835e-03 8.111587353564996280e-14
5.000000000000000278e-02 9.549900000000000055e-03 7.064584744643470410e-14
5.000000000000000278e-02 9.999980000000000327e-03 6.107168613788500840e-14
5.000000000000000278e-02 1.047130000000000109e-02 5.880645319464221954e-14
5.000000000000000278e-02 1.096480000000000024e-02 5.647307417334116521e-14
5.000000000000000278e-02 1.148150000000000039e-02 5.405377262555951287e-14
5.000000000000000278e-02 1.202260000000000134e-02 5.156211224487325607e-14
5.000000000000000278e-02 1.258920000000000004e-02 4.901355021762189263e-14
5.000000000000000278e-02 1.318250000000000151e-02 4.554664815389037622e-14
5.000000000000000278e-02 1.380380000000000149e-02 4.054564152810606053e-14
5.000000000000000278e-02 1.445440000000000093e-02 3.908244761732491616e-14
5.000000000000000278e-02 1.513560000000000079e-02 3.835414424771894133e-14
5.000000000000000278e-02 1.584890000000000257e-02 3.757311018070152734e-14
5.000000000000000278e-02 1.659580000000000083e-02 3.666779096269865215e-14
5.000000000000000278e-02 1.737800000000000109e-02 3.566872272601935956e-14
5.000000000000000278e-02 1.819700000000000137e-02 3.457027217854078046e-14
5.000000000000000278e-02 1.905460000000000140e-02 3.336875440419647271e-14
5.000000000000000278e-02 1.995260000000000089e-02 3.207092376452586562e-14
5.000000000000000278e-02 2.089290000000000244e-02 3.065748085072393725e-14
5.000000000000000278e-02 2.187760000000000052e-02 2.900411758599872205e-14
5.000000000000000278e-02 2.290860000000000118e-02 2.616435551668519764e-14
5.000000000000000278e-02 2.398830000000000059e-02 2.472379441334625424e-14
5.000000000000000278e-02 2.511880000000000016e-02 2.427947810013096136e-14
5.000000000000000278e-02 2.630260000000000237e-02 2.378626300322872204e-14
5.000000000000000278e-02 2.754220000000000279e-02 2.324575156347031590e-14
5.000000000000000278e-02 2.900000000000000147e-02 2.257416690371711842e-14
5.000000000000000278e-02 3.000000000000000236e-02 2.209427585803111413e-14
5.000000000000000278e-02 3.100000000000000325e-02 2.159936686417389258e-14
5.000000000000000278e-02 3.200000000000000067e-02 2.108935477642785889e-14
5.000000000000000278e-02 3.300000000000000155e-02 2.058168220218193798e-14
5.000000000000000278e-02 3.400000000000000244e-02 2.004537170169439814e-14
5.000000000000000278e-02 3.500000000000000333e-02 1.949895364409153869e-14
5.000000000000000278e-02 3.600000000000000422e-02 1.894194676156157764e-14
5.000000000000000278e-02 3.700000000000000511e-02 1.833594297204912671e-14
5.000000000000000278e-02 3.799999999999999906e-02 1.755718767666458689e-14
5.000000000000000278e-02 3.899999999999999994e-02 1.695744575928516289e-14
5.000000000000000278e-02 4.000000000000000083e-02 1.643751987604223331e-14
5.000000000000000278e-02 4.250000000000000305e-02 1.595273049902405747e-14
5.000000000000000278e-02 4.500000000000000527e-02 1.545538633277741550e-14
5.000000000000000278e-02 4.750000000000000056e-02 1.491850682658301437e-14
5.000000000000000278e-02 5.000000000000000278e-02 1.434651878540578816e-14
5.000000000000000278e-02 5.250000000000000500e-02 1.369627520168130343e-14
5.000000000000000278e-02 5.500000000000000028e-02 1.302875730230897735e-14
5.000000000000000278e-02 5.708800000000000680e-02 1.262068177613189735e-14
5.000000000000000278e-02 6.405380000000000795e-02 1.199421279448606421e-14
5.000000000000000278e-02 7.186960000000000570e-02 1.119563129288335111e-14
5.000000000000000278e-02 8.063900000000000234e-02 1.016794744580852440e-14
5.000000000000000278e-02 9.047849600000000547e-02 9.169782302102847641e-15
5.000000000000000278e-02 1.015180000000000110e-01 9.058438974291666721e-15
5.000000000000000278e-02 1.139060000000000072e-01 8.625918262175834443e-15
5.000000000000000278e-02 1.278040000000000009e-01 8.031959244353125971e-15
5.000000000000000278e-02 1.433990080000000222e-01 7.240094629042887319e-15
5.000000000000000278e-02 1.608960000000000112e-01 6.677312880137101562e-15
5.000000000000000278e-02 1.805289919999999992e-01 6.443580087081542480e-15
5.000000000000000278e-02 2.025569920000000190e-01 6.259656235822333381e-15
5.000000000000000278e-02 2.272720000000000018e-01 6.009090008173650518e-15
5.000000000000000278e-02 2.550040000000000084e-01 5.670808994733934301e-15
5.000000000000000278e-02 2.861190080000000080e-01 5.244767243697534566e-15
5.000000000000000278e-02 3.210310080000000066e-01 4.715988565841260007e-15
5.000000000000000278e-02 3.602030080000000467e-01 4.347872047543007328e-15
5.000000000000000278e-02 4.041539840000000217e-01 4.090117252077700265e-15
5.000000000000000278e-02 4.534689920000000152e-01 3.894176508162120876e-15
5.000000000000000278e-02 5.088009920000000630e-01 3.691451510811900559e-15
5.000000000000000278e-02 5.708839680000000749e-01 3.466980353468611263e-15
5.000000000000000278e-02 6.405429759999999861e-01 3.296358589258880209e-15
5.000000000000000278e-02 7.187009920000000385e-01 3.129106369934596273e-15
5.000000000000000278e-02 8.063960320000000959e-01 2.910188924728796581e-15
5.000000000000000278e-02 9.047920000000000407e-01 2.684810468406605348e-15
5.000000000000000278e-02 1.015190020000000137e+00 2.463677697404318519e-15
5.000000000000000278e-02 1.139069950000000109e+00 2.351202155329431501e-15
5.000000000000000278e-02 1.278050050000000049e+00 2.305949715627206721e-15
5.000000000000000278e-02 1.434000000000000163e+00 2.029479492556716425e-15
5.000000000000000278e-02 1.608979970000000037e+00 1.906240222745722232e-15
5.000000000000000278e-02 1.680000000000000160e+00 1.846592026893227445e-15
5.000000000000000278e-02 1.700000000000000178e+00 1.827803982385517658e-15
5.000000000000000278e-02 1.800000000000000044e+00 1.723884793609037700e-15
5.000000000000000278e-02 1.900000000000000133e+00 1.579244189145442004e-15
5.000000000000000278e-02 2.000000000000000000e+00 1.533116950605813334e-15
5.000000000000000278e-02 2.100000000000000089e+00 1.487236994254591755e-15
5.000000000000000278e-02 2.200000000000000178e+00 1.440805379163047452e-15
5.000000000000000278e-02 2.300000000000000266e+00 1.395238308086377150e-15
5.000000000000000278e-02 2.400000000000000355e+00 1.350523078483451533e-15
5.000000000000000278e-02 2.500000000000000000e+00 1.308682995719394061e-15
5.000000000000000278e-02 2.600000000000000089e+00 1.269131910906221346e-15
5.000000000000000278e-02 2.750000130000000098e+00 1.205473869764052035e-15
5.000000000000000278e-02 3.000000000000000000e+00 1.147651285870606998e-15
5.000000000000000278e-02 3.249999870000000346e+00 1.091072944609023042e-15
5.000000000000000278e-02 3.500000000000000000e+00 1.034070200218011988e-15
5.000000000000000278e-02 3.750000130000000098e+00 9.816734482369126449e-16
5.000000000000000278e-02 4.000000000000000000e+00 9.294801983903557815e-16
5.000000000000000278e-02 4.249999869999999902e+00 8.415138685851141028e-16
5.000000000000000278e-02 4.499999740000000692e+00 7.974282359169108238e-16
5.000000000000000278e-02 4.750000130000000098e+00 7.734346731661660890e-16
5.000000000000000278e-02 5.000000000000000000e+00 7.502956109161650945e-16
5.000000000000000278e-02 5.249999869999999902e+00 7.281402931943459828e-16
5.000000000000000278e-02 5.500000260000000196e+00 7.069815484363358084e-16
5.000000000000000278e-02 5.750000130000000098e+00 6.864685274214618554e-16
5.000000000000000278e-02 6.000000000000000000e+00 6.666016645798737058e-16
5.000000000000000278e-02 6.249999870000000790e+00 6.473463700119938613e-16
5.000000000000000278e-02 6.499999740000000692e+00 6.287807307439921735e-16
5.000000000000000278e-02 6.750000130000000098e+00 6.108116500389639682e-16
5.000000000000000278e-02 7.000000000000000000e+00 5.934471954200320670e-16
5.000000000000000278e-02 7.249999870000000790e+00 5.762753132288523787e-16
5.000000000000000278e-02 7.500000260000000196e+00 5.570100164497099495e-16
5.000000000000000278e-02 7.750000130000000098e+00 5.066505663408682522e-16
5.000000000000000278e-02 8.000000000000000000e+00 4.975797444770855413e-16
5.000000000000000278e-02 8.249999869999999902e+00 4.887683807527017382e-16
5.000000000000000278e-02 8.499999739999999804e+00 4.802581265892541487e-16
5.000000000000000278e-02 8.750000130000000098e+00 4.718724746069324643e-16
5.000000000000000278e-02 8.999999490000000435e+00 4.636803200961419440e-16
5.000000000000000278e-02 9.249999869999999902e+00 4.557216423940008961e-16
5.000000000000000278e-02 9.500000260000000196e+00 4.479369427421690525e-16
5.000000000000000278e-02 9.749999620000000533e+00 4.403435499109215545e-16
5.000000000000000278e-02 1.000000000000000000e+01 4.328870978644213944e-16
5.000000000000000278e-02 1.025000040000000112e+01 4.257023708683152342e-16
5.000000000000000278e-02 1.049999970000000005e+01 4.186022752251618788e-16
5.000000000000000278e-02 1.075000010000000117e+01 4.117223728373807513e-16
5.000000000000000278e-02 1.100000050000000051e+01 4.049194950677451784e-16
5.000000000000000278e-02 1.124999990000000061e+01 3.982465002875400482e-16
5.000000000000000278e-02 1.150000029999999995e+01 3.914295979479045781e-16
5.000000000000000278e-02 1.174999960000000065e+01 3.847540423861926170e-16
5.000000000000000278e-02 1.200000000000000000e+01 3.782189846111792319e-16
5.000000000000000278e-02 1.225000040000000112e+01 3.718878682195576048e-16
5.000000000000000278e-02 1.249999970000000005e+01 3.656854675999950318e-16
5.000000000000000278e-02 1.275000010000000117e+01 3.596364582340286719e-16
5.000000000000000278e-02 1.299999950000000126e+01 3.537613079486191470e-16
5.000000000000000278e-02 1.324999990000000061e+01 3.479729564849576081e-16
5.000000000000000278e-02 1.350000029999999995e+01 3.423249899538478879e-16
5.000000000000000278e-02 1.374999960000000065e+01 3.368569438668658216e-16
5.000000000000000278e-02 1.400000000000000000e+01 3.314884823972227300e-16
5.000000000000000278e-02 1.425000040000000112e+01 3.262165667198862610e-16
5.000000000000000278e-02 1.449999970000000005e+01 3.211191370203508633e-16
5.000000000000000278e-02 1.475000010000000117e+01 3.161032293304369608e-16
5.000000000000000278e-02 1.500000050000000051e+01 3.112153985645355438e-16
5.000000000000000278e-02 1.524999990000000061e+01 3.064596044965851851e-16
5.000000000000000278e-02 1.550000030000000173e+01 3.017928679047580673e-16
5.000000000000000278e-02 1.574999960000000065e+01 2.972325222368086773e-16
5.000000000000000278e-02 1.600000000000000000e+01 2.927366006937004868e-16
5.000000000000000278e-02 1.625000040000000112e+01 2.883880801553906483e-16
5.000000000000000278e-02 1.649999970000000005e+01 2.841556675698049779e-16
5.000000000000000278e-02 1.675000010000000117e+01 2.800714530861883076e-16
5.000000000000000278e-02 1.699999950000000126e+01 2.764295854633703511e-16
5.000000000000000278e-02 1.725000089999999986e+01 2.778077217189520598e-16
5.000000000000000278e-02 1.750000029999999995e+01 2.797834574721423150e-16
5.000000000000000278e-02 1.774999960000000243e+01 2.774332695804456653e-16
5.000000000000000278e-02 1.799999900000000252e+01 2.750718247332947735e-16
5.000000000000000278e-02 1.825000040000000112e+01 2.727877849625172698e-16
5.000000000000000278e-02 1.849999970000000005e+01 2.704490769340404754e-16
5.000000000000000278e-02 1.874999910000000014e+01 2.681652970406157124e-16
5.000000000000000278e-02 1.900000050000000229e+01 2.659426404902093154e-16
5.000000000000000278e-02 1.924999990000000238e+01 2.636717986612304433e-16
5.000000000000000278e-02 1.949999920000000131e+01 2.614398453162549705e-16
5.000000000000000278e-02 1.975000059999999991e+01 2.592120941109829407e-16
5.000000000000000278e-02 2.000000000000000000e+01 2.570366985495058087e-16
1.000000000000000048e-04 0.000000000000000000e+00 1.011054056709952993e-14
1.000000000000000048e-04 1.258929999999999956e-04 1.011054056709952993e-14
1.000000000000000048e-04 1.412539999999999998e-04 1.011054056709952993e-14
1.000000000000000048e-04 1.584890000000000203e-04 1.011054056709952993e-14
1.000000000000000048e-04 1.778280000000000193e-04 1.011054056709952993e-14
1.000000000000000048e-04 1.995270000000000160e-04 1.011054056709952993e-14
1.000000000000000048e-04 2.238730000000000028e-04 1.011054056709952993e-14
1.000000000000000048e-04 2.511890000000000238e-04 1.021710979699240244e-14
1.000000000000000048e-04 2.818390000000000370e-04 1.021710979699240244e-14
1.000000000000000048e-04 3.162290000000000110e-04 1.021710979699240244e-14
1.000000000000000048e-04 3.548150000000000240e-04 1.021710979699240244e-14
1.000000000000000048e-04 3.981090000000000063e-04 1.015934266005727075e-14
1.000000000000000048e-04 4.466860000000000123e-04 1.015558439593352226e-14
1.000000000000000048e-04 5.011899999999999905e-04 1.015786141191670116e-14
1.000000000000000048e-04 5.623439999999999949e-04 1.015772644433740983e-14
1.000000000000000048e-04 6.309610000000000869e-04 1.016509726987804363e-14
1.000000000000000048e-04 7.079500000000000506e-04 1.026219963568190503e-14
1.000000000000000048e-04 7.943340000000000557e-04 1.026793926472087527e-14
1.000000000000000048e-04 8.912570000000000084e-04 1.034396794179586898e-14
1.000000000000000048e-04 1.000000000000000021e-03 1.066147473630499761e-14
1.000000000000000048e-04 1.047130000000000066e-03 1.093208423956219873e-14
1.000000000000000048e-04 1.096480000000000154e-03 1.094738152503367542e-14
1.000000000000000048e-04 1.148150000000000125e-03 1.093186775670102816e-14
1.000000000000000048e-04 1.202260000000000134e-03 1.087907868295001981e-14
1.000000000000000048e-04 1.258930000000000118e-03 1.076227116784483145e-14
1.000000000000000048e-04 1.318260000000000135e-03 1.125103414695085950e-14
1.000000000000000048e-04 1.380380000000000062e-03 1.142215855332097471e-14
1.000000000000000048e-04 1.445440000000000093e-03 1.145504272826050053e-14
1.000000000000000048e-04 1.513560000000000166e-03 1.150181770822673774e-14
1.000000000000000048e-04 1.584890000000000040e-03 1.154547783892097278e-14
1.000000000000000048e-04 1.659590000000000067e-03 1.191113139579271103e-14
1.000000000000000048e-04 1.737800000000000065e-03 1.196731915014283424e-14
1.000000000000000048e-04 1.819700000000000050e-03 1.201915155382707051e-14
1.000000000000000048e-04 1.905460000000000096e-03 1.215933045409666929e-14
1.000000000000000048e-04 1.995260000000000002e-03 1.240230999814589621e-14
1.000000000000000048e-04 2.089290000000000157e-03 1.250910038810770847e-14
1.000000000000000048e-04 2.187759999999999965e-03 1.252132707793134876e-14
1.000000000000000048e-04 2.290869999999999972e-03 1.254255233666053311e-14
1.000000000000000048e-04 2.398830000000000233e-03 1.240581497521307076e-14
1.000000000000000048e-04 2.511880000000000189e-03 1.256711176823887560e-14
1.000000000000000048e-04 2.630270000000000091e-03 1.290471216566441831e-14
1.000000000000000048e-04 2.754230000000000306e-03 1.328358113182768677e-14
1.000000000000000048e-04 2.884030000000000100e-03 1.458018688613620557e-14
1.000000000000000048e-04 3.019949999999999978e-03 4.688049637533217779e-14
1.000000000000000048e-04 3.162270000000000011e-03 2.655209261460938195e-13
1.000000000000000048e-04 3.311310000000000035e-03 3.098851171568753986e-13
1.000000000000000048e-04 3.467360000000000060e-03 3.257960263225603332e-13
1.000000000000000048e-04 3.630780000000000118e-03 3.402595465703960881e-13
1.000000000000000048e-04 3.801890000000000044e-03 3.524941324051866115e-13
1.000000000000000048e-04 3.981070000000000615e-03 3.382317148923845436e-13
1.000000000000000048e-04 4.168690000000000069e-03 2.805139935990797931e-13
1.000000000000000048e-04 4.365149999999999933e-03 2.498071394231946075e-13
1.000000000000000048e-04 4.570880000000000255e-03 2.156402312293823669e-13
1.000000000000000048e-04 4.786290000000000336e-03 1.705311191018790389e-13
1.000000000000000048e-04 5.011859999999999926e-03 1.124601213223771770e-13
1.000000000000000048e-04 5.248070000000000512e-03 4.653914647001311438e-14
1.000000000000000048e-04 5.495400000000000111e-03 1.620170468725569225e-14
1.000000000000000048e-04 5.754390000000000720e-03 1.481319234866965233e-14
1.000000000000000048e-04 6.025590000000000807e-03 1.410688430559605481e-14
1.000000000000000048e-04 6.309560000000000515e-03 1.332220915260051640e-14
1.000000000000000048e-04 6.606920000000000501e-03 1.243584282086298940e-14
1.000000000000000048e-04 6.918300000000000491e-03 1.143938511309074597e-14
1.000000000000000048e-04 7.244350000000000095e-03 1.090814789653942966e-14
1.000000000000000048e-04 7.585760000000000419e-03 1.075831938982721201e-14
1.000000000000000048e-04 7.943270000000000539e-03 1.055278450183733776e-14
1.000000000000000048e-04 8.317620000000001262e-03 1.028416253618568061e-14
1.000000000000000048e-04 8.709620000000001250e-03 9.938674332020971950e-15
1.000000000000000048e-04 9.120090000000000835e-03 9.509999229242771287e-15
1.000000000000000048e-04 9.549900000000000055e-03 8.994032233298361083e-15
1.000000000000000048e-04 9.999980000000000327e-03 8.364829642756137959e-15
1.000000000000000048e-04 1.047130000000000109e-02 7.761237573295226140e-15
1.000000000000000048e-04 1.096480000000000024e-02 7.497438964039352794e-15
1.000000000000000048e-04 1.148150000000000039e-02 7.472252080486456110e-15
1.000000000000000048e-04 1.202260000000000134e-02 7.457339032456822074e-15
1.000000000000000048e-04 1.258920000000000004e-02 7.435573839304508224e-15
1.000000000000000048e-04 1.318250000000000151e-02 7.421429270856655327e-15
1.000000000000000048e-04 1.380380000000000149e-02 7.419406097411133152e-15
1.000000000000000048e-04 1.445440000000000093e-02 7.308721360644170324e-15
1.000000000000000048e-04 1.513560000000000079e-02 7.143525414333867290e-15
1.000000000000000048e-04 1.584890000000000257e-02 6.992526309482818772e-15
1.000000000000000048e-04 1.659580000000000083e-02 6.964595538526024070e-15
1.000000000000000048e-04 1.737800000000000109e-02 6.938239009126033517e-15
1.000000000000000048e-04 1.819700000000000137e-02 6.913798432363800342e-15
1.000000000000000048e-04 1.905460000000000140e-02 6.894359109738632670e-15
1.000000000000000048e-04 1.995260000000000089e-02 6.790749091780334738e-15
1.000000000000000048e-04 2.089290000000000244e-02 6.815657530672998191e-15
1.000000000000000048e-04 2.187760000000000052e-02 7.045839329356485381e-15
1.000000000000000048e-04 2.290860000000000118e-02 7.359421462961011216e-15
1.000000000000000048e-04 2.398830000000000059e-02 7.675429090743177507e-15
1.000000000000000048e-04 2.511880000000000016e-02 7.993143522422096150e-15
1.000000000000000048e-04 2.630260000000000237e-02 8.313164065388263565e-15
1.000000000000000048e-04 2.754220000000000279e-02 8.637929198687679861e-15
1.000000000000000048e-04 2.900000000000000147e-02 9.000586189960113300e-15
1.000000000000000048e-04 3.000000000000000236e-02 9.236744854391266213e-15
1.000000000000000048e-04 3.100000000000000325e-02 9.463582535615989313e-15
1.000000000000000048e-04 3.200000000000000067e-02 9.524034832061707879e-15
1.000000000000000048e-04 3.300000000000000155e-02 9.371696508441104603e-15
1.000000000000000048e-04 3.400000000000000244e-02 9.242172994947008575e-15
1.000000000000000048e-04 3.500000000000000333e-02 9.237650344327887030e-15
1.000000000000000048e-04 3.600000000000000422e-02 9.226280445173212190e-15
1.000000000000000048e-04 3.700000000000000511e-02 9.208518558449936694e-15
1.000000000000000048e-04 3.799999999999999906e-02 9.185841717922279879e-15
1.000000000000000048e-04 3.899999999999999994e-02 9.156942509166923829e-15
1.000000000000000048e-04 4.000000000000000083e-02 9.121665668814856163e-15
1.000000000000000048e-04 4.250000000000000305e-02 9.007512336964787340e-15
1.000000000000000048e-04 4.500000000000000527e-02 8.861449466503672772e-15
1.000000000000000048e-04 4.750000000000000056e-02 8.683444281445002833e-15
1.000000000000000048e-04 5.000000000000000278e-02 8.306372122154481418e-15
1.000000000000000048e-04 5.250000000000000500e-02 8.136987983246304701e-15
1.000000000000000048e-04 5.500000000000000028e-02 8.183451769848723063e-15
1.000000000000000048e-04 5.708800000000000680e-02 8.241007988377562145e-15
1.000000000000000048e-04 6.405380000000000795e-02 8.383144514914698060e-15
1.000000000000000048e-04 7.186960000000000570e-02 8.467262691873369289e-15
1.000000000000000048e-04 8.063900000000000234e-02 8.479856933281821763e-15
1.000000000000000048e-04 9.047849600000000547e-02 8.402460860447174787e-15
1.000000000000000048e-04 1.015180000000000110e-01 8.216768387471894755e-15
1.000000000000000048e-04 1.139060000000000072e-01 7.899445501671356666e-15
1.000000000000000048e-04 1.278040000000000009e-01 7.427409327505114433e-15
1.000000000000000048e-04 1.433990080000000222e-01 6.669548063051525426e-15
1.000000000000000048e-04 1.608960000000000112e-01 7.254199957168887299e-15
1.000000000000000048e-04 1.805289919999999992e-01 6.723277754094629342e-15
1.000000000000000048e-04 2.025569920000000190e-01 6.212025268124632443e-15
1.000000000000000048e-04 2.272720000000000018e-01 5.742220331472296460e-15
1.000000000000000048e-04 2.550040000000000084e-01 5.290684009591871258e-15
1.000000000000000048e-04 2.861190080000000080e-01 4.758739479971754628e-15
1.000000000000000048e-04 3.210310080000000066e-01 4.567810588318195348e-15
1.000000000000000048e-04 3.602030080000000467e-01 4.312872243266046456e-15
1.000000000000000048e-04 4.041539840000000217e-01 3.915638206059955508e-15
1.000000000000000048e-04 4.534689920000000152e-01 3.548905848853202406e-15
1.000000000000000048e-04 5.088009920000000630e-01 3.382000191273380552e-15
1.000000000000000048e-04 5.708839680000000749e-01 3.185585960090743950e-15
1.000000000000000048e-04 6.405429759999999861e-01 2.952083392003635130e-15
1.000000000000000048e-04 7.187009920000000385e-01 2.669271469461756473e-15
1.000000000000000048e-04 8.063960320000000959e-01 2.446563682679817873e-15
1.000000000000000048e-04 9.047920000000000407e-01 2.370075623503448473e-15
1.000000000000000048e-04 1.015190020000000137e+00 2.455601025016392646e-15
1.000000000000000048e-04 1.139069950000000109e+00 2.634495426888399047e-15
1.000000000000000048e-04 1.278050050000000049e+00 2.535163243651922864e-15
1.000000000000000048e-04 1.434000000000000163e+00 2.567266994412177291e-15
1.000000000000000048e-04 1.608979970000000037e+00 2.248068749842740669e-15
1.000000000000000048e-04 1.680000000000000160e+00 2.119154045952358434e-15
1.000000000000000048e-04 1.700000000000000178e+00 2.106277435673355940e-15
1.000000000000000048e-04 1.800000000000000044e+00 2.043041359719068798e-15
1.000000000000000048e-04 1.900000000000000133e+00 1.990310288975804669e-15
1.000000000000000048e-04 2.000000000000000000e+00 1.956396818476118912e-15
1.000000000000000048e-04 2.100000000000000089e+00 1.913383524785644107e-15
1.000000000000000048e-04 2.200000000000000178e+00 1.863328573017395436e-15
1.000000000000000048e-04 2.300000000000000266e+00 1.811223188890124073e-15
1.000000000000000048e-04 2.400000000000000355e+00 1.749223766091029702e-15
1.000000000000000048e-04 2.500000000000000000e+00 1.660661983624089997e-15
1.000000000000000048e-04 2.600000000000000089e+00 1.599299531680557975e-15
1.000000000000000048e-04 2.750000130000000098e+00 1.550937670613695070e-15
1.000000000000000048e-04 3.000000000000000000e+00 1.474392563966516300e-15
1.000000000000000048e-04 3.249999870000000346e+00 1.422966530548872813e-15
1.000000000000000048e-04 3.500000000000000000e+00 1.371009942232440446e-15
1.000000000000000048e-04 3.750000130000000098e+00 1.316185437414884303e-15
1.000000000000000048e-04 4.000000000000000000e+00 1.264295899371221063e-15
1.000000000000000048e-04 4.249999869999999902e+00 1.213196687178941970e-15
1.000000000000000048e-04 4.499999740000000692e+00 1.147388310469869420e-15
1.000000000000000048e-04 4.750000130000000098e+00 1.113688224176572869e-15
1.000000000000000048e-04 5.000000000000000000e+00 1.081195937456155938e-15
1.000000000000000048e-04 5.249999869999999902e+00 1.049456210092816970e-15
1.000000000000000048e-04 5.500000260000000196e+00 1.018742746957429715e-15
1.000000000000000048e-04 5.750000130000000098e+00 9.886036892725336316e-16
1.000000000000000048e-04 6.000000000000000000e+00 9.580446792959497564e-16
1.000000000000000048e-04 6.249999870000000790e+00 9.202382526474133128e-16
1.000000000000000048e-04 6.499999740000000692e+00 8.955709032406243398e-16
1.000000000000000048e-04 6.750000130000000098e+00 8.719448687042653311e-16
1.000000000000000048e-04 7.000000000000000000e+00 8.491264997082074447e-16
1.000000000000000048e-04 7.249999870000000790e+00 8.272325783907065588e-16
1.000000000000000048e-04 7.500000260000000196e+00 8.060023257523501126e-16
1.000000000000000048e-04 7.750000130000000098e+00 7.855854072623429813e-16
1.000000000000000048e-04 8.000000000000000000e+00 7.657476174962509421e-16
1.000000000000000048e-04 8.249999869999999902e+00 7.465961783602518715e-16
1.000000000000000048e-04 8.499999739999999804e+00 7.279135939260092380e-16
1.000000000000000048e-04 8.750000130000000098e+00 7.088713430915388614e-16
1.000000000000000048e-04 8.999999490000000435e+00 6.838575860104683755e-16
1.000000000000000048e-04 9.249999869999999902e+00 6.713947091815248518e-16
1.000000000000000048e-04 9.500000260000000196e+00 6.591698286823012899e-16
1.000000000000000048e-04 9.749999620000000533e+00 6.472537042725855803e-16
1.000000000000000048e-04 1.000000000000000000e+01 6.358600882104957846e-16
1.000000000000000048e-04 1.025000040000000112e+01 6.246623251635461036e-16
1.000000000000000048e-04 1.049999970000000005e+01 6.136775027381852112e-16
1.000000000000000048e-04 1.075000010000000117e+01 6.030646618408335768e-16
1.000000000000000048e-04 1.100000050000000051e+01 5.927026264800854504e-16
1.000000000000000048e-04 1.124999990000000061e+01 5.825417819357371327e-16
1.000000000000000048e-04 1.150000029999999995e+01 5.727019522447275308e-16
1.000000000000000048e-04 1.174999960000000065e+01 5.630925596103785200e-16
1.000000000000000048e-04 1.200000000000000000e+01 5.537344078561573098e-16
1.000000000000000048e-04 1.225000040000000112e+01 5.445359574146551182e-16
1.000000000000000048e-04 1.249999970000000005e+01 5.355126750123442041e-16
1.000000000000000048e-04 1.275000010000000117e+01 5.268079879218896581e-16
1.000000000000000048e-04 1.299999950000000126e+01 5.182236957676361026e-16
1.000000000000000048e-04 1.324999990000000061e+01 5.097637005075234735e-16
1.000000000000000048e-04 1.350000029999999995e+01 5.014786130814543544e-16
1.000000000000000048e-04 1.374999960000000065e+01 4.922382750574597433e-16
1.000000000000000048e-04 1.400000000000000000e+01 4.867858548967480911e-16
1.000000000000000048e-04 1.425000040000000112e+01 4.812046654706139627e-16
1.000000000000000048e-04 1.449999970000000005e+01 4.759175574294401357e-16
1.000000000000000048e-04 1.475000010000000117e+01 4.706224674211704045e-16
1.000000000000000048e-04 1.500000050000000051e+01 4.653759831199924237e-16
1.000000000000000048e-04 1.524999990000000061e+01 4.602703499947889020e-16
1.000000000000000048e-04 1.550000030000000173e+01 4.552107262083318963e-16
1.000000000000000048e-04 1.574999960000000065e+01 4.502588095079916551e-16
1.000000000000000048e-04 1.600000000000000000e+01 4.453795614062932951e-16
1.000000000000000048e-04 1.625000040000000112e+01 4.406052593393742924e-16
1.000000000000000048e-04 1.649999970000000005e+01 4.358057699451262911e-16
1.000000000000000048e-04 1.675000010000000117e+01 4.311623116541458338e-16
1.000000000000000048e-04 1.699999950000000126e+01 4.265792549401560331e-16
1.000000000000000048e-04 1.725000089999999986e+01 4.219751845051072580e-16
1.000000000000000048e-04 1.750000029999999995e+01 4.175388911865355771e-16
1.000000000000000048e-04 1.774999960000000243e+01 4.131386967219304969e-16
1.000000000000000048e-04 1.799999900000000252e+01 4.087668558016447495e-16
1.000000000000000048e-04 1.825000040000000112e+01 4.045064243532536614e-16
1.000000000000000048e-04 1.849999970000000005e+01 4.000583436997560082e-16
1.000000000000000048e-04 1.874999910000000014e+01 3.960223896873391588e-16
1.000000000000000048e-04 1.900000050000000229e+01 3.919073132622808611e-16
1.000000000000000048e-04 1.924999990000000238e+01 3.879055239921603235e-16
1.000000000000000048e-04 1.949999920000000131e+01 3.838036184180288755e-16
1.000000000000000048e-04 1.975000059999999991e+01 3.799554824342577522e-16
1.000000000000000048e-04 2.000000000000000000e+01 3.759597259744984140e-16
4.000000000000000083e-03 0.000000000000000000e+00 1.591582605891588466e-14
4.000000000000000083e-03 1.258929999999999956e-04 1.591582605891588466e-14
4.000000000000000083e-03 1.412539999999999998e-04 1.591582605891588466e-14
4.000000000000000083e-03 1.584890000000000203e-04 1.591582605891588466e-14
4.000000000000000083e-03 1.778280000000000193e-04 1.591582605891588466e-14
4.000000000000000083e-03 1.995270000000000160e-04 1.591582605891588466e-14
4.000000000000000083e-03 2.238730000000000028e-04 1.591582605891588466e-14
4.000000000000000083e-03 2.511890000000000238e-04 1.591582605891588466e-14
4.000000000000000083e-03 2.818390000000000370e-04 1.591582605891588466e-14
4.000000000000000083e-03 3.162290000000000110e-04 1.591582605891588466e-14
4.000000000000000083e-03 3.548150000000000240e-04 1.591582605891588466e-14
4.000000000000000083e-03 3.981090000000000063e-04 1.591582605891588466e-14
4.000000000000000083e-03 4.466860000000000123e-04 1.591582605891588466e-14
4.000000000000000083e-03 5.011899999999999905e-04 1.591582605891588466e-14
4.000000000000000083e-03 5.623439999999999949e-04 1.591582605891588466e-14
4.000000000000000083e-03 6.309610000000000869e-04 1.591582605891588466e-14
4.000000000000000083e-03 7.079500000000000506e-04 1.591582605891588466e-14
4.000000000000000083e-03 7.943340000000000557e-04 1.591582605891588466e-14
4.000000000000000083e-03 8.912570000000000084e-04 1.591582605891588466e-14
4.000000000000000083e-03 1.000000000000000021e-03 1.591582605891588466e-14
4.000000000000000083e-03 1.047130000000000066e-03 1.591582605891588466e-14
4.000000000000000083e-03 1.096480000000000154e-03 1.591582605891588466e-14
4.000000000000000083e-03 1.148150000000000125e-03 1.591582605891588466e-14
4.000000000000000083e-03 1.202260000000000134e-03 1.591582605891588466e-14
4.000000000000000083e-03 1.258930000000000118e-03 1.591582605891588466e-14
4.000000000000000083e-03 1.318260000000000135e-03 1.591582605891588466e-14
4.000000000000000083e-03 1.380380000000000062e-03 1.591582605891588466e-14
4.000000000000000083e-03 1.445440000000000093e-03 1.591582605891588466e-14
4.000000000000000083e-03 1.513560000000000166e-03 1.591582605891588466e-14
4.000000000000000083e-03 1.584890000000000040e-03 1.591582605891588466e-14
4.000000000000000083e-03 1.659590000000000067e-03 1.591582605891588466e-14
4.000000000000000083e-03 1.737800000000000065e-03 1.591582605891588466e-14
4.000000000000000083e-03 1.819700000000000050e-03 1.591582605891588466e-14
4.000000000000000083e-03 1.905460000000000096e-03 1.591582605891588466e-14
4.000000000000000083e-03 1.995260000000000002e-03 1.591582605891588466e-14
4.000000000000000083e-03 2.089290000000000157e-03 1.591582605891588466e-14
4.000000000000000083e-03 2.187759999999999965e-03 1.591582605891588466e-14
4.000000000000000083e-03 2.290869999999999972e-03 1.591582605891588466e-14
4.000000000000000083e-03 2.398830000000000233e-03 1.591582605891588466e-14
4.000000000000000083e-03 2.511880000000000189e-03 2.214675960598324358e-14
4.000000000000000083e-03 2.630270000000000091e-03 2.516080252680321620e-14
4.000000000000000083e-03 2.754230000000000306e-03 3.413055477387273426e-14
4.000000000000000083e-03 2.884030000000000100e-03 5.060924149827777079e-14
4.000000000000000083e-03 3.019949999999999978e-03 7.176928944194963030e-14
4.000000000000000083e-03 3.162270000000000011e-03 1.105362467093289543e-13
4.000000000000000083e-03 3.311310000000000035e-03 1.242389930493571533e-13
4.000000000000000083e-03 3.467360000000000060e-03 1.249042310928370437e-13
4.000000000000000083e-03 3.630780000000000118e-03 1.067663767658918678e-13
4.000000000000000083e-03 3.801890000000000044e-03 8.909438328059104790e-14
4.000000000000000083e-03 3.981070000000000615e-03 1.199958494922978517e-13
4.000000000000000083e-03 4.168690000000000069e-03 1.350331487901833086e-13
4.000000000000000083e-03 4.365149999999999933e-03 1.219317945913344351e-13
4.000000000000000083e-03 4.570880000000000255e-03 9.075384904521159959e-14
4.000000000000000083e-03 4.786290000000000336e-03 6.557850675822498144e-14
4.000000000000000083e-03 5.011859999999999926e-03 5.295109918043678150e-14
4.000000000000000083e-03 5.248070000000000512e-03 4.535284320678486307e-14
4.000000000000000083e-03 5.495400000000000111e-03 5.214662217188580484e-14
4.000000000000000083e-03 5.754390000000000720e-03 6.112969570498268698e-14
4.000000000000000083e-03 6.025590000000000807e-03 6.938646103966625624e-14
4.000000000000000083e-03 6.309560000000000515e-03 7.657362034208718432e-14
4.000000000000000083e-03 6.606920000000000501e-03 7.982585662441421676e-14
4.000000000000000083e-03 6.918300000000000491e-03 7.296331871997697271e-14
4.000000000000000083e-03 7.244350000000000095e-03 7.343187086558078390e-14
4.000000000000000083e-03 7.585760000000000419e-03 7.343940369295248458e-14
4.000000000000000083e-03 7.943270000000000539e-03 7.308199979186560944e-14
4.000000000000000083e-03 8.317620000000001262e-03 7.225418466615139430e-14
4.000000000000000083e-03 8.709620000000001250e-03 7.094001967722885925e-14
4.000000000000000083e-03 9.120090000000000835e-03 6.898308674610588075e-14
4.000000000000000083e-03 9.549900000000000055e-03 6.637982225514655607e-14
4.000000000000000083e-03 9.999980000000000327e-03 5.972894172379241045e-14
4.000000000000000083e-03 1.047130000000000109e-02 5.089260116509166492e-14
4.000000000000000083e-03 1.096480000000000024e-02 4.752441223924792197e-14
4.000000000000000083e-03 1.148150000000000039e-02 4.430356059947998990e-14
4.000000000000000083e-03 1.202260000000000134e-02 4.105452721503897511e-14
4.000000000000000083e-03 1.258920000000000004e-02 3.770658890410941925e-14
4.000000000000000083e-03 1.318250000000000151e-02 3.431754729963169877e-14
4.000000000000000083e-03 1.380380000000000149e-02 3.090584010100185225e-14
4.000000000000000083e-03 1.445440000000000093e-02 2.673490316939713281e-14
4.000000000000000083e-03 1.513560000000000079e-02 2.391844672626617084e-14
4.000000000000000083e-03 1.584890000000000257e-02 2.427817779063693577e-14
4.000000000000000083e-03 1.659580000000000083e-02 2.510267144889164279e-14
4.000000000000000083e-03 1.737800000000000109e-02 2.589697270741316055e-14
4.000000000000000083e-03 1.819700000000000137e-02 2.654617959104618364e-14
4.000000000000000083e-03 1.905460000000000140e-02 2.708725845414703643e-14
4.000000000000000083e-03 1.995260000000000089e-02 2.750692260658955355e-14
4.000000000000000083e-03 2.089290000000000244e-02 2.633919088096336501e-14
4.000000000000000083e-03 2.187760000000000052e-02 2.605644215421997655e-14
4.000000000000000083e-03 2.290860000000000118e-02 2.630145709291875079e-14
4.000000000000000083e-03 2.398830000000000059e-02 2.647175460730325161e-14
4.000000000000000083e-03 2.511880000000000016e-02 2.655471757973158274e-14
4.000000000000000083e-03 2.630260000000000237e-02 2.654603405364602086e-14
4.000000000000000083e-03 2.754220000000000279e-02 2.642973733245053871e-14
4.000000000000000083e-03 2.900000000000000147e-02 2.616041237992007320e-14
4.000000000000000083e-03 3.000000000000000236e-02 2.589658639973900504e-14
4.000000000000000083e-03 3.100000000000000325e-02 2.557051753365374977e-14
4.000000000000000083e-03 3.200000000000000067e-02 2.518726816319701412e-14
4.000000000000000083e-03 3.300000000000000155e-02 2.475024092998231794e-14
4.000000000000000083e-03 3.400000000000000244e-02 2.378786292843809981e-14
4.000000000000000083e-03 3.500000000000000333e-02 2.309252269953446112e-14
4.000000000000000083e-03 3.600000000000000422e-02 2.258425568498175194e-14
4.000000000000000083e-03 3.700000000000000511e-02 2.229751595359180777e-14
4.000000000000000083e-03 3.799999999999999906e-02 2.199746929480031702e-14
4.000000000000000083e-03 3.899999999999999994e-02 2.168575916474447467e-14
4.000000000000000083e-03 4.000000000000000083e-02 2.138913396918292687e-14
4.000000000000000083e-03 4.250000000000000305e-02 2.053294441987716677e-14
4.000000000000000083e-03 4.500000000000000527e-02 1.961019838792759784e-14
4.000000000000000083e-03 4.750000000000000056e-02 1.863188147604497078e-14
4.000000000000000083e-03 5.000000000000000278e-02 1.760220471355756811e-14
4.000000000000000083e-03 5.250000000000000500e-02 1.652216199294766307e-14
4.000000000000000083e-03 5.500000000000000028e-02 1.526272835960726453e-14
4.000000000000000083e-03 5.708800000000000680e-02 1.470336175917064887e-14
4.000000000000000083e-03 6.405380000000000795e-02 1.379635461965101759e-14
4.000000000000000083e-03 7.186960000000000570e-02 1.254857688750261611e-14
4.000000000000000083e-03 8.063900000000000234e-02 1.175129329844181304e-14
4.000000000000000083e-03 9.047849600000000547e-02 1.121827014758449128e-14
4.000000000000000083e-03 1.015180000000000110e-01 1.039517085003735444e-14
4.000000000000000083e-03 1.139060000000000072e-01 1.147713167925329512e-14
4.000000000000000083e-03 1.278040000000000009e-01 1.097604549416206146e-14
4.000000000000000083e-03 1.433990080000000222e-01 1.026490702480674597e-14
4.000000000000000083e-03 1.608960000000000112e-01 9.323943022979213724e-15
4.000000000000000083e-03 1.805289919999999992e-01 8.329875867409755824e-15
4.000000000000000083e-03 2.025569920000000190e-01 8.219356848293068378e-15
4.000000000000000083e-03 2.272720000000000018e-01 8.205492526674671516e-15
4.000000000000000083e-03 2.550040000000000084e-01 7.953865899994870784e-15
4.000000000000000083e-03 2.861190080000000080e-01 7.424355725163124394e-15
4.000000000000000083e-03 3.210310080000000066e-01 6.564690223715051828e-15
4.000000000000000083e-03 3.602030080000000467e-01 5.725819497884989478e-15
4.000000000000000083e-03 4.041539840000000217e-01 5.270941110704658890e-15
4.000000000000000083e-03 4.534689920000000152e-01 4.995539953005186056e-15
4.000000000000000083e-03 5.088009920000000630e-01 4.626985332272372140e-15
4.000000000000000083e-03 5.708839680000000749e-01 4.337371059908786695e-15
4.000000000000000083e-03 6.405429759999999861e-01 4.112331043435630565e-15
4.000000000000000083e-03 7.187009920000000385e-01 3.916015334937663552e-15
4.000000000000000083e-03 8.063960320000000959e-01 3.698695500508756861e-15
4.000000000000000083e-03 9.047920000000000407e-01 3.374682109625154457e-15
4.000000000000000083e-03 1.015190020000000137e+00 3.103823347881300458e-15
4.000000000000000083e-03 1.139069950000000109e+00 3.275961033357225464e-15
4.000000000000000083e-03 1.278050050000000049e+00 4.537009781480018211e-15
4.000000000000000083e-03 1.434000000000000163e+00 2.738137003941945936e-15
4.000000000000000083e-03 1.608979970000000037e+00 2.322739913493808515e-15
4.000000000000000083e-03 1.680000000000000160e+00 2.267455026018858900e-15
4.000000000000000083e-03 1.700000000000000178e+00 2.252948764156113563e-15
4.000000000000000083e-03 1.800000000000000044e+00 2.182425355184760191e-15
4.000000000000000083e-03 1.900000000000000133e+00 2.116178363342953791e-15
4.000000000000000083e-03 2.000000000000000000e+00 2.011920510973577487e-15
4.000000000000000083e-03 2.100000000000000089e+00 1.926109353742992521e-15
4.000000000000000083e-03 2.200000000000000178e+00 1.846797537319228976e-15
4.000000000000000083e-03 2.300000000000000266e+00 1.808403150179023093e-15
4.000000000000000083e-03 2.400000000000000355e+00 1.777533698762622798e-15
4.000000000000000083e-03 2.500000000000000000e+00 1.761176149619702441e-15
4.000000000000000083e-03 2.600000000000000089e+00 1.774846095623303013e-15
4.000000000000000083e-03 2.750000130000000098e+00 1.747523054681903562e-15
4.000000000000000083e-03 3.000000000000000000e+00 1.652404306684698255e-15
4.000000000000000083e-03 3.249999870000000346e+00 1.442477887820707366e-15
4.000000000000000083e-03 3.500000000000000000e+00 1.334771014306700135e-15
4.000000000000000083e-03 3.750000130000000098e+00 1.277916544053800883e-15
4.000000000000000083e-03 4.000000000000000000e+00 1.218341584203205228e-15
4.000000000000000083e-03 4.249999869999999902e+00 1.153607801307636964e-15
4.000000000000000083e-03 4.499999740000000692e+00 1.100650015100062711e-15
4.000000000000000083e-03 4.750000130000000098e+00 1.066003399990970644e-15
4.000000000000000083e-03 5.000000000000000000e+00 1.033061870938340113e-15
4.000000000000000083e-03 5.249999869999999902e+00 1.001691269139400953e-15
4.000000000000000083e-03 5.500000260000000196e+00 9.716870882225144984e-16
4.000000000000000083e-03 5.750000130000000098e+00 9.434327826055952647e-16
4.000000000000000083e-03 6.000000000000000000e+00 9.291559058739908723e-16
4.000000000000000083e-03 6.249999870000000790e+00 9.142813931661037788e-16
4.000000000000000083e-03 6.499999740000000692e+00 8.969391267473035314e-16
4.000000000000000083e-03 6.750000130000000098e+00 8.795629936802711957e-16
4.000000000000000083e-03 7.000000000000000000e+00 8.620086725030643512e-16
4.000000000000000083e-03 7.249999870000000790e+00 8.443077769105424368e-16
4.000000000000000083e-03 7.500000260000000196e+00 8.265244839462892509e-16
4.000000000000000083e-03 7.750000130000000098e+00 8.087670554473719564e-16
4.000000000000000083e-03 8.000000000000000000e+00 7.907676626245790399e-16
4.000000000000000083e-03 8.249999869999999902e+00 7.722494880157150255e-16
4.000000000000000083e-03 8.499999739999999804e+00 7.454342676349245867e-16
4.000000000000000083e-03 8.750000130000000098e+00 7.272430142939984899e-16
4.000000000000000083e-03 8.999999490000000435e+00 7.136578241935195328e-16
4.000000000000000083e-03 9.249999869999999902e+00 7.003184754304069343e-16
4.000000000000000083e-03 9.500000260000000196e+00 6.870858837350341648e-16
4.000000000000000083e-03 9.749999620000000533e+00 6.741639023369990327e-16
4.000000000000000083e-03 1.000000000000000000e+01 6.614016128370589307e-16
4.000000000000000083e-03 1.025000040000000112e+01 6.488842806491423220e-16
4.000000000000000083e-03 1.049999970000000005e+01 6.365932029727179668e-16
4.000000000000000083e-03 1.075000010000000117e+01 6.244393677055163717e-16
4.000000000000000083e-03 1.100000050000000051e+01 6.126735521709160291e-16
4.000000000000000083e-03 1.124999990000000061e+01 6.009665009657873393e-16
4.000000000000000083e-03 1.150000029999999995e+01 5.895446576180613772e-16
4.000000000000000083e-03 1.174999960000000065e+01 5.781767622482139902e-16
4.000000000000000083e-03 1.200000000000000000e+01 5.671045486054226561e-16
4.000000000000000083e-03 1.225000040000000112e+01 5.561264993427873240e-16
4.000000000000000083e-03 1.249999970000000005e+01 5.457652386251078974e-16
4.000000000000000083e-03 1.275000010000000117e+01 5.374902967344633736e-16
4.000000000000000083e-03 1.299999950000000126e+01 5.302335068455757833e-16
4.000000000000000083e-03 1.324999990000000061e+01 5.232890191001792492e-16
4.000000000000000083e-03 1.350000029999999995e+01 5.164430211112030936e-16
4.000000000000000083e-03 1.374999960000000065e+01 5.096730476983059254e-16
4.000000000000000083e-03 1.400000000000000000e+01 5.029541657701700861e-16
4.000000000000000083e-03 1.425000040000000112e+01 4.964973056630947574e-16
4.000000000000000083e-03 1.449999970000000005e+01 4.901142477703910633e-16
4.000000000000000083e-03 1.475000010000000117e+01 4.838355050408391415e-16
4.000000000000000083e-03 1.500000050000000051e+01 4.775821787797537272e-16
4.000000000000000083e-03 1.524999990000000061e+01 4.715618688181204797e-16
4.000000000000000083e-03 1.550000030000000173e+01 4.655938325374996259e-16
4.000000000000000083e-03 1.574999960000000065e+01 4.596436568932154320e-16
4.000000000000000083e-03 1.600000000000000000e+01 4.538739537289229139e-16
4.000000000000000083e-03 1.625000040000000112e+01 4.482241037660300134e-16
4.000000000000000083e-03 1.649999970000000005e+01 4.425841469796302487e-16
4.000000000000000083e-03 1.675000010000000117e+01 4.370165262005497945e-16
4.000000000000000083e-03 1.699999950000000126e+01 4.316133572462457453e-16
4.000000000000000083e-03 1.725000089999999986e+01 4.263211489728480619e-16
4.000000000000000083e-03 1.750000029999999995e+01 4.210409998751298284e-16
4.000000000000000083e-03 1.774999960000000243e+01 4.158637480397402413e-16
4.000000000000000083e-03 1.799999900000000252e+01 4.107722085979588577e-16
4.000000000000000083e-03 1.825000040000000112e+01 4.057193362368889690e-16
4.000000000000000083e-03 1.849999970000000005e+01 4.008813816702099496e-16
4.000000000000000083e-03 1.874999910000000014e+01 3.960668868839490483e-16
4.000000000000000083e-03 1.900000050000000229e+01 3.911883017708665763e-16
4.000000000000000083e-03 1.924999990000000238e+01 3.866103026880896140e-16
4.000000000000000083e-03 1.949999920000000131e+01 3.819741126561606088e-16
4.000000000000000083e-03 1.975000059999999991e+01 3.783223464571143202e-16
4.000000000000000083e-03 2.000000000000000000e+01 3.756350944764638535e-16
2.000000000000000042e-02 0.000000000000000000e+00 2.218561647926320236e-14
2.000000000000000042e-02 1.258929999999999956e-04 2.218561647926320236e-14
2.000000000000000042e-02 1.412539999999999998e-04 2.218561647926320236e-14
2.000000000000000042e-02 1.584890000000000203e-04 2.218561647926320236e-14
2.000000000000000042e-02 1.778280000000000193e-04 2.218561647926320236e-14
2.000000000000000042e-02 1.995270000000000160e-04 2.218561647926320236e-14
2.000000000000000042e-02 2.238730000000000028e-04 2.218561647926320236e-14
2.000000000000000042e-02 2.511890000000000238e-04 2.218561647926320236e-14
2.000000000000000042e-02 2.818390000000000370e-04 2.218561647926320236e-14
2.000000000000000042e-02 3.162290000000000110e-04 2.218561647926320236e-14
2.000000000000000042e-02 3.548150000000000240e-04 2.218561647926320236e-14
2.000000000000000042e-02 3.981090000000000063e-04 2.218561647926320236e-14
2.000000000000000042e-02 4.466860000000000123e-04 2.218561647926320236e-14
2.000000000000000042e-02 5.011899999999999905e-04 2.218561647926320236e-14
2.000000000000000042e-02 5.623439999999999949e-04 2.218561647926320236e-14
2.000000000000000042e-02 6.309610000000000869e-04 2.218561647926320236e-14
2.000000000000000042e-02 7.079500000000000506e-04 2.218561647926320236e-14
2.000000000000000042e-02 7.943340000000000557e-04 2.218561647926320236e-14
2.000000000000000042e-02 8.912570000000000084e-04 2.218561647926320236e-14
2.000000000000000042e-02 1.000000000000000021e-03 2.824198774015458522e-14
2.000000000000000042e-02 1.047130000000000066e-03 2.822322683025040325e-14
2.000000000000000042e-02 1.096480000000000154e-03 2.818933039270560358e-14
2.000000000000000042e-02 1.148150000000000125e-03 2.821728780657470859e-14
2.000000000000000042e-02 1.202260000000000134e-03 2.825801309271010370e-14
2.000000000000000042e-02 1.258930000000000118e-03 2.832874856652637459e-14
2.000000000000000042e-02 1.318260000000000135e-03 2.814265962590995156e-14
2.000000000000000042e-02 1.380380000000000062e-03 2.828059788094548456e-14
2.000000000000000042e-02 1.445440000000000093e-03 2.839808497771457376e-14
2.000000000000000042e-02 1.513560000000000166e-03 2.849467062647062399e-14
2.000000000000000042e-02 1.584890000000000040e-03 2.857040351805439914e-14
2.000000000000000042e-02 1.659590000000000067e-03 2.794542628944328357e-14
2.000000000000000042e-02 1.737800000000000065e-03 2.937292775665293440e-14
2.000000000000000042e-02 1.819700000000000050e-03 2.862143474763198241e-14
2.000000000000000042e-02 1.905460000000000096e-03 2.780318988029071624e-14
2.000000000000000042e-02 1.995260000000000002e-03 2.691218228042480534e-14
2.000000000000000042e-02 2.089290000000000157e-03 2.936557453642287906e-14
2.000000000000000042e-02 2.187759999999999965e-03 2.820125886392556085e-14
2.000000000000000042e-02 2.290869999999999972e-03 2.998702760215856218e-14
2.000000000000000042e-02 2.398830000000000233e-03 2.823470736133579524e-14
2.000000000000000042e-02 2.511880000000000189e-03 3.723892052946093463e-14
2.000000000000000042e-02 2.630270000000000091e-03 3.373127051236412014e-14
2.000000000000000042e-02 2.754230000000000306e-03 3.797718797286502852e-14
2.000000000000000042e-02 2.884030000000000100e-03 2.897779808724064382e-14
2.000000000000000042e-02 3.019949999999999978e-03 5.322926958462533735e-14
2.000000000000000042e-02 3.162270000000000011e-03 5.547451863860513284e-14
2.000000000000000042e-02 3.311310000000000035e-03 5.791186862136591336e-14
2.000000000000000042e-02 3.467360000000000060e-03 6.115747967122385381e-14
2.000000000000000042e-02 3.630780000000000118e-03 6.546596755080707997e-14
2.000000000000000042e-02 3.801890000000000044e-03 7.088168935310114827e-14
2.000000000000000042e-02 3.981070000000000615e-03 7.364138198503918940e-14
2.000000000000000042e-02 4.168690000000000069e-03 7.320677166621281788e-14
2.000000000000000042e-02 4.365149999999999933e-03 6.838246909962705970e-14
2.000000000000000042e-02 4.570880000000000255e-03 6.367340047218724932e-14
2.000000000000000042e-02 4.786290000000000336e-03 6.712383868773921021e-14
2.000000000000000042e-02 5.011859999999999926e-03 7.101898745156464013e-14
2.000000000000000042e-02 5.248070000000000512e-03 7.694252356955365295e-14
2.000000000000000042e-02 5.495400000000000111e-03 8.592834903663686534e-14
2.000000000000000042e-02 5.754390000000000720e-03 9.323278960174583141e-14
2.000000000000000042e-02 6.025590000000000807e-03 8.673771935357528819e-14
2.000000000000000042e-02 6.309560000000000515e-03 8.305868938946161745e-14
2.000000000000000042e-02 6.606920000000000501e-03 8.277008202447499155e-14
2.000000000000000042e-02 6.918300000000000491e-03 8.292218680427783408e-14
2.000000000000000042e-02 7.244350000000000095e-03 8.358107406550186423e-14
2.000000000000000042e-02 7.585760000000000419e-03 8.490289511621941808e-14
2.000000000000000042e-02 7.943270000000000539e-03 8.693059639882942667e-14
2.000000000000000042e-02 8.317620000000001262e-03 8.993194531274073625e-14
2.000000000000000042e-02 8.709620000000001250e-03 8.976559615357699646e-14
2.000000000000000042e-02 9.120090000000000835e-03 7.893549080532986627e-14
2.000000000000000042e-02 9.549900000000000055e-03 7.540523585144847023e-14
2.000000000000000042e-02 9.999980000000000327e-03 7.336882838302394383e-14
2.000000000000000042e-02 1.047130000000000109e-02 7.103148718236370668e-14
2.000000000000000042e-02 1.096480000000000024e-02 6.844444968837917026e-14
2.000000000000000042e-02 1.148150000000000039e-02 6.547870227961993547e-14
2.000000000000000042e-02 1.202260000000000134e-02 6.218334167948656921e-14
2.000000000000000042e-02 1.258920000000000004e-02 5.774570983726716747e-14
2.000000000000000042e-02 1.318250000000000151e-02 5.052266886172162071e-14
2.000000000000000042e-02 1.380380000000000149e-02 4.830527340399370959e-14
2.000000000000000042e-02 1.445440000000000093e-02 4.746247871930236525e-14
2.000000000000000042e-02 1.513560000000000079e-02 4.635631198777998816e-14
2.000000000000000042e-02 1.584890000000000257e-02 4.501767853215050438e-14
2.000000000000000042e-02 1.659580000000000083e-02 4.333178866658948752e-14
2.000000000000000042e-02 1.737800000000000109e-02 4.130547362579754112e-14
2.000000000000000042e-02 1.819700000000000137e-02 3.763784353917082948e-14
2.000000000000000042e-02 1.905460000000000140e-02 3.423598462121759870e-14
2.000000000000000042e-02 1.995260000000000089e-02 3.355614327940426290e-14
2.000000000000000042e-02 2.089290000000000244e-02 3.280475604571360449e-14
2.000000000000000042e-02 2.187760000000000052e-02 3.197387906565971153e-14
2.000000000000000042e-02 2.290860000000000118e-02 3.106750567700094787e-14
2.000000000000000042e-02 2.398830000000000059e-02 3.007603078869333040e-14
2.000000000000000042e-02 2.511880000000000016e-02 2.899908338545633675e-14
2.000000000000000042e-02 2.630260000000000237e-02 2.783017731792222817e-14
2.000000000000000042e-02 2.754220000000000279e-02 2.656065617593357770e-14
2.000000000000000042e-02 2.900000000000000147e-02 2.506120620790108245e-14
2.000000000000000042e-02 3.000000000000000236e-02 2.386529922870314978e-14
2.000000000000000042e-02 3.100000000000000325e-02 2.216174273777032782e-14
2.000000000000000042e-02 3.200000000000000067e-02 2.101861570915722512e-14
2.000000000000000042e-02 3.300000000000000155e-02 2.082697298627217975e-14
2.000000000000000042e-02 3.400000000000000244e-02 2.061914595642421710e-14
2.000000000000000042e-02 3.500000000000000333e-02 2.039432348168179446e-14
2.000000000000000042e-02 3.600000000000000422e-02 2.015368572387007932e-14
2.000000000000000042e-02 3.700000000000000511e-02 1.989762710521736547e-14
2.000000000000000042e-02 3.799999999999999906e-02 1.962887062677106657e-14
2.000000000000000042e-02 3.899999999999999994e-02 1.934550062716932250e-14
2.000000000000000042e-02 4.000000000000000083e-02 1.906075125170757317e-14
2.000000000000000042e-02 4.250000000000000305e-02 1.825630914408703273e-14
2.000000000000000042e-02 4.500000000000000527e-02 1.737982492474953032e-14
2.000000000000000042e-02 4.750000000000000056e-02 1.643714867839761161e-14
2.000000000000000042e-02 5.000000000000000278e-02 1.536976777851253579e-14
2.000000000000000042e-02 5.250000000000000500e-02 1.436272432004468741e-14
2.000000000000000042e-02 5.500000000000000028e-02 1.392050146329652846e-14
2.000000000000000042e-02 5.708800000000000680e-02 1.369567943486377341e-14
2.000000000000000042e-02 6.405380000000000795e-02 1.276664242056711277e-14
2.000000000000000042e-02 7.186960000000000570e-02 1.141124720248575426e-14
2.000000000000000042e-02 8.063900000000000234e-02 1.070980655411600425e-14
2.000000000000000042e-02 9.047849600000000547e-02 1.011085886560527856e-14
2.000000000000000042e-02 1.015180000000000110e-01 9.220410444679202016e-15
2.000000000000000042e-02 1.139060000000000072e-01 8.259192857370574634e-15
2.000000000000000042e-02 1.278040000000000009e-01 8.193870466751565335e-15
2.000000000000000042e-02 1.433990080000000222e-01 7.805537894188817296e-15
2.000000000000000042e-02 1.608960000000000112e-01 7.249322440934044032e-15
2.000000000000000042e-02 1.805289919999999992e-01 6.508537687272812665e-15
2.000000000000000042e-02 2.025569920000000190e-01 6.087701740189995157e-15
2.000000000000000042e-02 2.272720000000000018e-01 5.957339611471219235e-15
2.000000000000000042e-02 2.550040000000000084e-01 5.831565117793867950e-15
2.000000000000000042e-02 2.861190080000000080e-01 5.595400863782463409e-15
2.000000000000000042e-02 3.210310080000000066e-01 5.233991123815414388e-15
2.000000000000000042e-02 3.602030080000000467e-01 4.729471754542435820e-15
2.000000000000000042e-02 4.041539840000000217e-01 4.316861713338582599e-15
2.000000000000000042e-02 4.534689920000000152e-01 4.057749760710718080e-15
2.000000000000000042e-02 5.088009920000000630e-01 3.902386520171019254e-15
2.000000000000000042e-02 5.708839680000000749e-01 3.736511863987938895e-15
2.000000000000000042e-02 6.405429759999999861e-01 3.486437217525943679e-15
2.000000000000000042e-02 7.187009920000000385e-01 3.268790988722384377e-15
2.000000000000000042e-02 8.063960320000000959e-01 3.069081877080397217e-15
2.000000000000000042e-02 9.047920000000000407e-01 2.864147433125173329e-15
2.000000000000000042e-02 1.015190020000000137e+00 2.778616772388797794e-15
2.000000000000000042e-02 1.139069950000000109e+00 3.163206942511706438e-15
2.000000000000000042e-02 1.278050050000000049e+00 2.545706656199091369e-15
2.000000000000000042e-02 1.434000000000000163e+00 2.115280687752902302e-15
2.000000000000000042e-02 1.608979970000000037e+00 1.979677804921511747e-15
2.000000000000000042e-02 1.680000000000000160e+00 1.921714769739735214e-15
2.000000000000000042e-02 1.700000000000000178e+00 1.905386952797203879e-15
2.000000000000000042e-02 1.800000000000000044e+00 1.834231210039060849e-15
2.000000000000000042e-02 1.900000000000000133e+00 1.782797530443834592e-15
2.000000000000000042e-02 2.000000000000000000e+00 1.729887139795722610e-15
2.000000000000000042e-02 2.100000000000000089e+00 1.676452826216358179e-15
2.000000000000000042e-02 2.200000000000000178e+00 1.619814375595478348e-15
2.000000000000000042e-02 2.300000000000000266e+00 1.540915396209506627e-15
2.000000000000000042e-02 2.400000000000000355e+00 1.462943095498935292e-15
2.000000000000000042e-02 2.500000000000000000e+00 1.418383587967100842e-15
2.000000000000000042e-02 2.600000000000000089e+00 1.387461644083097077e-15
2.000000000000000042e-02 2.750000130000000098e+00 1.346961730505752910e-15
2.000000000000000042e-02 3.000000000000000000e+00 1.296482409450096577e-15
2.000000000000000042e-02 3.249999870000000346e+00 1.241322732017107203e-15
2.000000000000000042e-02 3.500000000000000000e+00 1.161126717197922278e-15
2.000000000000000042e-02 3.750000130000000098e+00 1.054952939051010367e-15
2.000000000000000042e-02 4.000000000000000000e+00 1.007468502699685597e-15
2.000000000000000042e-02 4.249999869999999902e+00 9.619524229858877708e-16
2.000000000000000042e-02 4.499999740000000692e+00 9.165749272623849607e-16
2.000000000000000042e-02 4.750000130000000098e+00 8.607703152792578697e-16
2.000000000000000042e-02 5.000000000000000000e+00 8.357022227569141938e-16
2.000000000000000042e-02 5.249999869999999902e+00 8.114695568470299811e-16
2.000000000000000042e-02 5.500000260000000196e+00 7.882616212808339277e-16
2.000000000000000042e-02 5.750000130000000098e+00 7.657145665448508033e-16
2.000000000000000042e-02 6.000000000000000000e+00 7.436307698159354553e-16
2.000000000000000042e-02 6.249999870000000790e+00 7.167378014700998726e-16
2.000000000000000042e-02 6.499999740000000692e+00 6.969804932572977397e-16
2.000000000000000042e-02 6.750000130000000098e+00 6.820812123767730344e-16
2.000000000000000042e-02 7.000000000000000000e+00 6.675130108510434816e-16
2.000000000000000042e-02 7.249999870000000790e+00 6.534507734118077932e-16
2.000000000000000042e-02 7.500000260000000196e+00 6.397494832804710607e-16
2.000000000000000042e-02 7.750000130000000098e+00 6.264481758542634759e-16
2.000000000000000042e-02 8.000000000000000000e+00 6.133821469177102387e-16
2.000000000000000042e-02 8.249999869999999902e+00 6.008341396297293859e-16
2.000000000000000042e-02 8.499999739999999804e+00 5.886395446823398332e-16
2.000000000000000042e-02 8.750000130000000098e+00 5.767176712844805746e-16
2.000000000000000042e-02 8.999999490000000435e+00 5.651221234940077463e-16
2.000000000000000042e-02 9.249999869999999902e+00 5.537890410375441258e-16
2.000000000000000042e-02 9.500000260000000196e+00 5.428865497919324754e-16
2.000000000000000042e-02 9.749999620000000533e+00 5.320616305514129978e-16
2.000000000000000042e-02 1.000000000000000000e+01 5.215561755400923734e-16
2.000000000000000042e-02 1.025000040000000112e+01 5.114151488609333886e-16
2.000000000000000042e-02 1.049999970000000005e+01 5.014036813281093094e-16
2.000000000000000042e-02 1.075000010000000117e+01 4.917869628555697886e-16
2.000000000000000042e-02 1.100000050000000051e+01 4.822180182810643329e-16
2.000000000000000042e-02 1.124999990000000061e+01 4.730452441033188026e-16
2.000000000000000042e-02 1.150000029999999995e+01 4.639487711582986666e-16
2.000000000000000042e-02 1.174999960000000065e+01 4.551482713462026977e-16
2.000000000000000042e-02 1.200000000000000000e+01 4.464529659888787035e-16
2.000000000000000042e-02 1.225000040000000112e+01 4.375614268222708548e-16
2.000000000000000042e-02 1.249999970000000005e+01 4.253380968906625597e-16
2.000000000000000042e-02 1.275000010000000117e+01 4.178033731046719311e-16
2.000000000000000042e-02 1.299999950000000126e+01 4.123901883878734973e-16
2.000000000000000042e-02 1.324999990000000061e+01 4.070578418640547974e-16
2.000000000000000042e-02 1.350000029999999995e+01 4.018221609189740897e-16
2.000000000000000042e-02 1.374999960000000065e+01 3.966985866543900437e-16
2.000000000000000042e-02 1.400000000000000000e+01 3.916665488097029580e-16
2.000000000000000042e-02 1.425000040000000112e+01 3.867487781378620283e-16
2.000000000000000042e-02 1.449999970000000005e+01 3.818773637254353016e-16
2.000000000000000042e-02 1.475000010000000117e+01 3.771505327236990399e-16
2.000000000000000042e-02 1.500000050000000051e+01 3.724678344986225022e-16
2.000000000000000042e-02 1.524999990000000061e+01 3.678604898548323730e-16
2.000000000000000042e-02 1.550000030000000173e+01 3.633993399719636555e-16
2.000000000000000042e-02 1.574999960000000065e+01 3.590062408503582596e-16
2.000000000000000042e-02 1.600000000000000000e+01 3.546726461675235761e-16
2.000000000000000042e-02 1.625000040000000112e+01 3.504008393007913921e-16
2.000000000000000042e-02 1.649999970000000005e+01 3.462588718097432427e-16
2.000000000000000042e-02 1.675000010000000117e+01 3.421617863904620053e-16
2.000000000000000042e-02 1.699999950000000126e+01 3.381000347797665078e-16
2.000000000000000042e-02 1.725000089999999986e+01 3.341720805391037314e-16
2.000000000000000042e-02 1.750000029999999995e+01 3.303008903544847062e-16
2.000000000000000042e-02 1.774999960000000243e+01 3.264479309343388246e-16
2.000000000000000042e-02 1.799999900000000252e+01 3.227197190146490754e-16
2.000000000000000042e-02 1.825000040000000112e+01 3.191203983742349568e-16
2.000000000000000042e-02 1.849999970000000005e+01 3.156605811091234738e-16
2.000000000000000042e-02 1.874999910000000014e+01 3.139055978059469922e-16
2.000000000000000042e-02 1.900000050000000229e+01 3.120341524543954144e-16
2.000000000000000042e-02 1.924999990000000238e+01 3.092793059920766468e-16
2.000000000000000042e-02 1.949999920000000131e+01 3.066017410084234020e-16
2.000000000000000042e-02 1.975000059999999991e+01 3.039472473035262451e-16
2.000000000000000042e-02 2.000000000000000000e+01 3.013581308227801211e-16
