4.000000000000000192e-04 0.000000000000000000e+00 1.077315324171418188e-14
4.000000000000000192e-04 1.258929999999999956e-04 1.077315324171418188e-14
4.000000000000000192e-04 1.412539999999999998e-04 1.077315324171418188e-14
4.000000000000000192e-04 1.584890000000000203e-04 1.077315324171418188e-14
4.000000000000000192e-04 1.778280000000000193e-04 1.077315324171418188e-14
4.000000000000000192e-04 1.995270000000000160e-04 1.077315324171418188e-14
4.000000000000000192e-04 2.238730000000000028e-04 1.077315324171418188e-14
4.000000000000000192e-04 2.511890000000000238e-04 1.077315324171418188e-14
4.000000000000000192e-04 2.818390000000000370e-04 1.077315324171418188e-14
4.000000000000000192e-04 3.162290000000000110e-04 1.077315324171418188e-14
4.000000000000000192e-04 3.548150000000000240e-04 1.077315324171418188e-14
4.000000000000000192e-04 3.981090000000000063e-04 1.077315324171418188e-14
4.000000000000000192e-04 4.466860000000000123e-04 1.077315324171418188e-14
4.000000000000000192e-04 5.011899999999999905e-04 1.077315324171418188e-14
4.000000000000000192e-04 5.623439999999999949e-04 1.077315324171418188e-14
4.000000000000000192e-04 6.309610000000000869e-04 1.077315324171418188e-14
4.000000000000000192e-04 7.079500000000000506e-04 1.077315324171418188e-14
4.000000000000000192e-04 7.943340000000000557e-04 1.077315324171418188e-14
4.000000000000000192e-04 8.912570000000000084e-04 1.077315324171418188e-14
4.000000000000000192e-04 1.000000000000000021e-03 1.077315324171418188e-14
4.000000000000000192e-04 1.047130000000000066e-03 1.077315324171418188e-14
4.000000000000000192e-04 1.096480000000000154e-03 1.077315324171418188e-14
4.000000000000000192e-04 1.148150000000000125e-03 1.077315324171418188e-14
4.000000000000000192e-04 1.202260000000000134e-03 1.077315324171418188e-14
4.000000000000000192e-04 1.258930000000000118e-03 1.077315324171418188e-14
4.000000000000000192e-04 1.318260000000000135e-03 1.077315324171418188e-14
4.000000000000000192e-04 1.380380000000000062e-03 1.077315324171418188e-14
4.000000000000000192e-04 1.445440000000000093e-03 1.077315324171418188e-14
4.000000000000000192e-04 1.513560000000000166e-03 1.087654597782948111e-14
4.000000000000000192e-04 1.584890000000000040e-03 1.040349596351073264e-14
4.000000000000000192e-04 1.659590000000000067e-03 9.946888661156662218e-15
4.000000000000000192e-04 1.737800000000000065e-03 9.510020848543315984e-15
4.000000000000000192e-04 1.819700000000000050e-03 9.096626786153520783e-15
4.000000000000000192e-04 1.905460000000000096e-03 1.059603017972216664e-14
4.000000000000000192e-04 1.995260000000000002e-03 9.732528630673662613e-15
4.000000000000000192e-04 2.089290000000000157e-03 1.171558311527108454e-14
4.000000000000000192e-04 2.187759999999999965e-03 1.014271701480319559e-14
4.000000000000000192e-04 2.290869999999999972e-03 1.089226263482336333e-14
4.000000000000000192e-04 2.398830000000000233e-03 9.426749426206876422e-15
4.000000000000000192e-04 2.511880000000000189e-03 8.940477188010518231e-15
4.000000000000000192e-04 2.630270000000000091e-03 1.052600559834681737e-14
4.000000000000000192e-04 2.754230000000000306e-03 1.675300604675948361e-14
4.000000000000000192e-04 2.884030000000000100e-03 2.629869068747313618e-14
4.000000000000000192e-04 3.019949999999999978e-03 4.525329597054781763e-14
4.000000000000000192e-04 3.162270000000000011e-03 8.199323537968592683e-14
4.000000000000000192e-04 3.311310000000000035e-03 9.680635126783074799e-14
4.000000000000000192e-04 3.467360000000000060e-03 1.078921916247938270e-13
4.000000000000000192e-04 3.630780000000000118e-03 1.166852125749595510e-13
4.000000000000000192e-04 3.801890000000000044e-03 1.156528088044293251e-13
4.000000000000000192e-04 3.981070000000000615e-03 1.030449559795021494e-13
4.000000000000000192e-04 4.168690000000000069e-03 9.543253019607328609e-14
4.000000000000000192e-04 4.365149999999999933e-03 7.327278324530532036e-14
4.000000000000000192e-04 4.570880000000000255e-03 6.146390404060746863e-14
4.000000000000000192e-04 4.786290000000000336e-03 5.001267259541906395e-14
4.000000000000000192e-04 5.011859999999999926e-03 3.945558612711933966e-14
4.000000000000000192e-04 5.248070000000000512e-03 3.030761423029193639e-14
4.000000000000000192e-04 5.495400000000000111e-03 2.270905885819275523e-14
4.000000000000000192e-04 5.754390000000000720e-03 2.185098693835306222e-14
4.000000000000000192e-04 6.025590000000000807e-03 2.075746426042202824e-14
4.000000000000000192e-04 6.309560000000000515e-03 1.938534859482047300e-14
4.000000000000000192e-04 6.606920000000000501e-03 1.760509714628823685e-14
4.000000000000000192e-04 6.918300000000000491e-03 1.515339352173119160e-14
4.000000000000000192e-04 7.244350000000000095e-03 1.507958927824263749e-14
4.000000000000000192e-04 7.585760000000000419e-03 1.495068630739959245e-14
4.000000000000000192e-04 7.943270000000000539e-03 1.475464993205687046e-14
4.000000000000000192e-04 8.317620000000001262e-03 1.449582915763419478e-14
4.000000000000000192e-04 8.709620000000001250e-03 1.416509273368682929e-14
4.000000000000000192e-04 9.120090000000000835e-03 1.373306053492918775e-14
4.000000000000000192e-04 9.549900000000000055e-03 1.321336944439615979e-14
4.000000000000000192e-04 9.999980000000000327e-03 1.254178287612575926e-14
4.000000000000000192e-04 1.047130000000000109e-02 1.253879480455702097e-14
4.000000000000000192e-04 1.096480000000000024e-02 1.343172855730756143e-14
4.000000000000000192e-04 1.148150000000000039e-02 1.471127923812571188e-14
4.000000000000000192e-04 1.202260000000000134e-02 1.581167276878322732e-14
4.000000000000000192e-04 1.258920000000000004e-02 1.670982670145381563e-14
4.000000000000000192e-04 1.318250000000000151e-02 1.733353733969554162e-14
4.000000000000000192e-04 1.380380000000000149e-02 1.765493791335331367e-14
4.000000000000000192e-04 1.445440000000000093e-02 1.763239167479208687e-14
4.000000000000000192e-04 1.513560000000000079e-02 1.689424914521253382e-14
4.000000000000000192e-04 1.584890000000000257e-02 1.636717940978991564e-14
4.000000000000000192e-04 1.659580000000000083e-02 1.623275598433278682e-14
4.000000000000000192e-04 1.737800000000000109e-02 1.604300241830411878e-14
4.000000000000000192e-04 1.819700000000000137e-02 1.582205418175606279e-14
4.000000000000000192e-04 1.905460000000000140e-02 1.550834618644102676e-14
4.000000000000000192e-04 1.995260000000000089e-02 1.512093432036884470e-14
4.000000000000000192e-04 2.089290000000000244e-02 1.416074541309038117e-14
4.000000000000000192e-04 2.187760000000000052e-02 1.389827141647345714e-14
4.000000000000000192e-04 2.290860000000000118e-02 1.400901597638624134e-14
4.000000000000000192e-04 2.398830000000000059e-02 1.407984631013660318e-14
4.000000000000000192e-04 2.511880000000000016e-02 1.410456393237328000e-14
4.000000000000000192e-04 2.630260000000000237e-02 1.408120544483769337e-14
4.000000000000000192e-04 2.754220000000000279e-02 1.400376284959008073e-14
4.000000000000000192e-04 2.900000000000000147e-02 1.384558031846836777e-14
4.000000000000000192e-04 3.000000000000000236e-02 1.369659059927248354e-14
4.000000000000000192e-04 3.100000000000000325e-02 1.351612372646480597e-14
4.000000000000000192e-04 3.200000000000000067e-02 1.330506306774168641e-14
4.000000000000000192e-04 3.300000000000000155e-02 1.289281999454703639e-14
4.000000000000000192e-04 3.400000000000000244e-02 1.272250549878540521e-14
4.000000000000000192e-04 3.500000000000000333e-02 1.254138499620411429e-14
4.000000000000000192e-04 3.600000000000000422e-02 1.249099946643538106e-14
4.000000000000000192e-04 3.700000000000000511e-02 1.242907513034352654e-14
4.000000000000000192e-04 3.799999999999999906e-02 1.235531829319077126e-14
4.000000000000000192e-04 3.899999999999999994e-02 1.227098613826578884e-14
4.000000000000000192e-04 4.000000000000000083e-02 1.217545359167572635e-14
4.000000000000000192e-04 4.250000000000000305e-02 1.188880934557800403e-14
4.000000000000000192e-04 4.500000000000000527e-02 1.153942700538741944e-14
4.000000000000000192e-04 4.750000000000000056e-02 1.113062442478070712e-14
4.000000000000000192e-04 5.000000000000000278e-02 1.059055379200349232e-14
4.000000000000000192e-04 5.250000000000000500e-02 1.014492972218584582e-14
4.000000000000000192e-04 5.500000000000000028e-02 9.921052988736822287e-15
4.000000000000000192e-04 5.708800000000000680e-02 9.852973209098775184e-15
4.000000000000000192e-04 6.405380000000000795e-02 9.447314627451905941e-15
4.000000000000000192e-04 7.186960000000000570e-02 9.074381707165257756e-15
4.000000000000000192e-04 8.063900000000000234e-02 8.925803970737666280e-15
4.000000000000000192e-04 9.047849600000000547e-02 8.558580307711402762e-15
4.000000000000000192e-04 1.015180000000000110e-01 7.998502010783178482e-15
4.000000000000000192e-04 1.139060000000000072e-01 9.877556662533585481e-15
4.000000000000000192e-04 1.278040000000000009e-01 9.347297062273913637e-15
4.000000000000000192e-04 1.433990080000000222e-01 8.627805852648992580e-15
4.000000000000000192e-04 1.608960000000000112e-01 7.875904578514452651e-15
4.000000000000000192e-04 1.805289919999999992e-01 7.532218979750022735e-15
4.000000000000000192e-04 2.025569920000000190e-01 7.255975889833915564e-15
4.000000000000000192e-04 2.272720000000000018e-01 6.871707339981740510e-15
4.000000000000000192e-04 2.550040000000000084e-01 6.363339266352609219e-15
4.000000000000000192e-04 2.861190080000000080e-01 5.751504233964521952e-15
4.000000000000000192e-04 3.210310080000000066e-01 5.288821003684406845e-15
4.000000000000000192e-04 3.602030080000000467e-01 4.990021653209107734e-15
4.000000000000000192e-04 4.041539840000000217e-01 4.579369025493102238e-15
4.000000000000000192e-04 4.534689920000000152e-01 4.129850562151690441e-15
4.000000000000000192e-04 5.088009920000000630e-01 3.835236318882002115e-15
4.000000000000000192e-04 5.708839680000000749e-01 3.688331633898447473e-15
4.000000000000000192e-04 6.405429759999999861e-01 3.506444332120322279e-15
4.000000000000000192e-04 7.187009920000000385e-01 3.266083570228814787e-15
4.000000000000000192e-04 8.063960320000000959e-01 3.029877976725511164e-15
4.000000000000000192e-04 9.047920000000000407e-01 2.838806065367625346e-15
4.000000000000000192e-04 1.015190020000000137e+00 2.917511269764927851e-15
4.000000000000000192e-04 1.139069950000000109e+00 3.197334230890559530e-15
4.000000000000000192e-04 1.278050050000000049e+00 2.657686500643150250e-15
4.000000000000000192e-04 1.434000000000000163e+00 2.520594385810263295e-15
4.000000000000000192e-04 1.608979970000000037e+00 2.398402684570001380e-15
4.000000000000000192e-04 1.680000000000000160e+00 2.400889583115468811e-15
4.000000000000000192e-04 1.700000000000000178e+00 2.431616014150724760e-15
4.000000000000000192e-04 1.800000000000000044e+00 2.426253708739565593e-15
4.000000000000000192e-04 1.900000000000000133e+00 2.381680187550801109e-15
4.000000000000000192e-04 2.000000000000000000e+00 2.297107456343912542e-15
4.000000000000000192e-04 2.100000000000000089e+00 2.146818974007106367e-15
4.000000000000000192e-04 2.200000000000000178e+00 2.002106644759355140e-15
4.000000000000000192e-04 2.300000000000000266e+00 1.943553662071574700e-15
4.000000000000000192e-04 2.400000000000000355e+00 1.886413596572578401e-15
4.000000000000000192e-04 2.500000000000000000e+00 1.830490997464918673e-15
4.000000000000000192e-04 2.600000000000000089e+00 1.773776725890531665e-15
4.000000000000000192e-04 2.750000130000000098e+00 1.667326952096017600e-15
4.000000000000000192e-04 3.000000000000000000e+00 1.578241061973332192e-15
4.000000000000000192e-04 3.249999870000000346e+00 1.509544715802000972e-15
4.000000000000000192e-04 3.500000000000000000e+00 1.429020011968684721e-15
4.000000000000000192e-04 3.750000130000000098e+00 1.361111835566925942e-15
4.000000000000000192e-04 4.000000000000000000e+00 1.316183604599047012e-15
4.000000000000000192e-04 4.249999869999999902e+00 1.271641793346978422e-15
4.000000000000000192e-04 4.499999740000000692e+00 1.228248743180779881e-15
4.000000000000000192e-04 4.750000130000000098e+00 1.182577369434015236e-15
4.000000000000000192e-04 5.000000000000000000e+00 1.137740382345167662e-15
4.000000000000000192e-04 5.249999869999999902e+00 1.103295059833593641e-15
4.000000000000000192e-04 5.500000260000000196e+00 1.070033769285015392e-15
4.000000000000000192e-04 5.750000130000000098e+00 1.038082576747690992e-15
4.000000000000000192e-04 6.000000000000000000e+00 1.007172787170331129e-15
4.000000000000000192e-04 6.249999870000000790e+00 9.771979621541039731e-16
4.000000000000000192e-04 6.499999740000000692e+00 9.481022863898963426e-16
4.000000000000000192e-04 6.750000130000000098e+00 9.101647649678453514e-16
4.000000000000000192e-04 7.000000000000000000e+00 8.827721412031712978e-16
4.000000000000000192e-04 7.249999870000000790e+00 8.631599582529485209e-16
4.000000000000000192e-04 7.500000260000000196e+00 8.439529508871900492e-16
4.000000000000000192e-04 7.750000130000000098e+00 8.251296283388771786e-16
4.000000000000000192e-04 8.000000000000000000e+00 8.067010737118281818e-16
4.000000000000000192e-04 8.249999869999999902e+00 7.886544375306822477e-16
4.000000000000000192e-04 8.499999739999999804e+00 7.708340763112298058e-16
4.000000000000000192e-04 8.750000130000000098e+00 7.533872079064627615e-16
4.000000000000000192e-04 8.999999490000000435e+00 7.363526156856146388e-16
4.000000000000000192e-04 9.249999869999999902e+00 7.195162259587728609e-16
4.000000000000000192e-04 9.500000260000000196e+00 7.030456214125860616e-16
4.000000000000000192e-04 9.749999620000000533e+00 6.869517006347405977e-16
4.000000000000000192e-04 1.000000000000000000e+01 6.714579552587871435e-16
4.000000000000000192e-04 1.025000040000000112e+01 6.601093564469362746e-16
4.000000000000000192e-04 1.049999970000000005e+01 6.498477128473582511e-16
4.000000000000000192e-04 1.075000010000000117e+01 6.397884640526145073e-16
4.000000000000000192e-04 1.100000050000000051e+01 6.299579504783234031e-16
4.000000000000000192e-04 1.124999990000000061e+01 6.203493871676583482e-16
4.000000000000000192e-04 1.150000029999999995e+01 6.108414770502803693e-16
4.000000000000000192e-04 1.174999960000000065e+01 6.015908039283464946e-16
4.000000000000000192e-04 1.200000000000000000e+01 5.926375822150299572e-16
4.000000000000000192e-04 1.225000040000000112e+01 5.836446124936634861e-16
4.000000000000000192e-04 1.249999970000000005e+01 5.749774285941667370e-16
4.000000000000000192e-04 1.275000010000000117e+01 5.663411397082766147e-16
4.000000000000000192e-04 1.299999950000000126e+01 5.579174158120914526e-16
4.000000000000000192e-04 1.324999990000000061e+01 5.496660212373610110e-16
4.000000000000000192e-04 1.350000029999999995e+01 5.415469719297269758e-16
4.000000000000000192e-04 1.374999960000000065e+01 5.336845314785667271e-16
4.000000000000000192e-04 1.400000000000000000e+01 5.258142434260939922e-16
4.000000000000000192e-04 1.425000040000000112e+01 5.181603857661288452e-16
4.000000000000000192e-04 1.449999970000000005e+01 5.105689812907325544e-16
4.000000000000000192e-04 1.475000010000000117e+01 5.031267156297780838e-16
4.000000000000000192e-04 1.500000050000000051e+01 4.957410222910172947e-16
4.000000000000000192e-04 1.524999990000000061e+01 4.881378402779351959e-16
4.000000000000000192e-04 1.550000030000000173e+01 4.767366482933631752e-16
4.000000000000000192e-04 1.574999960000000065e+01 4.717207606918268355e-16
4.000000000000000192e-04 1.600000000000000000e+01 4.668322518505434617e-16
4.000000000000000192e-04 1.625000040000000112e+01 4.618927897490171858e-16
4.000000000000000192e-04 1.649999970000000005e+01 4.570329816866824432e-16
4.000000000000000192e-04 1.675000010000000117e+01 4.522894556344370430e-16
4.000000000000000192e-04 1.699999950000000126e+01 4.476710656792147029e-16
4.000000000000000192e-04 1.725000089999999986e+01 4.430555091171645257e-16
4.000000000000000192e-04 1.750000029999999995e+01 4.385364787767313067e-16
4.000000000000000192e-04 1.774999960000000243e+01 4.340461126355901346e-16
4.000000000000000192e-04 1.799999900000000252e+01 4.297167774446181657e-16
4.000000000000000192e-04 1.825000040000000112e+01 4.253366927818012106e-16
4.000000000000000192e-04 1.849999970000000005e+01 4.210810357306636207e-16
4.000000000000000192e-04 1.874999910000000014e+01 4.169272891714506618e-16
4.000000000000000192e-04 1.900000050000000229e+01 4.127311648409376770e-16
4.000000000000000192e-04 1.924999990000000238e+01 4.086515890185951613e-16
4.000000000000000192e-04 1.949999920000000131e+01 4.045813632075190515e-16
4.000000000000000192e-04 1.975000059999999991e+01 4.006144646554610557e-16
4.000000000000000192e-04 2.000000000000000000e+01 3.967222238307952418e-16
8.000000000000000167e-03 0.000000000000000000e+00 1.754652861418935650e-14
8.000000000000000167e-03 1.258929999999999956e-04 1.754652861418935650e-14
8.000000000000000167e-03 1.412539999999999998e-04 1.754652861418935650e-14
8.000000000000000167e-03 1.584890000000000203e-04 1.754652861418935650e-14
8.000000000000000167e-03 1.778280000000000193e-04 1.754652861418935650e-14
8.000000000000000167e-03 1.995270000000000160e-04 1.754652861418935650e-14
8.000000000000000167e-03 2.238730000000000028e-04 1.754652861418935650e-14
8.000000000000000167e-03 2.511890000000000238e-04 1.754652861418935650e-14
8.000000000000000167e-03 2.818390000000000370e-04 1.754652861418935650e-14
8.000000000000000167e-03 3.162290000000000110e-04 1.754652861418935650e-14
8.000000000000000167e-03 3.548150000000000240e-04 1.754652861418935650e-14
8.000000000000000167e-03 3.981090000000000063e-04 1.754652861418935650e-14
8.000000000000000167e-03 4.466860000000000123e-04 1.754652861418935650e-14
8.000000000000000167e-03 5.011899999999999905e-04 1.754652861418935650e-14
8.000000000000000167e-03 5.623439999999999949e-04 1.754652861418935650e-14
8.000000000000000167e-03 6.309610000000000869e-04 1.754652861418935650e-14
8.000000000000000167e-03 7.079500000000000506e-04 1.754652861418935650e-14
8.000000000000000167e-03 7.943340000000000557e-04 1.754652861418935650e-14
8.000000000000000167e-03 8.912570000000000084e-04 1.754652861418935650e-14
8.000000000000000167e-03 1.000000000000000021e-03 1.754652861418935650e-14
8.000000000000000167e-03 1.047130000000000066e-03 1.754652861418935650e-14
8.000000000000000167e-03 1.096480000000000154e-03 1.754652861418935650e-14
8.000000000000000167e-03 1.148150000000000125e-03 1.754652861418935650e-14
8.000000000000000167e-03 1.202260000000000134e-03 1.754652861418935650e-14
8.000000000000000167e-03 1.258930000000000118e-03 1.754652861418935650e-14
8.000000000000000167e-03 1.318260000000000135e-03 1.754652861418935650e-14
8.000000000000000167e-03 1.380380000000000062e-03 1.754652861418935650e-14
8.000000000000000167e-03 1.445440000000000093e-03 1.754652861418935650e-14
8.000000000000000167e-03 1.513560000000000166e-03 1.754652861418935650e-14
8.000000000000000167e-03 1.584890000000000040e-03 1.754652861418935650e-14
8.000000000000000167e-03 1.659590000000000067e-03 1.754652861418935650e-14
8.000000000000000167e-03 1.737800000000000065e-03 2.111757945114951350e-14
8.000000000000000167e-03 1.819700000000000050e-03 2.112708706334972867e-14
8.000000000000000167e-03 1.905460000000000096e-03 2.118653714928115784e-14
8.000000000000000167e-03 1.995260000000000002e-03 2.140260176810147608e-14
8.000000000000000167e-03 2.089290000000000157e-03 2.181812024429720577e-14
8.000000000000000167e-03 2.187759999999999965e-03 2.436377698335186507e-14
8.000000000000000167e-03 2.290869999999999972e-03 2.503180870057716005e-14
8.000000000000000167e-03 2.398830000000000233e-03 2.662161582531556610e-14
8.000000000000000167e-03 2.511880000000000189e-03 2.877731845719503610e-14
8.000000000000000167e-03 2.630270000000000091e-03 2.962057442112203002e-14
8.000000000000000167e-03 2.754230000000000306e-03 3.218434266189462833e-14
8.000000000000000167e-03 2.884030000000000100e-03 3.476518064350021025e-14
8.000000000000000167e-03 3.019949999999999978e-03 3.769055008635297164e-14
8.000000000000000167e-03 3.162270000000000011e-03 4.513683636539330857e-14
8.000000000000000167e-03 3.311310000000000035e-03 4.777685504755841473e-14
8.000000000000000167e-03 3.467360000000000060e-03 4.944055647366372042e-14
8.000000000000000167e-03 3.630780000000000118e-03 4.953159316299472594e-14
8.000000000000000167e-03 3.801890000000000044e-03 4.927067667869434602e-14
8.000000000000000167e-03 3.981070000000000615e-03 4.550039878180322497e-14
8.000000000000000167e-03 4.168690000000000069e-03 4.560084607683887200e-14
8.000000000000000167e-03 4.365149999999999933e-03 4.603124313726076644e-14
8.000000000000000167e-03 4.570880000000000255e-03 4.706834735864962416e-14
8.000000000000000167e-03 4.786290000000000336e-03 4.962264038469380008e-14
8.000000000000000167e-03 5.011859999999999926e-03 5.118490662311558989e-14
8.000000000000000167e-03 5.248070000000000512e-03 5.972268230661201435e-14
8.000000000000000167e-03 5.495400000000000111e-03 7.230961383516941033e-14
8.000000000000000167e-03 5.754390000000000720e-03 8.805252365836821063e-14
8.000000000000000167e-03 6.025590000000000807e-03 1.072281846718555914e-13
8.000000000000000167e-03 6.309560000000000515e-03 1.203456622822492298e-13
8.000000000000000167e-03 6.606920000000000501e-03 1.198336510612121081e-13
8.000000000000000167e-03 6.918300000000000491e-03 1.098202071185967930e-13
8.000000000000000167e-03 7.244350000000000095e-03 1.033329489848831712e-13
8.000000000000000167e-03 7.585760000000000419e-03 9.646011773815573870e-14
8.000000000000000167e-03 7.943270000000000539e-03 8.918029432532473759e-14
8.000000000000000167e-03 8.317620000000001262e-03 8.155974203766327795e-14
8.000000000000000167e-03 8.709620000000001250e-03 7.365041768203023235e-14
8.000000000000000167e-03 9.120090000000000835e-03 6.545593813560895598e-14
8.000000000000000167e-03 9.549900000000000055e-03 5.418889135496861182e-14
8.000000000000000167e-03 9.999980000000000327e-03 4.598451329119660422e-14
8.000000000000000167e-03 1.047130000000000109e-02 4.206581675393282646e-14
8.000000000000000167e-03 1.096480000000000024e-02 4.094360583308598864e-14
8.000000000000000167e-03 1.148150000000000039e-02 3.972443447255677242e-14
8.000000000000000167e-03 1.202260000000000134e-02 3.838968487893060848e-14
8.000000000000000167e-03 1.258920000000000004e-02 3.693892886868625343e-14
8.000000000000000167e-03 1.318250000000000151e-02 3.535800674193443468e-14
8.000000000000000167e-03 1.380380000000000149e-02 3.364991728762393322e-14
8.000000000000000167e-03 1.445440000000000093e-02 3.048363839503721408e-14
8.000000000000000167e-03 1.513560000000000079e-02 2.945338033889646929e-14
8.000000000000000167e-03 1.584890000000000257e-02 2.969916366352093049e-14
8.000000000000000167e-03 1.659580000000000083e-02 2.985012631948404989e-14
8.000000000000000167e-03 1.737800000000000109e-02 2.988952279278689262e-14
8.000000000000000167e-03 1.819700000000000137e-02 2.980896757718196889e-14
8.000000000000000167e-03 1.905460000000000140e-02 2.959517257145604591e-14
8.000000000000000167e-03 1.995260000000000089e-02 2.897081608089651201e-14
8.000000000000000167e-03 2.089290000000000244e-02 2.744902429610594087e-14
8.000000000000000167e-03 2.187760000000000052e-02 2.687492573746152748e-14
8.000000000000000167e-03 2.290860000000000118e-02 2.660206418287682648e-14
8.000000000000000167e-03 2.398830000000000059e-02 2.629355249052261108e-14
8.000000000000000167e-03 2.511880000000000016e-02 2.586771522436845518e-14
8.000000000000000167e-03 2.630260000000000237e-02 2.535775129741203104e-14
8.000000000000000167e-03 2.754220000000000279e-02 2.476410230145572270e-14
8.000000000000000167e-03 2.900000000000000147e-02 2.398772664756935981e-14
8.000000000000000167e-03 3.000000000000000236e-02 2.340735656547214273e-14
8.000000000000000167e-03 3.100000000000000325e-02 2.278993945440604040e-14
8.000000000000000167e-03 3.200000000000000067e-02 2.213775189700035809e-14
8.000000000000000167e-03 3.300000000000000155e-02 2.093543595435619719e-14
8.000000000000000167e-03 3.400000000000000244e-02 1.993034034795490993e-14
8.000000000000000167e-03 3.500000000000000333e-02 1.934094020826175035e-14
8.000000000000000167e-03 3.600000000000000422e-02 1.915095913031196456e-14
8.000000000000000167e-03 3.700000000000000511e-02 1.894880815604150927e-14
8.000000000000000167e-03 3.799999999999999906e-02 1.873518724177447905e-14
8.000000000000000167e-03 3.899999999999999994e-02 1.851009701343270112e-14
8.000000000000000167e-03 4.000000000000000083e-02 1.827410453563311535e-14
8.000000000000000167e-03 4.250000000000000305e-02 1.764161763299251084e-14
8.000000000000000167e-03 4.500000000000000527e-02 1.695701726145732120e-14
8.000000000000000167e-03 4.750000000000000056e-02 1.622261910381264155e-14
8.000000000000000167e-03 5.000000000000000278e-02 1.543883625999853559e-14
8.000000000000000167e-03 5.250000000000000500e-02 1.459847538135376317e-14
8.000000000000000167e-03 5.500000000000000028e-02 1.362923631018430122e-14
8.000000000000000167e-03 5.708800000000000680e-02 1.320143668538790106e-14
8.000000000000000167e-03 6.405380000000000795e-02 1.251747999060122958e-14
8.000000000000000167e-03 7.186960000000000570e-02 1.155394383766626728e-14
8.000000000000000167e-03 8.063900000000000234e-02 1.076908148731330303e-14
8.000000000000000167e-03 9.047849600000000547e-02 1.033478221385721810e-14
8.000000000000000167e-03 1.015180000000000110e-01 9.676434009798259282e-15
8.000000000000000167e-03 1.139060000000000072e-01 8.922412558108899347e-15
8.000000000000000167e-03 1.278040000000000009e-01 1.006833855916711523e-14
8.000000000000000167e-03 1.433990080000000222e-01 9.536037759868561423e-15
8.000000000000000167e-03 1.608960000000000112e-01 8.793082270461980688e-15
8.000000000000000167e-03 1.805289919999999992e-01 7.834406929686240038e-15
8.000000000000000167e-03 2.025569920000000190e-01 7.117553880302830242e-15
8.000000000000000167e-03 2.272720000000000018e-01 6.961546795848549546e-15
8.000000000000000167e-03 2.550040000000000084e-01 6.700706426725916260e-15
8.000000000000000167e-03 2.861190080000000080e-01 6.322656595063658605e-15
8.000000000000000167e-03 3.210310080000000066e-01 5.795597510821180733e-15
8.000000000000000167e-03 3.602030080000000467e-01 5.210786608213101695e-15
8.000000000000000167e-03 4.041539840000000217e-01 4.769520850959594947e-15
8.000000000000000167e-03 4.534689920000000152e-01 4.521201718798376964e-15
8.000000000000000167e-03 5.088009920000000630e-01 4.338789150367697336e-15
8.000000000000000167e-03 5.708839680000000749e-01 4.080726813266831698e-15
8.000000000000000167e-03 6.405429759999999861e-01 3.864870937039589473e-15
8.000000000000000167e-03 7.187009920000000385e-01 3.703107195840488744e-15
8.000000000000000167e-03 8.063960320000000959e-01 3.447418858715406798e-15
8.000000000000000167e-03 9.047920000000000407e-01 3.180621568441222008e-15
8.000000000000000167e-03 1.015190020000000137e+00 3.000275579760749453e-15
8.000000000000000167e-03 1.139069950000000109e+00 3.050230849729862581e-15
8.000000000000000167e-03 1.278050050000000049e+00 4.272709404535615800e-15
8.000000000000000167e-03 1.434000000000000163e+00 2.688422835322418784e-15
8.000000000000000167e-03 1.608979970000000037e+00 2.412791998223361332e-15
8.000000000000000167e-03 1.680000000000000160e+00 2.368091368633339837e-15
8.000000000000000167e-03 1.700000000000000178e+00 2.359828492050593638e-15
8.000000000000000167e-03 1.800000000000000044e+00 2.283969323136835614e-15
8.000000000000000167e-03 1.900000000000000133e+00 2.079270069606765805e-15
8.000000000000000167e-03 2.000000000000000000e+00 1.893197255698288806e-15
8.000000000000000167e-03 2.100000000000000089e+00 1.855496153471515513e-15
8.000000000000000167e-03 2.200000000000000178e+00 1.814494980714055905e-15
8.000000000000000167e-03 2.300000000000000266e+00 1.782931140182804073e-15
8.000000000000000167e-03 2.400000000000000355e+00 1.744492530125276842e-15
8.000000000000000167e-03 2.500000000000000000e+00 1.707512862820241722e-15
8.000000000000000167e-03 2.600000000000000089e+00 1.665312465260693272e-15
8.000000000000000167e-03 2.750000130000000098e+00 1.596043019696993049e-15
8.000000000000000167e-03 3.000000000000000000e+00 1.490255540531101882e-15
8.000000000000000167e-03 3.249999870000000346e+00 1.428979158154180018e-15
8.000000000000000167e-03 3.500000000000000000e+00 1.345979430117439632e-15
8.000000000000000167e-03 3.750000130000000098e+00 1.121962683839354770e-15
8.000000000000000167e-03 4.000000000000000000e+00 1.047567057824492528e-15
8.000000000000000167e-03 4.249999869999999902e+00 1.010750175057505272e-15
8.000000000000000167e-03 4.499999740000000692e+00 9.754833659596644890e-16
8.000000000000000167e-03 4.750000130000000098e+00 9.411121669322722155e-16
8.000000000000000167e-03 5.000000000000000000e+00 9.140054931065983981e-16
8.000000000000000167e-03 5.249999869999999902e+00 9.739715167739139347e-16
8.000000000000000167e-03 5.500000260000000196e+00 9.552309448821764950e-16
8.000000000000000167e-03 5.750000130000000098e+00 9.344040552945482546e-16
8.000000000000000167e-03 6.000000000000000000e+00 9.118798162855064048e-16
8.000000000000000167e-03 6.249999870000000790e+00 8.879108605834858089e-16
8.000000000000000167e-03 6.499999740000000692e+00 8.624661835485738216e-16
8.000000000000000167e-03 6.750000130000000098e+00 8.351466754332522496e-16
8.000000000000000167e-03 7.000000000000000000e+00 7.918212396327005347e-16
8.000000000000000167e-03 7.249999870000000790e+00 7.625821522040581070e-16
8.000000000000000167e-03 7.500000260000000196e+00 7.477244616269703329e-16
8.000000000000000167e-03 7.750000130000000098e+00 7.332077567398660029e-16
8.000000000000000167e-03 8.000000000000000000e+00 7.192652470240034187e-16
8.000000000000000167e-03 8.249999869999999902e+00 7.057229260194657771e-16
8.000000000000000167e-03 8.499999739999999804e+00 6.925846553059107483e-16
8.000000000000000167e-03 8.750000130000000098e+00 6.797585866689934944e-16
8.000000000000000167e-03 8.999999490000000435e+00 6.673814109046924602e-16
8.000000000000000167e-03 9.249999869999999902e+00 6.551747484054357007e-16
8.000000000000000167e-03 9.500000260000000196e+00 6.433610109694921862e-16
8.000000000000000167e-03 9.749999620000000533e+00 6.318812512523857088e-16
8.000000000000000167e-03 1.000000000000000000e+01 6.207662924262543288e-16
8.000000000000000167e-03 1.025000040000000112e+01 6.114952549659784439e-16
8.000000000000000167e-03 1.049999970000000005e+01 6.020091671019581879e-16
8.000000000000000167e-03 1.075000010000000117e+01 5.926483751847810753e-16
8.000000000000000167e-03 1.100000050000000051e+01 5.834380649471946604e-16
8.000000000000000167e-03 1.124999990000000061e+01 5.743181852644844165e-16
8.000000000000000167e-03 1.150000029999999995e+01 5.654339833408448396e-16
8.000000000000000167e-03 1.174999960000000065e+01 5.566162019541527787e-16
8.000000000000000167e-03 1.200000000000000000e+01 5.479072066151875494e-16
8.000000000000000167e-03 1.225000040000000112e+01 5.394085043660793596e-16
8.000000000000000167e-03 1.249999970000000005e+01 5.309367458298367068e-16
8.000000000000000167e-03 1.275000010000000117e+01 5.226716287982873333e-16
8.000000000000000167e-03 1.299999950000000126e+01 5.145022962650727250e-16
8.000000000000000167e-03 1.324999990000000061e+01 5.064461706591299437e-16
8.000000000000000167e-03 1.350000029999999995e+01 4.985793659984952910e-16
8.000000000000000167e-03 1.374999960000000065e+01 4.907766152195821718e-16
8.000000000000000167e-03 1.400000000000000000e+01 4.829604807438348694e-16
8.000000000000000167e-03 1.425000040000000112e+01 4.754911195969774292e-16
8.000000000000000167e-03 1.449999970000000005e+01 4.679959220663441849e-16
8.000000000000000167e-03 1.475000010000000117e+01 4.606217426235326204e-16
8.000000000000000167e-03 1.500000050000000051e+01 4.536299061952465001e-16
8.000000000000000167e-03 1.524999990000000061e+01 4.495759554574518000e-16
8.000000000000000167e-03 1.550000030000000173e+01 4.447338590447994168e-16
8.000000000000000167e-03 1.574999960000000065e+01 4.398440058032332930e-16
8.000000000000000167e-03 1.600000000000000000e+01 4.351638433804580134e-16
8.000000000000000167e-03 1.625000040000000112e+01 4.304903623901976655e-16
8.000000000000000167e-03 1.649999970000000005e+01 4.258931602883893314e-16
8.000000000000000167e-03 1.675000010000000117e+01 4.214278190473164735e-16
8.000000000000000167e-03 1.699999950000000126e+01 4.170824225991178313e-16
8.000000000000000167e-03 1.725000089999999986e+01 4.126984737655888869e-16
8.000000000000000167e-03 1.750000029999999995e+01 4.083537356352902833e-16
8.000000000000000167e-03 1.774999960000000243e+01 4.041723333909684402e-16
8.000000000000000167e-03 1.799999900000000252e+01 4.001021205362036432e-16
8.000000000000000167e-03 1.825000040000000112e+01 3.959798296587946418e-16
8.000000000000000167e-03 1.849999970000000005e+01 3.919574980633066594e-16
8.000000000000000167e-03 1.874999910000000014e+01 3.879779376253131403e-16
8.000000000000000167e-03 1.900000050000000229e+01 3.840803213345305506e-16
8.000000000000000167e-03 1.924999990000000238e+01 3.802479314650714319e-16
8.000000000000000167e-03 1.949999920000000131e+01 3.765108055680743489e-16
8.000000000000000167e-03 1.975000059999999991e+01 3.728054820009562497e-16
8.000000000000000167e-03 2.000000000000000000e+01 3.691404689396847437e-16
5.000000000000000278e-02 0.000000000000000000e+00 2.854304811452130201e-14
5.000000000000000278e-02 1.258929999999999956e-04 2.854304811452130201e-14
5.000000000000000278e-02 1.412539999999999998e-04 3.084845242595823499e-14
5.000000000000000278e-02 1.584890000000000203e-04 3.039028576632510825e-14
5.000000000000000278e-02 1.778280000000000193e-04 2.992758785559407974e-14
5.000000000000000278e-02 1.995270000000000160e-04 2.946068310678871128e-14
5.000000000000000278e-02 2.238730000000000028e-04 3.090294616451228997e-14
5.000000000000000278e-02 2.511890000000000238e-04 3.033958173737368911e-14
5.000000000000000278e-02 2.818390000000000370e-04 2.976822721410860636e-14
5.000000000000000278e-02 3.162290000000000110e-04 3.079948627326704352e-14
5.000000000000000278e-02 3.548150000000000240e-04 3.016176635097282967e-14
5.000000000000000278e-02 3.981090000000000063e-04 3.189530750705336081e-14
5.000000000000000278e-02 4.466860000000000123e-04 3.113794722936154563e-14
5.000000000000000278e-02 5.011899999999999905e-04 3.190820028650381939e-14
5.000000000000000278e-02 5.623439999999999949e-04 3.293664873865465482e-14
5.000000000000000278e-02 6.309610000000000869e-04 3.223668823545565627e-14
5.000000000000000278e-02 7.079500000000000506e-04 3.629895623074114503e-14
5.000000000000000278e-02 7.943340000000000557e-04 3.485911687820101581e-14
5.000000000000000278e-02 8.912570000000000084e-04 3.752127725381240963e-14
5.000000000000000278e-02 1.000000000000000021e-03 3.642168031962520090e-14
5.000000000000000278e-02 1.047130000000000066e-03 3.910232120552649179e-14
5.000000000000000278e-02 1.096480000000000154e-03 3.813589436734022108e-14
5.000000000000000278e-02 1.148150000000000125e-03 3.696754703501265638e-14
5.000000000000000278e-02 1.202260000000000134e-03 4.039617810696768056e-14
5.000000000000000278e-02 1.258930000000000118e-03 3.977868446574185556e-14
5.000000000000000278e-02 1.318260000000000135e-03 3.904012190440614499e-14
5.000000000000000278e-02 1.380380000000000062e-03 4.327177994368146204e-14
5.000000000000000278e-02 1.445440000000000093e-03 4.188909473929221583e-14
5.000000000000000278e-02 1.513560000000000166e-03 4.573137755930412613e-14
5.000000000000000278e-02 1.584890000000000040e-03 4.356535505995307626e-14
5.000000000000000278e-02 1.659590000000000067e-03 4.700739801043298342e-14
5.000000000000000278e-02 1.737800000000000065e-03 5.025886823669662333e-14
5.000000000000000278e-02 1.819700000000000050e-03 4.839095483428101193e-14
5.000000000000000278e-02 1.905460000000000096e-03 5.192809657813266968e-14
5.000000000000000278e-02 1.995260000000000002e-03 5.399522263161562552e-14
5.000000000000000278e-02 2.089290000000000157e-03 5.611970179368248163e-14
5.000000000000000278e-02 2.187759999999999965e-03 5.769836102588632041e-14
5.000000000000000278e-02 2.290869999999999972e-03 5.872109976750306949e-14
5.000000000000000278e-02 2.398830000000000233e-03 5.838333762343226580e-14
5.000000000000000278e-02 2.511880000000000189e-03 6.495416726112870319e-14
5.000000000000000278e-02 2.630270000000000091e-03 5.516206431226505717e-14
5.000000000000000278e-02 2.754230000000000306e-03 5.414367383896690596e-14
5.000000000000000278e-02 2.884030000000000100e-03 5.866891937668147646e-14
5.000000000000000278e-02 3.019949999999999978e-03 6.708812223593512441e-14
5.000000000000000278e-02 3.162270000000000011e-03 7.699395228192471676e-14
5.000000000000000278e-02 3.311310000000000035e-03 8.233941996978681307e-14
5.000000000000000278e-02 3.467360000000000060e-03 8.110572930304479164e-14
5.000000000000000278e-02 3.630780000000000118e-03 7.425662282660495204e-14
5.000000000000000278e-02 3.801890000000000044e-03 7.138169622492440598e-14
5.000000000000000278e-02 3.981070000000000615e-03 7.425351354049616909e-14
5.000000000000000278e-02 4.168690000000000069e-03 8.053044113560452195e-14
5.000000000000000278e-02 4.365149999999999933e-03 9.102758595767206874e-14
5.000000000000000278e-02 4.570880000000000255e-03 1.036677328348378200e-13
5.000000000000000278e-02 4.786290000000000336e-03 1.163027944285394941e-13
5.000000000000000278e-02 5.011859999999999926e-03 1.287389531902524953e-13
5.000000000000000278e-02 5.248070000000000512e-03 1.406843737693142713e-13
5.000000000000000278e-02 5.495400000000000111e-03 1.518129159364454693e-13
5.000000000000000278e-02 5.754390000000000720e-03 1.617890196114143226e-13
5.000000000000000278e-02 6.025590000000000807e-03 1.701243750857939496e-13
5.000000000000000278e-02 6.309560000000000515e-03 1.764526433589028135e-13
5.000000000000000278e-02 6.606920000000000501e-03 1.665899216831842732e-13
5.000000000000000278e-02 6.918300000000000491e-03 1.296178588823764669e-13
5.000000000000000278e-02 7.244350000000000095e-03 1.135074882073185639e-13
5.000000000000000278e-02 7.585760000000000419e-03 1.084190008126007185e-13
5.000000000000000278e-02 7.943270000000000539e-03 1.028820862969355902e-13
5.000000000000000278e-02 8.317620000000001262e-03 9.690243143890487179e-14
5.000000000000000278e-02 8.709620000000001250e-03 9.050040171448074058e-14
5.000000000000000278e-02 9.120090000000000835e-03 8.362901559499879211e-14
5.000000000000000278e-02 9.549900000000000055e-03 7.316256965163295826e-14
5.000000000000000278e-02 9.999980000000000327e-03 6.339932670428753918e-14
5.000000000000000278e-02 1.047130000000000109e-02 6.121888664985611819e-14
5.000000000000000278e-02 1.096480000000000024e-02 5.893200680507306931e-14
5.000000000000000278e-02 1.148150000000000039e-02 5.651622074774222547e-14
5.000000000000000278e-02 1.202260000000000134e-02 5.397944677146322746e-14
5.000000000000000278e-02 1.258920000000000004e-02 5.133107707769893297e-14
5.000000000000000278e-02 1.318250000000000151e-02 4.757963873507381255e-14
5.000000000000000278e-02 1.380380000000000149e-02 4.225055185884163810e-14
5.000000000000000278e-02 1.445440000000000093e-02 4.064603352705249545e-14
5.000000000000000278e-02 1.513560000000000079e-02 3.984811188486525962e-14
5.000000000000000278e-02 1.584890000000000257e-02 3.899092592336946814e-14
5.000000000000000278e-02 1.659580000000000083e-02 3.800320675741794377e-14
5.000000000000000278e-02 1.737800000000000109e-02 3.691485339952345946e-14
5.000000000000000278e-02 1.819700000000000137e-02 3.571987889324567623e-14
5.000000000000000278e-02 1.905460000000000140e-02 3.441411184979805622e-14
5.000000000000000278e-02 1.995260000000000089e-02 3.300382328689971603e-14
5.000000000000000278e-02 2.089290000000000244e-02 3.146951361178579945e-14
5.000000000000000278e-02 2.187760000000000052e-02 2.967441118779690468e-14
5.000000000000000278e-02 2.290860000000000118e-02 2.668853563547620416e-14
5.000000000000000278e-02 2.398830000000000059e-02 2.518913774922415859e-14
5.000000000000000278e-02 2.511880000000000016e-02 2.472992289045236952e-14
5.000000000000000278e-02 2.630260000000000237e-02 2.421914068486923133e-14
5.000000000000000278e-02 2.754220000000000279e-02 2.365811743870212345e-14
5.000000000000000278e-02 2.900000000000000147e-02 2.295997117603431696e-14
5.000000000000000278e-02 3.000000000000000236e-02 2.246040267542535754e-14
5.000000000000000278e-02 3.100000000000000325e-02 2.194471292700684818e-14
5.000000000000000278e-02 3.200000000000000067e-02 2.141286000539817500e-14
5.000000000000000278e-02 3.300000000000000155e-02 2.088225398700271484e-14
5.000000000000000278e-02 3.400000000000000244e-02 2.032209936826066065e-14
5.000000000000000278e-02 3.500000000000000333e-02 1.975088430671744998e-14
5.000000000000000278e-02 3.600000000000000422e-02 1.916818140317607504e-14
5.000000000000000278e-02 3.700000000000000511e-02 1.853406559493235857e-14
5.000000000000000278e-02 3.799999999999999906e-02 1.773203920183442607e-14
5.000000000000000278e-02 3.899999999999999994e-02 1.711724783827176414e-14
5.000000000000000278e-02 4.000000000000000083e-02 1.658532303776398769e-14
5.000000000000000278e-02 4.250000000000000305e-02 1.609642708403901050e-14
5.000000000000000278e-02 4.500000000000000527e-02 1.559556206965467472e-14
5.000000000000000278e-02 4.750000000000000056e-02 1.505353101359216935e-14
5.000000000000000278e-02 5.000000000000000278e-02 1.447485920230336305e-14
5.000000000000000278e-02 5.250000000000000500e-02 1.381537163082423185e-14
5.000000000000000278e-02 5.500000000000000028e-02 1.314201348182968093e-14
5.000000000000000278e-02 5.708800000000000680e-02 1.272961468137556647e-14
5.000000000000000278e-02 6.405380000000000795e-02 1.209549106826724439e-14
5.000000000000000278e-02 7.186960000000000570e-02 1.128790484152768139e-14
5.000000000000000278e-02 8.063900000000000234e-02 1.024567531115019837e-14
5.000000000000000278e-02 9.047849600000000547e-02 9.233880022254472241e-15
5.000000000000000278e-02 1.015180000000000110e-01 9.159535817833753735e-15
5.000000000000000278e-02 1.139060000000000072e-01 8.719244388754447063e-15
5.000000000000000278e-02 1.278040000000000009e-01 8.114780009810512940e-15
5.000000000000000278e-02 1.433990080000000222e-01 7.308767979691309465e-15
5.000000000000000278e-02 1.608960000000000112e-01 6.735622005221011232e-15
5.000000000000000278e-02 1.805289919999999992e-01 6.499101094048178612e-15
5.000000000000000278e-02 2.025569920000000190e-01 6.318234830639787530e-15
5.000000000000000278e-02 2.272720000000000018e-01 6.069812305352346593e-15
5.000000000000000278e-02 2.550040000000000084e-01 5.732630825314703514e-15
5.000000000000000278e-02 2.861190080000000080e-01 5.306183788820937607e-15
5.000000000000000278e-02 3.210310080000000066e-01 4.775154543138768156e-15
5.000000000000000278e-02 3.602030080000000467e-01 4.405627174715268818e-15
5.000000000000000278e-02 4.041539840000000217e-01 4.147134731874372893e-15
5.000000000000000278e-02 4.534689920000000152e-01 3.952536550132071841e-15
5.000000000000000278e-02 5.088009920000000630e-01 3.750408171609741350e-15
5.000000000000000278e-02 5.708839680000000749e-01 3.526060796840017079e-15
5.000000000000000278e-02 6.405429759999999861e-01 3.355706997230089664e-15
5.000000000000000278e-02 7.187009920000000385e-01 3.189199235987849860e-15
5.000000000000000278e-02 8.063960320000000959e-01 2.966463074918702289e-15
5.000000000000000278e-02 9.047920000000000407e-01 2.736989719434339773e-15
5.000000000000000278e-02 1.015190020000000137e+00 2.511533368011184819e-15
5.000000000000000278e-02 1.139069950000000109e+00 2.396006703873442985e-15
5.000000000000000278e-02 1.278050050000000049e+00 2.349248975607324536e-15
5.000000000000000278e-02 1.434000000000000163e+00 2.074454920412022757e-15
5.000000000000000278e-02 1.608979970000000037e+00 1.951141611949112885e-15
5.000000000000000278e-02 1.680000000000000160e+00 1.890905416489846089e-15
5.000000000000000278e-02 1.700000000000000178e+00 1.871887514777201804e-15
5.000000000000000278e-02 1.800000000000000044e+00 1.767099135507062058e-15
5.000000000000000278e-02 1.900000000000000133e+00 1.618000706699512600e-15
5.000000000000000278e-02 2.000000000000000000e+00 1.571552452505875258e-15
5.000000000000000278e-02 2.100000000000000089e+00 1.525250417518476116e-15
5.000000000000000278e-02 2.200000000000000178e+00 1.478294763723259722e-15
5.000000000000000278e-02 2.300000000000000266e+00 1.432129518336410827e-15
5.000000000000000278e-02 2.400000000000000355e+00 1.386736563747810078e-15
5.000000000000000278e-02 2.500000000000000000e+00 1.344159636962289728e-15
5.000000000000000278e-02 2.600000000000000089e+00 1.303868743806729013e-15
5.000000000000000278e-02 2.750000130000000098e+00 1.238739289191675745e-15
5.000000000000000278e-02 3.000000000000000000e+00 1.180082379489641116e-15
5.000000000000000278e-02 3.249999870000000346e+00 1.122556351357958089e-15
5.000000000000000278e-02 3.500000000000000000e+00 1.064512097561591728e-15
5.000000000000000278e-02 3.750000130000000098e+00 1.010994423166597995e-15
5.000000000000000278e-02 4.000000000000000000e+00 9.575936795124523805e-16
5.000000000000000278e-02 4.249999869999999902e+00 8.668770536759936404e-16
5.000000000000000278e-02 4.499999740000000692e+00 8.212105945818532114e-16
5.000000000000000278e-02 4.750000130000000098e+00 7.967510923133725492e-16
5.000000000000000278e-02 5.000000000000000000e+00 7.731299526497941457e-16
5.000000000000000278e-02 5.249999869999999902e+00 7.504940745330835339e-16
5.000000000000000278e-02 5.500000260000000196e+00 7.288474647302318197e-16
5.000000000000000278e-02 5.750000130000000098e+00 7.078428628588727028e-16
5.000000000000000278e-02 6.000000000000000000e+00 6.874816480736961154e-16
5.000000000000000278e-02 6.249999870000000790e+00 6.677273077063821815e-16
5.000000000000000278e-02 6.499999740000000692e+00 6.486579506540991533e-16
5.000000000000000278e-02 6.750000130000000098e+00 6.301884986548775397e-16
5.000000000000000278e-02 7.000000000000000000e+00 6.123125168825627351e-16
5.000000000000000278e-02 7.249999870000000790e+00 5.946271019571492037e-16
5.000000000000000278e-02 7.500000260000000196e+00 5.748240442795621305e-16
5.000000000000000278e-02 7.750000130000000098e+00 5.222966671305122794e-16
5.000000000000000278e-02 8.000000000000000000e+00 5.129975651225321849e-16
5.000000000000000278e-02 8.249999869999999902e+00 5.039595002051942585e-16
5.000000000000000278e-02 8.499999739999999804e+00 4.952421895242993586e-16
5.000000000000000278e-02 8.750000130000000098e+00 4.866375971287176786e-16
5.000000000000000278e-02 8.999999490000000435e+00 4.782377960916553615e-16
5.000000000000000278e-02 9.249999869999999902e+00 4.700706121857327567e-16
5.000000000000000278e-02 9.500000260000000196e+00 4.620825946525424995e-16
5.000000000000000278e-02 9.749999620000000533e+00 4.542898373573587251e-16
5.000000000000000278e-02 1.000000000000000000e+01 4.466371795784493092e-16
5.000000000000000278e-02 1.025000040000000112e+01 4.392653585000293891e-16
5.000000000000000278e-02 1.049999970000000005e+01 4.319743549402181003e-16
5.000000000000000278e-02 1.075000010000000117e+01 4.249082742600158820e-16
5.000000000000000278e-02 1.100000050000000051e+01 4.179148340663942987e-16
5.000000000000000278e-02 1.124999990000000061e+01 4.110598738439229043e-16
5.000000000000000278e-02 1.150000029999999995e+01 4.040484088730652780e-16
5.000000000000000278e-02 1.174999960000000065e+01 3.971833969717114941e-16
5.000000000000000278e-02 1.200000000000000000e+01 3.904555170437932156e-16
5.000000000000000278e-02 1.225000040000000112e+01 3.839395275029261998e-16
5.000000000000000278e-02 1.249999970000000005e+01 3.775571869682310620e-16
5.000000000000000278e-02 1.275000010000000117e+01 3.713261684104257619e-16
5.000000000000000278e-02 1.299999950000000126e+01 3.652776920038190263e-16
5.000000000000000278e-02 1.324999990000000061e+01 3.593150825821274579e-16
5.000000000000000278e-02 1.350000029999999995e+01 3.534951736797146198e-16
5.000000000000000278e-02 1.374999960000000065e+01 3.478590160860845409e-16
5.000000000000000278e-02 1.400000000000000000e+01 3.423259814233544193e-16
5.000000000000000278e-02 1.425000040000000112e+01 3.368887755675058067e-16
5.000000000000000278e-02 1.449999970000000005e+01 3.316293924754173072e-16
5.000000000000000278e-02 1.475000010000000117e+01 3.264556807550127794e-16
5.000000000000000278e-02 1.500000050000000051e+01 3.214121591650790705e-16
5.000000000000000278e-02 1.524999990000000061e+01 3.165052452870512563e-16
5.000000000000000278e-02 1.550000030000000173e+01 3.116858908289573666e-16
5.000000000000000278e-02 1.574999960000000065e+01 3.069757612971925531e-16
5.000000000000000278e-02 1.600000000000000000e+01 3.023307122199755240e-16
5.000000000000000278e-02 1.625000040000000112e+01 2.978377748463347573e-16
5.000000000000000278e-02 1.649999970000000005e+01 2.934651170129271579e-16
5.000000000000000278e-02 1.675000010000000117e+01 2.892422939039435664e-16
5.000000000000000278e-02 1.699999950000000126e+01 2.854622043646824444e-16
5.000000000000000278e-02 1.725000089999999986e+01 2.870318790529023325e-16
5.000000000000000278e-02 1.750000029999999995e+01 2.890671731854451827e-16
5.000000000000000278e-02 1.774999960000000243e+01 2.866446516007561155e-16
5.000000000000000278e-02 1.799999900000000252e+01 2.842132922936922015e-16
5.000000000000000278e-02 1.825000040000000112e+01 2.818597305072369783e-16
5.000000000000000278e-02 1.849999970000000005e+01 2.794508281736857181e-16
5.000000000000000278e-02 1.874999910000000014e+01 2.770956248658697881e-16
5.000000000000000278e-02 1.900000050000000229e+01 2.748085180126435699e-16
5.000000000000000278e-02 1.924999990000000238e+01 2.724665647374748760e-16
5.000000000000000278e-02 1.949999920000000131e+01 2.701687674697480571e-16
5.000000000000000278e-02 1.975000059999999991e+01 2.678744957016442774e-16
5.000000000000000278e-02 2.000000000000000000e+01 2.656344581114670668e-16
1.000000000000000048e-04 0.000000000000000000e+00 9.964928160482518140e-15
1.000000000000000048e-04 1.258929999999999956e-04 9.964928160482518140e-15
1.000000000000000048e-04 1.412539999999999998e-04 9.964928160482518140e-15
1.000000000000000048e-04 1.584890000000000203e-04 9.964928160482518140e-15
1.000000000000000048e-04 1.778280000000000193e-04 9.964928160482518140e-15
1.000000000000000048e-04 1.995270000000000160e-04 9.964928160482518140e-15
1.000000000000000048e-04 2.238730000000000028e-04 9.964928160482518140e-15
1.000000000000000048e-04 2.511890000000000238e-04 1.006967671616504557e-14
1.000000000000000048e-04 2.818390000000000370e-04 1.006967671616504557e-14
1.000000000000000048e-04 3.162290000000000110e-04 1.006967671616504557e-14
1.000000000000000048e-04 3.548150000000000240e-04 1.006967671616504557e-14
1.000000000000000048e-04 3.981090000000000063e-04 1.001294391022292405e-14
1.000000000000000048e-04 4.466860000000000123e-04 1.000926712987016056e-14
1.000000000000000048e-04 5.011899999999999905e-04 1.001153777571001404e-14
1.000000000000000048e-04 5.623439999999999949e-04 1.001143724712256806e-14
1.000000000000000048e-04 6.309610000000000869e-04 1.001872651374476851e-14
1.000000000000000048e-04 7.079500000000000506e-04 1.011429146693194427e-14
1.000000000000000048e-04 7.943340000000000557e-04 1.012002231467236900e-14
1.000000000000000048e-04 8.912570000000000084e-04 1.019479685401087146e-14
1.000000000000000048e-04 1.000000000000000021e-03 1.050688267966534505e-14
1.000000000000000048e-04 1.047130000000000066e-03 1.077284381222199106e-14
1.000000000000000048e-04 1.096480000000000154e-03 1.078798653165851875e-14
1.000000000000000048e-04 1.148150000000000125e-03 1.077288512401469685e-14
1.000000000000000048e-04 1.202260000000000134e-03 1.072118924801134429e-14
1.000000000000000048e-04 1.258930000000000118e-03 1.060664127152358435e-14
1.000000000000000048e-04 1.318260000000000135e-03 1.108659825219627578e-14
1.000000000000000048e-04 1.380380000000000062e-03 1.125480943922527673e-14
1.000000000000000048e-04 1.445440000000000093e-03 1.128730961060347392e-14
1.000000000000000048e-04 1.513560000000000166e-03 1.133358611022141466e-14
1.000000000000000048e-04 1.584890000000000040e-03 1.137664327904349788e-14
1.000000000000000048e-04 1.659590000000000067e-03 1.173591284241363640e-14
1.000000000000000048e-04 1.737800000000000065e-03 1.179140981378578734e-14
1.000000000000000048e-04 1.819700000000000050e-03 1.184269291692648375e-14
1.000000000000000048e-04 1.905460000000000096e-03 1.198078395983726182e-14
1.000000000000000048e-04 1.995260000000000002e-03 1.221998683770774038e-14
1.000000000000000048e-04 2.089290000000000157e-03 1.232564680472130491e-14
1.000000000000000048e-04 2.187759999999999965e-03 1.233855904122121983e-14
1.000000000000000048e-04 2.290869999999999972e-03 1.236071102163215978e-14
1.000000000000000048e-04 2.398830000000000233e-03 1.222819804085967354e-14
1.000000000000000048e-04 2.511880000000000189e-03 1.238879798289655845e-14
1.000000000000000048e-04 2.630270000000000091e-03 1.272298627952681477e-14
1.000000000000000048e-04 2.754230000000000306e-03 1.309888942914722109e-14
1.000000000000000048e-04 2.884030000000000100e-03 1.438076286632787544e-14
1.000000000000000048e-04 3.019949999999999978e-03 4.603894699723194915e-14
1.000000000000000048e-04 3.162270000000000011e-03 2.628365063558422340e-13
1.000000000000000048e-04 3.311310000000000035e-03 3.069179405546219866e-13
1.000000000000000048e-04 3.467360000000000060e-03 3.229266493613513914e-13
1.000000000000000048e-04 3.630780000000000118e-03 3.376112064489231058e-13
1.000000000000000048e-04 3.801890000000000044e-03 3.502260060882321992e-13
1.000000000000000048e-04 3.981070000000000615e-03 3.365157703599124294e-13
1.000000000000000048e-04 4.168690000000000069e-03 2.792141111528016021e-13
1.000000000000000048e-04 4.365149999999999933e-03 2.485865883484066033e-13
1.000000000000000048e-04 4.570880000000000255e-03 2.145124239790762075e-13
1.000000000000000048e-04 4.786290000000000336e-03 1.695662540185014604e-13
1.000000000000000048e-04 5.011859999999999926e-03 1.117457375465266038e-13
1.000000000000000048e-04 5.248070000000000512e-03 4.614926075056441407e-14
1.000000000000000048e-04 5.495400000000000111e-03 1.598489201919177860e-14
1.000000000000000048e-04 5.754390000000000720e-03 1.461488592474522659e-14
1.000000000000000048e-04 6.025590000000000807e-03 1.391912390456768977e-14
1.000000000000000048e-04 6.309560000000000515e-03 1.314601588660306449e-14
1.000000000000000048e-04 6.606920000000000501e-03 1.227282733166869638e-14
1.000000000000000048e-04 6.918300000000000491e-03 1.129119768653223428e-14
1.000000000000000048e-04 7.244350000000000095e-03 1.076820406364842113e-14
1.000000000000000048e-04 7.585760000000000419e-03 1.062103396984892034e-14
1.000000000000000048e-04 7.943270000000000539e-03 1.041894912348956682e-14
1.000000000000000048e-04 8.317620000000001262e-03 1.015467709817938170e-14
1.000000000000000048e-04 8.709620000000001250e-03 9.814568349895127995e-15
1.000000000000000048e-04 9.120090000000000835e-03 9.392348462549721455e-15
1.000000000000000048e-04 9.549900000000000055e-03 8.883942505549253966e-15
1.000000000000000048e-04 9.999980000000000327e-03 8.263879483940012912e-15
1.000000000000000048e-04 1.047130000000000109e-02 7.668911788732359573e-15
1.000000000000000048e-04 1.096480000000000024e-02 7.408775323190872660e-15
1.000000000000000048e-04 1.148150000000000039e-02 7.383895245667613779e-15
1.000000000000000048e-04 1.202260000000000134e-02 7.369083712293201640e-15
1.000000000000000048e-04 1.258920000000000004e-02 7.347379200024625116e-15
1.000000000000000048e-04 1.318250000000000151e-02 7.333122450766218903e-15
1.000000000000000048e-04 1.380380000000000149e-02 7.330765967732922361e-15
1.000000000000000048e-04 1.445440000000000093e-02 7.221536691375376624e-15
1.000000000000000048e-04 1.513560000000000079e-02 7.058434827614705222e-15
1.000000000000000048e-04 1.584890000000000257e-02 6.909076932026309542e-15
1.000000000000000048e-04 1.659580000000000083e-02 6.881213567310059054e-15
1.000000000000000048e-04 1.737800000000000109e-02 6.854820529310522484e-15
1.000000000000000048e-04 1.819700000000000137e-02 6.830228289491716476e-15
1.000000000000000048e-04 1.905460000000000140e-02 6.810467844201580467e-15
1.000000000000000048e-04 1.995260000000000089e-02 6.708047954331636991e-15
1.000000000000000048e-04 2.089290000000000244e-02 6.731251590487233216e-15
1.000000000000000048e-04 2.187760000000000052e-02 6.956152596397114044e-15
1.000000000000000048e-04 2.290860000000000118e-02 7.263224614973328292e-15
1.000000000000000048e-04 2.398830000000000059e-02 7.572287004099512491e-15
1.000000000000000048e-04 2.511880000000000016e-02 7.882586279182249471e-15
1.000000000000000048e-04 2.630260000000000237e-02 8.194691177182834558e-15
1.000000000000000048e-04 2.754220000000000279e-02 8.510962836221749152e-15
1.000000000000000048e-04 2.900000000000000147e-02 8.863472349347290973e-15
1.000000000000000048e-04 3.000000000000000236e-02 9.092583483121728585e-15
1.000000000000000048e-04 3.100000000000000325e-02 9.312300312065467624e-15
1.000000000000000048e-04 3.200000000000000067e-02 9.369083921120505591e-15
1.000000000000000048e-04 3.300000000000000155e-02 9.219025860464245625e-15
1.000000000000000048e-04 3.400000000000000244e-02 9.091071446139613080e-15
1.000000000000000048e-04 3.500000000000000333e-02 9.086875846832325693e-15
1.000000000000000048e-04 3.600000000000000422e-02 9.075973527888356613e-15
1.000000000000000048e-04 3.700000000000000511e-02 9.058806209650583592e-15
1.000000000000000048e-04 3.799999999999999906e-02 9.036830682936954033e-15
1.000000000000000048e-04 3.899999999999999994e-02 9.008760270226229558e-15
1.000000000000000048e-04 4.000000000000000083e-02 8.974439647714101197e-15
1.000000000000000048e-04 4.250000000000000305e-02 8.863177991909792960e-15
1.000000000000000048e-04 4.500000000000000527e-02 8.720644825561911501e-15
1.000000000000000048e-04 4.750000000000000056e-02 8.546794720313138460e-15
1.000000000000000048e-04 5.000000000000000278e-02 8.178227504595201573e-15
1.000000000000000048e-04 5.250000000000000500e-02 8.013113368671141663e-15
1.000000000000000048e-04 5.500000000000000028e-02 8.059094454753658221e-15
1.000000000000000048e-04 5.708800000000000680e-02 8.116556800999743225e-15
1.000000000000000048e-04 6.405380000000000795e-02 8.259676495061660506e-15
1.000000000000000048e-04 7.186960000000000570e-02 8.346987780565588006e-15
1.000000000000000048e-04 8.063900000000000234e-02 8.365415270509990907e-15
1.000000000000000048e-04 9.047849600000000547e-02 8.297063802699933321e-15
1.000000000000000048e-04 1.015180000000000110e-01 8.124241186901495804e-15
1.000000000000000048e-04 1.139060000000000072e-01 7.824342009458073941e-15
1.000000000000000048e-04 1.278040000000000009e-01 7.375063054792561746e-15
1.000000000000000048e-04 1.433990080000000222e-01 6.645855505287168543e-15
1.000000000000000048e-04 1.608960000000000112e-01 7.208269404715672432e-15
1.000000000000000048e-04 1.805289919999999992e-01 6.675456802140872642e-15
1.000000000000000048e-04 2.025569920000000190e-01 6.163936642650467273e-15
1.000000000000000048e-04 2.272720000000000018e-01 5.695882535045790329e-15
1.000000000000000048e-04 2.550040000000000084e-01 5.249062674076695556e-15
1.000000000000000048e-04 2.861190080000000080e-01 4.725025278234995754e-15
1.000000000000000048e-04 3.210310080000000066e-01 4.536802496011593638e-15
1.000000000000000048e-04 3.602030080000000467e-01 4.285071658703832633e-15
1.000000000000000048e-04 4.041539840000000217e-01 3.891802887318604319e-15
1.000000000000000048e-04 4.534689920000000152e-01 3.528181178531885143e-15
1.000000000000000048e-04 5.088009920000000630e-01 3.362675067489087436e-15
1.000000000000000048e-04 5.708839680000000749e-01 3.167897301985208459e-15
1.000000000000000048e-04 6.405429759999999861e-01 2.936398134880671465e-15
1.000000000000000048e-04 7.187009920000000385e-01 2.655883072524021127e-15
1.000000000000000048e-04 8.063960320000000959e-01 2.435230839797967770e-15
1.000000000000000048e-04 9.047920000000000407e-01 2.360153380457411219e-15
1.000000000000000048e-04 1.015190020000000137e+00 2.446605289420934080e-15
1.000000000000000048e-04 1.139069950000000109e+00 2.630231626117459188e-15
1.000000000000000048e-04 1.278050050000000049e+00 2.532263883381593421e-15
1.000000000000000048e-04 1.434000000000000163e+00 2.565165359771285436e-15
1.000000000000000048e-04 1.608979970000000037e+00 2.246328670128575455e-15
1.000000000000000048e-04 1.680000000000000160e+00 2.117277152351254046e-15
1.000000000000000048e-04 1.700000000000000178e+00 2.104398619039486403e-15
1.000000000000000048e-04 1.800000000000000044e+00 2.041155568350486945e-15
1.000000000000000048e-04 1.900000000000000133e+00 1.988440130585896066e-15
1.000000000000000048e-04 2.000000000000000000e+00 1.954572241522637742e-15
1.000000000000000048e-04 2.100000000000000089e+00 1.911694295119239209e-15
1.000000000000000048e-04 2.200000000000000178e+00 1.861760494830332598e-15
1.000000000000000048e-04 2.300000000000000266e+00 1.809758400276671603e-15
1.000000000000000048e-04 2.400000000000000355e+00 1.747842225422397753e-15
1.000000000000000048e-04 2.500000000000000000e+00 1.659326921825921362e-15
1.000000000000000048e-04 2.600000000000000089e+00 1.598034785925703011e-15
1.000000000000000048e-04 2.750000130000000098e+00 1.549768847025239592e-15
1.000000000000000048e-04 3.000000000000000000e+00 1.473354353013523180e-15
1.000000000000000048e-04 3.249999870000000346e+00 1.422074902266498313e-15
1.000000000000000048e-04 3.500000000000000000e+00 1.370190809001053738e-15
1.000000000000000048e-04 3.750000130000000098e+00 1.315409356736398744e-15
1.000000000000000048e-04 4.000000000000000000e+00 1.263535882474427071e-15
1.000000000000000048e-04 4.249999869999999902e+00 1.212440641229720278e-15
1.000000000000000048e-04 4.499999740000000692e+00 1.146623851283750211e-15
1.000000000000000048e-04 4.750000130000000098e+00 1.112945477567770740e-15
1.000000000000000048e-04 5.000000000000000000e+00 1.080459399509276963e-15
1.000000000000000048e-04 5.249999869999999902e+00 1.048711572902141911e-15
1.000000000000000048e-04 5.500000260000000196e+00 1.017983238934197676e-15
1.000000000000000048e-04 5.750000130000000098e+00 9.878136711912621088e-16
1.000000000000000048e-04 6.000000000000000000e+00 9.572169508154600709e-16
1.000000000000000048e-04 6.249999870000000790e+00 9.194031251503404605e-16
1.000000000000000048e-04 6.499999740000000692e+00 8.947913497964512507e-16
1.000000000000000048e-04 6.750000130000000098e+00 8.712144829802127573e-16
1.000000000000000048e-04 7.000000000000000000e+00 8.484482527847919317e-16
1.000000000000000048e-04 7.249999870000000790e+00 8.265998185696351330e-16
1.000000000000000048e-04 7.500000260000000196e+00 8.054200537654356123e-16
1.000000000000000048e-04 7.750000130000000098e+00 7.850497714260168066e-16
1.000000000000000048e-04 8.000000000000000000e+00 7.652595640091711925e-16
1.000000000000000048e-04 8.249999869999999902e+00 7.461556447484524472e-16
1.000000000000000048e-04 8.499999739999999804e+00 7.275160183779905161e-16
1.000000000000000048e-04 8.750000130000000098e+00 7.085164789529179673e-16
1.000000000000000048e-04 8.999999490000000435e+00 6.835439771319842922e-16
1.000000000000000048e-04 9.249999869999999902e+00 6.711062989334047852e-16
1.000000000000000048e-04 9.500000260000000196e+00 6.589074837244448031e-16
1.000000000000000048e-04 9.749999620000000533e+00 6.470187905898261032e-16
1.000000000000000048e-04 1.000000000000000000e+01 6.356435942680919474e-16
1.000000000000000048e-04 1.025000040000000112e+01 6.244686963106243615e-16
1.000000000000000048e-04 1.049999970000000005e+01 6.135064753372137080e-16
1.000000000000000048e-04 1.075000010000000117e+01 6.029130770542626330e-16
1.000000000000000048e-04 1.100000050000000051e+01 5.925682149175819906e-16
1.000000000000000048e-04 1.124999990000000061e+01 5.824277554110624899e-16
1.000000000000000048e-04 1.150000029999999995e+01 5.726029404149327887e-16
1.000000000000000048e-04 1.174999960000000065e+01 5.630082644719309570e-16
1.000000000000000048e-04 1.200000000000000000e+01 5.536652398061448783e-16
1.000000000000000048e-04 1.225000040000000112e+01 5.444818085120931530e-16
1.000000000000000048e-04 1.249999970000000005e+01 5.354727873114722947e-16
1.000000000000000048e-04 1.275000010000000117e+01 5.267808381207562238e-16
1.000000000000000048e-04 1.299999950000000126e+01 5.182068998074595235e-16
1.000000000000000048e-04 1.324999990000000061e+01 5.097583387026735991e-16
1.000000000000000048e-04 1.350000029999999995e+01 5.014832274674832782e-16
1.000000000000000048e-04 1.374999960000000065e+01 4.922556514236338367e-16
1.000000000000000048e-04 1.400000000000000000e+01 4.868101651635457415e-16
1.000000000000000048e-04 1.425000040000000112e+01 4.812407947070020331e-16
1.000000000000000048e-04 1.449999970000000005e+01 4.759602771960800916e-16
1.000000000000000048e-04 1.475000010000000117e+01 4.706743556460361779e-16
1.000000000000000048e-04 1.500000050000000051e+01 4.654371846470656425e-16
1.000000000000000048e-04 1.524999990000000061e+01 4.603392154273964027e-16
1.000000000000000048e-04 1.550000030000000173e+01 4.552870059889401852e-16
1.000000000000000048e-04 1.574999960000000065e+01 4.503423430264906091e-16
1.000000000000000048e-04 1.600000000000000000e+01 4.454705486417688938e-16
1.000000000000000048e-04 1.625000040000000112e+01 4.407004126016529780e-16
1.000000000000000048e-04 1.649999970000000005e+01 4.359118255079079795e-16
1.000000000000000048e-04 1.675000010000000117e+01 4.312746702567305929e-16
1.000000000000000048e-04 1.699999950000000126e+01 4.266952556760158593e-16
1.000000000000000048e-04 1.725000089999999986e+01 4.221007482453978339e-16
1.000000000000000048e-04 1.750000029999999995e+01 4.176700990431665206e-16
1.000000000000000048e-04 1.774999960000000243e+01 4.132736632965631848e-16
1.000000000000000048e-04 1.799999900000000252e+01 4.089084742120455460e-16
1.000000000000000048e-04 1.825000040000000112e+01 4.046503922444875155e-16
1.000000000000000048e-04 1.849999970000000005e+01 4.002143788508163739e-16
1.000000000000000048e-04 1.874999910000000014e+01 3.961810592244394050e-16
1.000000000000000048e-04 1.900000050000000229e+01 3.920696956170401809e-16
1.000000000000000048e-04 1.924999990000000238e+01 3.880722020369390537e-16
1.000000000000000048e-04 1.949999920000000131e+01 3.839777345233356230e-16
1.000000000000000048e-04 1.975000059999999991e+01 3.801317602337922953e-16
1.000000000000000048e-04 2.000000000000000000e+01 3.761413944297484060e-16
4.000000000000000083e-03 0.000000000000000000e+00 1.568200161102321898e-14
4.000000000000000083e-03 1.258929999999999956e-04 1.568200161102321898e-14
4.000000000000000083e-03 1.412539999999999998e-04 1.568200161102321898e-14
4.000000000000000083e-03 1.584890000000000203e-04 1.568200161102321898e-14
4.000000000000000083e-03 1.778280000000000193e-04 1.568200161102321898e-14
4.000000000000000083e-03 1.995270000000000160e-04 1.568200161102321898e-14
4.000000000000000083e-03 2.238730000000000028e-04 1.568200161102321898e-14
4.000000000000000083e-03 2.511890000000000238e-04 1.568200161102321898e-14
4.000000000000000083e-03 2.818390000000000370e-04 1.568200161102321898e-14
4.000000000000000083e-03 3.162290000000000110e-04 1.568200161102321898e-14
4.000000000000000083e-03 3.548150000000000240e-04 1.568200161102321898e-14
4.000000000000000083e-03 3.981090000000000063e-04 1.568200161102321898e-14
4.000000000000000083e-03 4.466860000000000123e-04 1.568200161102321898e-14
4.000000000000000083e-03 5.011899999999999905e-04 1.568200161102321898e-14
4.000000000000000083e-03 5.623439999999999949e-04 1.568200161102321898e-14
4.000000000000000083e-03 6.309610000000000869e-04 1.568200161102321898e-14
4.000000000000000083e-03 7.079500000000000506e-04 1.568200161102321898e-14
4.000000000000000083e-03 7.943340000000000557e-04 1.568200161102321898e-14
4.000000000000000083e-03 8.912570000000000084e-04 1.568200161102321898e-14
4.000000000000000083e-03 1.000000000000000021e-03 1.568200161102321898e-14
4.000000000000000083e-03 1.047130000000000066e-03 1.568200161102321898e-14
4.000000000000000083e-03 1.096480000000000154e-03 1.568200161102321898e-14
4.000000000000000083e-03 1.148150000000000125e-03 1.568200161102321898e-14
4.000000000000000083e-03 1.202260000000000134e-03 1.568200161102321898e-14
4.000000000000000083e-03 1.258930000000000118e-03 1.568200161102321898e-14
4.000000000000000083e-03 1.318260000000000135e-03 1.568200161102321898e-14
4.000000000000000083e-03 1.380380000000000062e-03 1.568200161102321898e-14
4.000000000000000083e-03 1.445440000000000093e-03 1.568200161102321898e-14
4.000000000000000083e-03 1.513560000000000166e-03 1.568200161102321898e-14
4.000000000000000083e-03 1.584890000000000040e-03 1.568200161102321898e-14
4.000000000000000083e-03 1.659590000000000067e-03 1.568200161102321898e-14
4.000000000000000083e-03 1.737800000000000065e-03 1.568200161102321898e-14
4.000000000000000083e-03 1.819700000000000050e-03 1.568200161102321898e-14
4.000000000000000083e-03 1.905460000000000096e-03 1.568200161102321898e-14
4.000000000000000083e-03 1.995260000000000002e-03 1.568200161102321898e-14
4.000000000000000083e-03 2.089290000000000157e-03 1.568200161102321898e-14
4.000000000000000083e-03 2.187759999999999965e-03 1.568200161102321898e-14
4.000000000000000083e-03 2.290869999999999972e-03 1.568200161102321898e-14
4.000000000000000083e-03 2.398830000000000233e-03 1.568200161102321898e-14
4.000000000000000083e-03 2.511880000000000189e-03 2.181405547928729192e-14
4.000000000000000083e-03 2.630270000000000091e-03 2.477207203368680047e-14
4.000000000000000083e-03 2.754230000000000306e-03 3.359838937416120475e-14
4.000000000000000083e-03 2.884030000000000100e-03 4.978063268721660369e-14
4.000000000000000083e-03 3.019949999999999978e-03 7.053541688028344721e-14
4.000000000000000083e-03 3.162270000000000011e-03 1.085233593922084103e-13
4.000000000000000083e-03 3.311310000000000035e-03 1.219950640221124051e-13
4.000000000000000083e-03 3.467360000000000060e-03 1.226911242782509866e-13
4.000000000000000083e-03 3.630780000000000118e-03 1.049452972389360520e-13
4.000000000000000083e-03 3.801890000000000044e-03 8.768697550290334424e-14
4.000000000000000083e-03 3.981070000000000615e-03 1.179403118271203826e-13
4.000000000000000083e-03 4.168690000000000069e-03 1.326501770953703374e-13
4.000000000000000083e-03 4.365149999999999933e-03 1.197698966932347795e-13
4.000000000000000083e-03 4.570880000000000255e-03 8.921559895477110905e-14
4.000000000000000083e-03 4.786290000000000336e-03 6.453847105740732610e-14
4.000000000000000083e-03 5.011859999999999926e-03 5.217021872969141986e-14
4.000000000000000083e-03 5.248070000000000512e-03 4.471653962305918912e-14
4.000000000000000083e-03 5.495400000000000111e-03 5.137436711408050368e-14
4.000000000000000083e-03 5.754390000000000720e-03 6.021442027355871318e-14
4.000000000000000083e-03 6.025590000000000807e-03 6.835349814503176982e-14
4.000000000000000083e-03 6.309560000000000515e-03 7.545680674213328669e-14
4.000000000000000083e-03 6.606920000000000501e-03 7.875147737667928801e-14
4.000000000000000083e-03 6.918300000000000491e-03 7.208794509779365658e-14
4.000000000000000083e-03 7.244350000000000095e-03 7.265268030198050650e-14
4.000000000000000083e-03 7.585760000000000419e-03 7.276362038016326776e-14
4.000000000000000083e-03 7.943270000000000539e-03 7.251471674702065190e-14
4.000000000000000083e-03 8.317620000000001262e-03 7.180116154491986347e-14
4.000000000000000083e-03 8.709620000000001250e-03 7.060612674000741052e-14
4.000000000000000083e-03 9.120090000000000835e-03 6.877371541438157809e-14
4.000000000000000083e-03 9.549900000000000055e-03 6.629895319235269844e-14
4.000000000000000083e-03 9.999980000000000327e-03 5.972699699831439296e-14
4.000000000000000083e-03 1.047130000000000109e-02 5.093309586739006002e-14
4.000000000000000083e-03 1.096480000000000024e-02 4.754314923504477930e-14
4.000000000000000083e-03 1.148150000000000039e-02 4.430729118195044396e-14
4.000000000000000083e-03 1.202260000000000134e-02 4.104619390078326925e-14
4.000000000000000083e-03 1.258920000000000004e-02 3.769065768835902555e-14
4.000000000000000083e-03 1.318250000000000151e-02 3.429866205961467055e-14
4.000000000000000083e-03 1.380380000000000149e-02 3.088936598787837160e-14
4.000000000000000083e-03 1.445440000000000093e-02 2.671485338758479742e-14
4.000000000000000083e-03 1.513560000000000079e-02 2.391565229483467210e-14
4.000000000000000083e-03 1.584890000000000257e-02 2.428748848979502478e-14
4.000000000000000083e-03 1.659580000000000083e-02 2.512461204493170976e-14
4.000000000000000083e-03 1.737800000000000109e-02 2.593044239837576273e-14
4.000000000000000083e-03 1.819700000000000137e-02 2.659122468128273888e-14
4.000000000000000083e-03 1.905460000000000140e-02 2.714320228357670733e-14
4.000000000000000083e-03 1.995260000000000089e-02 2.757289767857641377e-14
4.000000000000000083e-03 2.089290000000000244e-02 2.639333977808151225e-14
4.000000000000000083e-03 2.187760000000000052e-02 2.611761794350997009e-14
4.000000000000000083e-03 2.290860000000000118e-02 2.636709569819799362e-14
4.000000000000000083e-03 2.398830000000000059e-02 2.654188113931273046e-14
4.000000000000000083e-03 2.511880000000000016e-02 2.662942365006729660e-14
4.000000000000000083e-03 2.630260000000000237e-02 2.662536263247788107e-14
4.000000000000000083e-03 2.754220000000000279e-02 2.651375987936957743e-14
4.000000000000000083e-03 2.900000000000000147e-02 2.624979208825888590e-14
4.000000000000000083e-03 3.000000000000000236e-02 2.598951547527213921e-14
4.000000000000000083e-03 3.100000000000000325e-02 2.566691121861895085e-14
4.000000000000000083e-03 3.200000000000000067e-02 2.528699169173620635e-14
4.000000000000000083e-03 3.300000000000000155e-02 2.485315837928619648e-14
4.000000000000000083e-03 3.400000000000000244e-02 2.388633313854860676e-14
4.000000000000000083e-03 3.500000000000000333e-02 2.319466346214133440e-14
4.000000000000000083e-03 3.600000000000000422e-02 2.267911153677643031e-14
4.000000000000000083e-03 3.700000000000000511e-02 2.238833704993471800e-14
4.000000000000000083e-03 3.799999999999999906e-02 2.208424078468314135e-14
4.000000000000000083e-03 3.899999999999999994e-02 2.176844259411405428e-14
4.000000000000000083e-03 4.000000000000000083e-02 2.146744830959778437e-14
4.000000000000000083e-03 4.250000000000000305e-02 2.060086019197293482e-14
4.000000000000000083e-03 4.500000000000000527e-02 1.966762630732675819e-14
4.000000000000000083e-03 4.750000000000000056e-02 1.867866898479315243e-14
4.000000000000000083e-03 5.000000000000000278e-02 1.763822168015879393e-14
4.000000000000000083e-03 5.250000000000000500e-02 1.654737130215086977e-14
4.000000000000000083e-03 5.500000000000000028e-02 1.527642802863623618e-14
4.000000000000000083e-03 5.708800000000000680e-02 1.471587228226514252e-14
4.000000000000000083e-03 6.405380000000000795e-02 1.380360188644643106e-14
4.000000000000000083e-03 7.186960000000000570e-02 1.254825940892056870e-14
4.000000000000000083e-03 8.063900000000000234e-02 1.174882348580597449e-14
4.000000000000000083e-03 9.047849600000000547e-02 1.121331152403486783e-14
4.000000000000000083e-03 1.015180000000000110e-01 1.038741317028891787e-14
4.000000000000000083e-03 1.139060000000000072e-01 1.145590823921450826e-14
4.000000000000000083e-03 1.278040000000000009e-01 1.095497317878442295e-14
4.000000000000000083e-03 1.433990080000000222e-01 1.024430209981782288e-14
4.000000000000000083e-03 1.608960000000000112e-01 9.304085575405429633e-15
4.000000000000000083e-03 1.805289919999999992e-01 8.313169974055185390e-15
4.000000000000000083e-03 2.025569920000000190e-01 8.209151123513081879e-15
4.000000000000000083e-03 2.272720000000000018e-01 8.201653411524508055e-15
4.000000000000000083e-03 2.550040000000000084e-01 7.954388170937183123e-15
4.000000000000000083e-03 2.861190080000000080e-01 7.426836339709239744e-15
4.000000000000000083e-03 3.210310080000000066e-01 6.566196077645957805e-15
4.000000000000000083e-03 3.602030080000000467e-01 5.724707283590507103e-15
4.000000000000000083e-03 4.041539840000000217e-01 5.270057826766698849e-15
4.000000000000000083e-03 4.534689920000000152e-01 4.996715487040127315e-15
4.000000000000000083e-03 5.088009920000000630e-01 4.629518449210155997e-15
4.000000000000000083e-03 5.708839680000000749e-01 4.342020527369134881e-15
4.000000000000000083e-03 6.405429759999999861e-01 4.118547811013106686e-15
4.000000000000000083e-03 7.187009920000000385e-01 3.923032660074969873e-15
4.000000000000000083e-03 8.063960320000000959e-01 3.706312183543865785e-15
4.000000000000000083e-03 9.047920000000000407e-01 3.381782348918470388e-15
4.000000000000000083e-03 1.015190020000000137e+00 3.110728322994210579e-15
4.000000000000000083e-03 1.139069950000000109e+00 3.286182581984677021e-15
4.000000000000000083e-03 1.278050050000000049e+00 4.565551399884709506e-15
4.000000000000000083e-03 1.434000000000000163e+00 2.752761104011788012e-15
4.000000000000000083e-03 1.608979970000000037e+00 2.334467656229639574e-15
4.000000000000000083e-03 1.680000000000000160e+00 2.279065926450164302e-15
4.000000000000000083e-03 1.700000000000000178e+00 2.264548799211169768e-15
4.000000000000000083e-03 1.800000000000000044e+00 2.193991792150990633e-15
4.000000000000000083e-03 1.900000000000000133e+00 2.127726207671405529e-15
4.000000000000000083e-03 2.000000000000000000e+00 2.022945173973245415e-15
4.000000000000000083e-03 2.100000000000000089e+00 1.936918423691011362e-15
4.000000000000000083e-03 2.200000000000000178e+00 1.857117786036695063e-15
4.000000000000000083e-03 2.300000000000000266e+00 1.818623693980576038e-15
4.000000000000000083e-03 2.400000000000000355e+00 1.787611855624967492e-15
4.000000000000000083e-03 2.500000000000000000e+00 1.771235847328584984e-15
4.000000000000000083e-03 2.600000000000000089e+00 1.785401353353140382e-15
4.000000000000000083e-03 2.750000130000000098e+00 1.758245704960207201e-15
4.000000000000000083e-03 3.000000000000000000e+00 1.662780706302303099e-15
4.000000000000000083e-03 3.249999870000000346e+00 1.451135608609742849e-15
4.000000000000000083e-03 3.500000000000000000e+00 1.342691327901464025e-15
4.000000000000000083e-03 3.750000130000000098e+00 1.285581975072834261e-15
4.000000000000000083e-03 4.000000000000000000e+00 1.225711524016304329e-15
4.000000000000000083e-03 4.249999869999999902e+00 1.160628362461505941e-15
4.000000000000000083e-03 4.499999740000000692e+00 1.107323144082676884e-15
4.000000000000000083e-03 4.750000130000000098e+00 1.072457438131478170e-15
4.000000000000000083e-03 5.000000000000000000e+00 1.039296444266722624e-15
4.000000000000000083e-03 5.249999869999999902e+00 1.007708000417892088e-15
4.000000000000000083e-03 5.500000260000000196e+00 9.774932198693656655e-16
4.000000000000000083e-03 5.750000130000000098e+00 9.490321121687474207e-16
4.000000000000000083e-03 6.000000000000000000e+00 9.346983656032617359e-16
4.000000000000000083e-03 6.249999870000000790e+00 9.197322591799250968e-16
4.000000000000000083e-03 6.499999740000000692e+00 9.022782535280810613e-16
4.000000000000000083e-03 6.750000130000000098e+00 8.847831477219796186e-16
4.000000000000000083e-03 7.000000000000000000e+00 8.671033932160574345e-16
4.000000000000000083e-03 7.249999870000000790e+00 8.492744269162925145e-16
4.000000000000000083e-03 7.500000260000000196e+00 8.313518487283424669e-16
4.000000000000000083e-03 7.750000130000000098e+00 8.134530447806776161e-16
4.000000000000000083e-03 8.000000000000000000e+00 7.953116140717711421e-16
4.000000000000000083e-03 8.249999869999999902e+00 7.766408803494732434e-16
4.000000000000000083e-03 8.499999739999999804e+00 7.495639291419426600e-16
4.000000000000000083e-03 8.750000130000000098e+00 7.312658027618072705e-16
4.000000000000000083e-03 8.999999490000000435e+00 7.176135475782196920e-16
4.000000000000000083e-03 9.249999869999999902e+00 7.042074253701864187e-16
4.000000000000000083e-03 9.500000260000000196e+00 6.909130818427968802e-16
4.000000000000000083e-03 9.749999620000000533e+00 6.779293131231289983e-16
4.000000000000000083e-03 1.000000000000000000e+01 6.651059254236025469e-16
4.000000000000000083e-03 1.025000040000000112e+01 6.525304402552656214e-16
4.000000000000000083e-03 1.049999970000000005e+01 6.401825362518782959e-16
4.000000000000000083e-03 1.075000010000000117e+01 6.279747982229036042e-16
4.000000000000000083e-03 1.100000050000000051e+01 6.161533331217273660e-16
4.000000000000000083e-03 1.124999990000000061e+01 6.043935673698579623e-16
4.000000000000000083e-03 1.150000029999999995e+01 5.929195670506846067e-16
4.000000000000000083e-03 1.174999960000000065e+01 5.815020706667717670e-16
4.000000000000000083e-03 1.200000000000000000e+01 5.703812544688295637e-16
4.000000000000000083e-03 1.225000040000000112e+01 5.593558142860501603e-16
4.000000000000000083e-03 1.249999970000000005e+01 5.489498654146302228e-16
4.000000000000000083e-03 1.275000010000000117e+01 5.406361761799677325e-16
4.000000000000000083e-03 1.299999950000000126e+01 5.333380538364093191e-16
4.000000000000000083e-03 1.324999990000000061e+01 5.263527059521256977e-16
4.000000000000000083e-03 1.350000029999999995e+01 5.194654164888302770e-16
4.000000000000000083e-03 1.374999960000000065e+01 5.126570976702802235e-16
4.000000000000000083e-03 1.400000000000000000e+01 5.059006129216687200e-16
4.000000000000000083e-03 1.425000040000000112e+01 4.994039799720538755e-16
4.000000000000000083e-03 1.449999970000000005e+01 4.929837478183778435e-16
4.000000000000000083e-03 1.475000010000000117e+01 4.866679891908020089e-16
4.000000000000000083e-03 1.500000050000000051e+01 4.803789681620636598e-16
4.000000000000000083e-03 1.524999990000000061e+01 4.743236208036856953e-16
4.000000000000000083e-03 1.550000030000000173e+01 4.683201069372339920e-16
4.000000000000000083e-03 1.574999960000000065e+01 4.623364923571443654e-16
4.000000000000000083e-03 1.600000000000000000e+01 4.565325105369374719e-16
4.000000000000000083e-03 1.625000040000000112e+01 4.508492312482110211e-16
4.000000000000000083e-03 1.649999970000000005e+01 4.451767827259071382e-16
4.000000000000000083e-03 1.675000010000000117e+01 4.395751057867477239e-16
4.000000000000000083e-03 1.699999950000000126e+01 4.341406658805418943e-16
4.000000000000000083e-03 1.725000089999999986e+01 4.288171872108686712e-16
4.000000000000000083e-03 1.750000029999999995e+01 4.235053998759857831e-16
4.000000000000000083e-03 1.774999960000000243e+01 4.182976031639262435e-16
4.000000000000000083e-03 1.799999900000000252e+01 4.131769782560303313e-16
4.000000000000000083e-03 1.825000040000000112e+01 4.080951552127981870e-16
4.000000000000000083e-03 1.849999970000000005e+01 4.032278780692822949e-16
4.000000000000000083e-03 1.874999910000000014e+01 3.983838518107691934e-16
4.000000000000000083e-03 1.900000050000000229e+01 3.934789803025223120e-16
4.000000000000000083e-03 1.924999990000000238e+01 3.888717661840118086e-16
4.000000000000000083e-03 1.949999920000000131e+01 3.842090618403789228e-16
4.000000000000000083e-03 1.975000059999999991e+01 3.805324884284454923e-16
4.000000000000000083e-03 2.000000000000000000e+01 3.778259566407152693e-16
2.000000000000000042e-02 0.000000000000000000e+00 2.185958256037696867e-14
2.000000000000000042e-02 1.258929999999999956e-04 2.185958256037696867e-14
2.000000000000000042e-02 1.412539999999999998e-04 2.185958256037696867e-14
2.000000000000000042e-02 1.584890000000000203e-04 2.185958256037696867e-14
2.000000000000000042e-02 1.778280000000000193e-04 2.185958256037696867e-14
2.000000000000000042e-02 1.995270000000000160e-04 2.185958256037696867e-14
2.000000000000000042e-02 2.238730000000000028e-04 2.185958256037696867e-14
2.000000000000000042e-02 2.511890000000000238e-04 2.185958256037696867e-14
2.000000000000000042e-02 2.818390000000000370e-04 2.185958256037696867e-14
2.000000000000000042e-02 3.162290000000000110e-04 2.185958256037696867e-14
2.000000000000000042e-02 3.548150000000000240e-04 2.185958256037696867e-14
2.000000000000000042e-02 3.981090000000000063e-04 2.185958256037696867e-14
2.000000000000000042e-02 4.466860000000000123e-04 2.185958256037696867e-14
2.000000000000000042e-02 5.011899999999999905e-04 2.185958256037696867e-14
2.000000000000000042e-02 5.623439999999999949e-04 2.185958256037696867e-14
2.000000000000000042e-02 6.309610000000000869e-04 2.185958256037696867e-14
2.000000000000000042e-02 7.079500000000000506e-04 2.185958256037696867e-14
2.000000000000000042e-02 7.943340000000000557e-04 2.185958256037696867e-14
2.000000000000000042e-02 8.912570000000000084e-04 2.185958256037696867e-14
2.000000000000000042e-02 1.000000000000000021e-03 2.781890258373557865e-14
2.000000000000000042e-02 1.047130000000000066e-03 2.780053363452301513e-14
2.000000000000000042e-02 1.096480000000000154e-03 2.776728045395336396e-14
2.000000000000000042e-02 1.148150000000000125e-03 2.779484233135605329e-14
2.000000000000000042e-02 1.202260000000000134e-03 2.783488476260795594e-14
2.000000000000000042e-02 1.258930000000000118e-03 2.790436574381517061e-14
2.000000000000000042e-02 1.318260000000000135e-03 2.772144814103635693e-14
2.000000000000000042e-02 1.380380000000000062e-03 2.785703979131693582e-14
2.000000000000000042e-02 1.445440000000000093e-03 2.797256938989445296e-14
2.000000000000000042e-02 1.513560000000000166e-03 2.806759855714255078e-14
2.000000000000000042e-02 1.584890000000000040e-03 2.814218626173568464e-14
2.000000000000000042e-02 1.659590000000000067e-03 2.752800314268655126e-14
2.000000000000000042e-02 1.737800000000000065e-03 2.893151201784645259e-14
2.000000000000000042e-02 1.819700000000000050e-03 2.819318008027276868e-14
2.000000000000000042e-02 1.905460000000000096e-03 2.738908640223750393e-14
2.000000000000000042e-02 1.995260000000000002e-03 2.651329862714361017e-14
2.000000000000000042e-02 2.089290000000000157e-03 2.892732616048336163e-14
2.000000000000000042e-02 2.187759999999999965e-03 2.778312739455504653e-14
2.000000000000000042e-02 2.290869999999999972e-03 2.954060916085155677e-14
2.000000000000000042e-02 2.398830000000000233e-03 2.781819501536560153e-14
2.000000000000000042e-02 2.511880000000000189e-03 3.668156194996087177e-14
2.000000000000000042e-02 2.630270000000000091e-03 3.323300647704718226e-14
2.000000000000000042e-02 2.754230000000000306e-03 3.741218386200257994e-14
2.000000000000000042e-02 2.884030000000000100e-03 2.855402844030867431e-14
2.000000000000000042e-02 3.019949999999999978e-03 5.242997525207207264e-14
2.000000000000000042e-02 3.162270000000000011e-03 5.464138595030676528e-14
2.000000000000000042e-02 3.311310000000000035e-03 5.704569278092397990e-14
2.000000000000000042e-02 3.467360000000000060e-03 6.024542272431097909e-14
2.000000000000000042e-02 3.630780000000000118e-03 6.448565734382875299e-14
2.000000000000000042e-02 3.801890000000000044e-03 6.981928042631472380e-14
2.000000000000000042e-02 3.981070000000000615e-03 7.254073833862985803e-14
2.000000000000000042e-02 4.168690000000000069e-03 7.212221594930771446e-14
2.000000000000000042e-02 4.365149999999999933e-03 6.738642112590670445e-14
2.000000000000000042e-02 4.570880000000000255e-03 6.276346237558288423e-14
2.000000000000000042e-02 4.786290000000000336e-03 6.618399593577506153e-14
2.000000000000000042e-02 5.011859999999999926e-03 7.011731845705025531e-14
2.000000000000000042e-02 5.248070000000000512e-03 7.613514179358501006e-14
2.000000000000000042e-02 5.495400000000000111e-03 8.526968311118012428e-14
2.000000000000000042e-02 5.754390000000000720e-03 9.265948134652318709e-14
2.000000000000000042e-02 6.025590000000000807e-03 8.619578603288444572e-14
2.000000000000000042e-02 6.309560000000000515e-03 8.263679013372816677e-14
2.000000000000000042e-02 6.606920000000000501e-03 8.244873211654371576e-14
2.000000000000000042e-02 6.918300000000000491e-03 8.271731599168349108e-14
2.000000000000000042e-02 7.244350000000000095e-03 8.351095350718965073e-14
2.000000000000000042e-02 7.585760000000000419e-03 8.498713215966785618e-14
2.000000000000000042e-02 7.943270000000000539e-03 8.719189278573135412e-14
2.000000000000000042e-02 8.317620000000001262e-03 9.039388509557191998e-14
2.000000000000000042e-02 8.709620000000001250e-03 9.038055779737706541e-14
2.000000000000000042e-02 9.120090000000000835e-03 7.943880875064136460e-14
2.000000000000000042e-02 9.549900000000000055e-03 7.582441757378276834e-14
2.000000000000000042e-02 9.999980000000000327e-03 7.372913459876248845e-14
2.000000000000000042e-02 1.047130000000000109e-02 7.134056936311660686e-14
2.000000000000000042e-02 1.096480000000000024e-02 6.871041709041623191e-14
2.000000000000000042e-02 1.148150000000000039e-02 6.571258591167005155e-14
2.000000000000000042e-02 1.202260000000000134e-02 6.239686895104302080e-14
2.000000000000000042e-02 1.258920000000000004e-02 5.793695433204513262e-14
2.000000000000000042e-02 1.318250000000000151e-02 5.070083837062573709e-14
2.000000000000000042e-02 1.380380000000000149e-02 4.848570146129026514e-14
2.000000000000000042e-02 1.445440000000000093e-02 4.766355046974314247e-14
2.000000000000000042e-02 1.513560000000000079e-02 4.657596476917053598e-14
2.000000000000000042e-02 1.584890000000000257e-02 4.525286468179432864e-14
2.000000000000000042e-02 1.659580000000000083e-02 4.358001749323030076e-14
2.000000000000000042e-02 1.737800000000000109e-02 4.156355994127117803e-14
2.000000000000000042e-02 1.819700000000000137e-02 3.788003848916264268e-14
2.000000000000000042e-02 1.905460000000000140e-02 3.445140497535303850e-14
2.000000000000000042e-02 1.995260000000000089e-02 3.376683898959757408e-14
2.000000000000000042e-02 2.089290000000000244e-02 3.300972388250334159e-14
2.000000000000000042e-02 2.187760000000000052e-02 3.217210869697377092e-14
2.000000000000000042e-02 2.290860000000000118e-02 3.125780000826179944e-14
2.000000000000000042e-02 2.398830000000000059e-02 3.025717364788947315e-14
2.000000000000000042e-02 2.511880000000000016e-02 2.916973648877722655e-14
2.000000000000000042e-02 2.630260000000000237e-02 2.798892348240810579e-14
2.000000000000000042e-02 2.754220000000000279e-02 2.670602495929343615e-14
2.000000000000000042e-02 2.900000000000000147e-02 2.518929927707445672e-14
2.000000000000000042e-02 3.000000000000000236e-02 2.397949061970557755e-14
2.000000000000000042e-02 3.100000000000000325e-02 2.225663819334090386e-14
2.000000000000000042e-02 3.200000000000000067e-02 2.110232793984505851e-14
2.000000000000000042e-02 3.300000000000000155e-02 2.090853557387726353e-14
2.000000000000000042e-02 3.400000000000000244e-02 2.069848581186906311e-14
2.000000000000000042e-02 3.500000000000000333e-02 2.047140126225342878e-14
2.000000000000000042e-02 3.600000000000000422e-02 2.022844766982281198e-14
2.000000000000000042e-02 3.700000000000000511e-02 1.997003404632692248e-14
2.000000000000000042e-02 3.799999999999999906e-02 1.969884885688784868e-14
2.000000000000000042e-02 3.899999999999999994e-02 1.941302624955666225e-14
2.000000000000000042e-02 4.000000000000000083e-02 1.912571837111663162e-14
2.000000000000000042e-02 4.250000000000000305e-02 1.831494994409965801e-14
2.000000000000000042e-02 4.500000000000000527e-02 1.743191171391399903e-14
2.000000000000000042e-02 4.750000000000000056e-02 1.648248820324454040e-14
2.000000000000000042e-02 5.000000000000000278e-02 1.540740309519073285e-14
2.000000000000000042e-02 5.250000000000000500e-02 1.439475011960014755e-14
2.000000000000000042e-02 5.500000000000000028e-02 1.395014433248513345e-14
2.000000000000000042e-02 5.708800000000000680e-02 1.372546347945892794e-14
2.000000000000000042e-02 6.405380000000000795e-02 1.279583256384110952e-14
2.000000000000000042e-02 7.186960000000000570e-02 1.143694319050632035e-14
2.000000000000000042e-02 8.063900000000000234e-02 1.073292525039747774e-14
2.000000000000000042e-02 9.047849600000000547e-02 1.013335599635444832e-14
2.000000000000000042e-02 1.015180000000000110e-01 9.240680284303948635e-15
2.000000000000000042e-02 1.139060000000000072e-01 8.276761402900832216e-15
2.000000000000000042e-02 1.278040000000000009e-01 8.257016000956514500e-15
2.000000000000000042e-02 1.433990080000000222e-01 7.859624345117022498e-15
2.000000000000000042e-02 1.608960000000000112e-01 7.293564307860131319e-15
2.000000000000000042e-02 1.805289919999999992e-01 6.542162426310048041e-15
2.000000000000000042e-02 2.025569920000000190e-01 6.114463845995177674e-15
2.000000000000000042e-02 2.272720000000000018e-01 5.983712981624415093e-15
2.000000000000000042e-02 2.550040000000000084e-01 5.860497205625137739e-15
2.000000000000000042e-02 2.861190080000000080e-01 5.625936634559806818e-15
2.000000000000000042e-02 3.210310080000000066e-01 5.264598511546030770e-15
2.000000000000000042e-02 3.602030080000000467e-01 4.758211110229773351e-15
2.000000000000000042e-02 4.041539840000000217e-01 4.343743492802363697e-15
2.000000000000000042e-02 4.534689920000000152e-01 4.083438167141123391e-15
2.000000000000000042e-02 5.088009920000000630e-01 3.928530184683770833e-15
2.000000000000000042e-02 5.708839680000000749e-01 3.762503649389028841e-15
2.000000000000000042e-02 6.405429759999999861e-01 3.510462809019963130e-15
2.000000000000000042e-02 7.187009920000000385e-01 3.289836828550884613e-15
2.000000000000000042e-02 8.063960320000000959e-01 3.087469942935128641e-15
2.000000000000000042e-02 9.047920000000000407e-01 2.882620535224364459e-15
2.000000000000000042e-02 1.015190020000000137e+00 2.797369556930576549e-15
2.000000000000000042e-02 1.139069950000000109e+00 3.191989559041579465e-15
2.000000000000000042e-02 1.278050050000000049e+00 2.577825112429297172e-15
2.000000000000000042e-02 1.434000000000000163e+00 2.136972857506291926e-15
2.000000000000000042e-02 1.608979970000000037e+00 2.001166319858494138e-15
2.000000000000000042e-02 1.680000000000000160e+00 1.943163834001641605e-15
2.000000000000000042e-02 1.700000000000000178e+00 1.926814288738248401e-15
2.000000000000000042e-02 1.800000000000000044e+00 1.855523645135050580e-15
2.000000000000000042e-02 1.900000000000000133e+00 1.804572651951785818e-15
2.000000000000000042e-02 2.000000000000000000e+00 1.751980290535127611e-15
2.000000000000000042e-02 2.100000000000000089e+00 1.698708492123691873e-15
2.000000000000000042e-02 2.200000000000000178e+00 1.642080555664589823e-15
2.000000000000000042e-02 2.300000000000000266e+00 1.562727364666185161e-15
2.000000000000000042e-02 2.400000000000000355e+00 1.484408022266879135e-15
2.000000000000000042e-02 2.500000000000000000e+00 1.439288949137030302e-15
2.000000000000000042e-02 2.600000000000000089e+00 1.408457241118633673e-15
2.000000000000000042e-02 2.750000130000000098e+00 1.368108638375676929e-15
2.000000000000000042e-02 3.000000000000000000e+00 1.318449541029962870e-15
2.000000000000000042e-02 3.249999870000000346e+00 1.262790142619349458e-15
2.000000000000000042e-02 3.500000000000000000e+00 1.181786025582308077e-15
2.000000000000000042e-02 3.750000130000000098e+00 1.073306518026459456e-15
2.000000000000000042e-02 4.000000000000000000e+00 1.025256580573856317e-15
2.000000000000000042e-02 4.249999869999999902e+00 9.790155260213615822e-16
2.000000000000000042e-02 4.499999740000000692e+00 9.327754700889466015e-16
2.000000000000000042e-02 4.750000130000000098e+00 8.757347534575161771e-16
2.000000000000000042e-02 5.000000000000000000e+00 8.506026191725432649e-16
2.000000000000000042e-02 5.249999869999999902e+00 8.261942475630804193e-16
2.000000000000000042e-02 5.500000260000000196e+00 8.027286640091097203e-16
2.000000000000000042e-02 5.750000130000000098e+00 7.798415162506371925e-16
2.000000000000000042e-02 6.000000000000000000e+00 7.573493814863294972e-16
2.000000000000000042e-02 6.249999870000000790e+00 7.298287964399384662e-16
2.000000000000000042e-02 6.499999740000000692e+00 7.098053645294694543e-16
2.000000000000000042e-02 6.750000130000000098e+00 6.948684732725995903e-16
2.000000000000000042e-02 7.000000000000000000e+00 6.802445147869394781e-16
2.000000000000000042e-02 7.249999870000000790e+00 6.661095441364453797e-16
2.000000000000000042e-02 7.500000260000000196e+00 6.523403444375295556e-16
2.000000000000000042e-02 7.750000130000000098e+00 6.389547213991381942e-16
2.000000000000000042e-02 8.000000000000000000e+00 6.257909957307389912e-16
2.000000000000000042e-02 8.249999869999999902e+00 6.131441687399134062e-16
2.000000000000000042e-02 8.499999739999999804e+00 6.008545727671331087e-16
2.000000000000000042e-02 8.750000130000000098e+00 5.888134244029227885e-16
2.000000000000000042e-02 8.999999490000000435e+00 5.771007110943595381e-16
2.000000000000000042e-02 9.249999869999999902e+00 5.656438040300006194e-16
2.000000000000000042e-02 9.500000260000000196e+00 5.546214082422104032e-16
2.000000000000000042e-02 9.749999620000000533e+00 5.436505620441477191e-16
2.000000000000000042e-02 1.000000000000000000e+01 5.329993308071427622e-16
2.000000000000000042e-02 1.025000040000000112e+01 5.227156850294794654e-16
2.000000000000000042e-02 1.049999970000000005e+01 5.125566739177458458e-16
2.000000000000000042e-02 1.075000010000000117e+01 5.027941783252927389e-16
2.000000000000000042e-02 1.100000050000000051e+01 4.930595575619126140e-16
2.000000000000000042e-02 1.124999990000000061e+01 4.837352925066373839e-16
2.000000000000000042e-02 1.150000029999999995e+01 4.744711789574266180e-16
2.000000000000000042e-02 1.174999960000000065e+01 4.655137678488587047e-16
2.000000000000000042e-02 1.200000000000000000e+01 4.566508283633059889e-16
2.000000000000000042e-02 1.225000040000000112e+01 4.475762736937151175e-16
2.000000000000000042e-02 1.249999970000000005e+01 4.350482235993226006e-16
2.000000000000000042e-02 1.275000010000000117e+01 4.273394863486360140e-16
2.000000000000000042e-02 1.299999950000000126e+01 4.218467408888677474e-16
2.000000000000000042e-02 1.324999990000000061e+01 4.164323196311565671e-16
2.000000000000000042e-02 1.350000029999999995e+01 4.111191338807037216e-16
2.000000000000000042e-02 1.374999960000000065e+01 4.059155061922115680e-16
2.000000000000000042e-02 1.400000000000000000e+01 4.008033246686794233e-16
2.000000000000000042e-02 1.425000040000000112e+01 3.958140415032149618e-16
2.000000000000000042e-02 1.449999970000000005e+01 3.908599610423980019e-16
2.000000000000000042e-02 1.475000010000000117e+01 3.860593696684057410e-16
2.000000000000000042e-02 1.500000050000000051e+01 3.813006530348734641e-16
2.000000000000000042e-02 1.524999990000000061e+01 3.766140511786187677e-16
2.000000000000000042e-02 1.550000030000000173e+01 3.720814938707339789e-16
2.000000000000000042e-02 1.574999960000000065e+01 3.676151973763533725e-16
2.000000000000000042e-02 1.600000000000000000e+01 3.632101563484123807e-16
2.000000000000000042e-02 1.625000040000000112e+01 3.588612389934902521e-16
2.000000000000000042e-02 1.649999970000000005e+01 3.546494449473475336e-16
2.000000000000000042e-02 1.675000010000000117e+01 3.504787236685343940e-16
2.000000000000000042e-02 1.699999950000000126e+01 3.463456726514978650e-16
2.000000000000000042e-02 1.725000089999999986e+01 3.423447784388494796e-16
2.000000000000000042e-02 1.750000029999999995e+01 3.384035418036974658e-16
2.000000000000000042e-02 1.774999960000000243e+01 3.344788281038866090e-16
2.000000000000000042e-02 1.799999900000000252e+01 3.306814061592950223e-16
2.000000000000000042e-02 1.825000040000000112e+01 3.270155769060937360e-16
2.000000000000000042e-02 1.849999970000000005e+01 3.234903545268288951e-16
2.000000000000000042e-02 1.874999910000000014e+01 3.217352463911959907e-16
2.000000000000000042e-02 1.900000050000000229e+01 3.198448719811431054e-16
2.000000000000000042e-02 1.924999990000000238e+01 3.170381985698674080e-16
2.000000000000000042e-02 1.949999920000000131e+01 3.143124666430303459e-16
2.000000000000000042e-02 1.975000059999999991e+01 3.116169621526131962e-16
2.000000000000000042e-02 2.000000000000000000e+01 3.089766138567075994e-16
