#Name(1) - Fe/H+err(2-3) - Eu/H+err(4-5) - Mstellar(6) - Mhalo+err(10^7Msun,7-8) - Mgas(10^6Msun)+err(9-10)
ReticulumII	-2.83	0.23	-0.97	0.00	0.00	0.024	0.014	0.28	0.15			
SegueI		-2.68	0.21	-2.0	0.00	3.27	0.031	0.019	0.37	0.21
SegueII		-2.96	0.19	-3.0	0.00	3.01	0.023	0.023	0.27	0.28
UsarMajorII	-2.89	0.22	-3.1	0.00	3.73	0.36	0.16	4.2	1.8
ComaBerenices	-2.57	0.22	-2.4	0.00	3.68	0.094	0.035	1.1	0.8
Draco		-2.00	0.21	-1.26	0.26	5.51	0.94	0.25	11	3
LeoI		-1.29	0.20	-0.75	0.24	6.69	1.2	0.4	14	4
Fornax		-0.90	0.15	-0.33	0.22	7.39	5.3	0.9	61	10
Carina		-1.64	0.20	-1.34	0.21	5.57	0.61	0.23	7	2.7
UsarMinor	-1.90	0.11	-1.11	0.23	5.73	1.5	0.4	17	5
Sculptor	-1.64	0.20	-1.16	0.22	6.59	1.3	0.4	15	4