# (0) galaxy (1) R (kpc) (2) v_hi (Msun/kpc^3) (3)err_v_hi (4)v_h2 (5)err_v_h2 (6) v_gas (7) err_v_gas
DDO154 0.1 9079952.57145 1254587.10806 0.0 0.0 9079952.57145 1254587.10806
DDO154 0.3 8682176.64778 1266923.603 0.0 0.0 8682176.64778 1266923.603
DDO154 0.5 8289241.3919 1075232.74188 0.0 0.0 8289241.3919 1075232.74188
DDO154 0.7 7655752.99611 828997.408314 0.0 0.0 7655752.99611 828997.408314
DDO154 0.9 7125961.21444 729082.858177 0.0 0.0 7125961.21444 729082.858177
DDO154 1.1 7101011.7881 965365.588897 0.0 0.0 7101011.7881 965365.588897
DDO154 1.4 6631487.54132 1074964.27412 0.0 0.0 6631487.54132 1074964.27412
IC2574 0.1 10410286.9808 2575399.93834 0.0 0.0 10410286.9808 2575399.93834
IC2574 0.3 10827387.3057 2384347.80403 0.0 0.0 10827387.3057 2384347.80403
IC2574 0.5 10786423.8797 1693487.56948 0.0 0.0 10786423.8797 1693487.56948
IC2574 0.7 9605007.15596 1402199.17345 0.0 0.0 9605007.15596 1402199.17345
IC2574 0.9 8121740.00163 1506851.90587 0.0 0.0 8121740.00163 1506851.90587
IC2574 1.1 7537873.80307 1689805.85595 0.0 0.0 7537873.80307 1689805.85595
IC2574 1.3 7734929.26875 1753904.30227 0.0 0.0 7734929.26875 1753904.30227
IC2574 1.5 8116736.06504 1740477.58063 0.0 0.0 8116736.06504 1740477.58063
IC2574 1.6 8542302.26223 1505849.98935 0.0 0.0 8542302.26223 1505849.98935
IC2574 1.8 8726050.27447 1319076.52639 0.0 0.0 8726050.27447 1319076.52639
IC2574 2.0 8542634.46898 1415606.81212 0.0 0.0 8542634.46898 1415606.81212
IC2574 2.2 8096891.98443 1410230.05576 0.0 0.0 8096891.98443 1410230.05576
IC2574 2.4 7212848.75578 1301212.1791 0.0 0.0 7212848.75578 1301212.1791
IC2574 2.6 6532489.88227 1274647.19779 0.0 0.0 6532489.88227 1274647.19779
IC2574 2.8 6500444.85483 1356563.69557 0.0 0.0 6500444.85483 1356563.69557
IC2574 3.0 6746511.56041 1447872.51889 0.0 0.0 6746511.56041 1447872.51889
IC2574 3.2 7087857.51932 1491730.9393 0.0 0.0 7087857.51932 1491730.9393
IC2574 3.4 7433540.34172 1570995.96573 0.0 0.0 7433540.34172 1570995.96573
IC2574 3.6 7603356.22631 1514724.35806 0.0 0.0 7603356.22631 1514724.35806
IC2574 3.8 7774609.43109 1582537.74092 0.0 0.0 7774609.43109 1582537.74092
IC2574 4.0 8034038.05388 1609707.57054 0.0 0.0 8034038.05388 1609707.57054
IC2574 4.2 8200114.45826 1624778.59187 0.0 0.0 8200114.45826 1624778.59187
IC2574 4.4 8270149.7153 1670806.58424 0.0 0.0 8270149.7153 1670806.58424
IC2574 4.6 8330438.22333 1680204.62609 0.0 0.0 8330438.22333 1680204.62609
IC2574 4.8 8378148.74651 1685371.33633 0.0 0.0 8378148.74651 1685371.33633
IC2574 4.9 8528359.00477 1661001.35616 0.0 0.0 8528359.00477 1661001.35616
IC2574 5.1 8813355.62324 1645004.91338 0.0 0.0 8813355.62324 1645004.91338
IC2574 5.3 8988586.41141 1579286.75828 0.0 0.0 8988586.41141 1579286.75828
IC2574 5.5 8883394.22601 1502506.37359 0.0 0.0 8883394.22601 1502506.37359
IC2574 5.7 8591103.02775 1409717.45524 0.0 0.0 8591103.02775 1409717.45524
IC2574 5.9 7954901.60467 1239508.12324 0.0 0.0 7954901.60467 1239508.12324
IC2574 6.1 6995420.83398 1017690.36957 0.0 0.0 6995420.83398 1017690.36957
IC2574 6.3 6374508.54375 979907.277209 0.0 0.0 6374508.54375 979907.277209
IC2574 6.5 5998663.36379 1008319.0239 0.0 0.0 5998663.36379 1008319.0239
IC2574 6.7 5702864.50995 988002.502442 0.0 0.0 5702864.50995 988002.502442
IC2574 6.9 5409940.76047 969027.432296 0.0 0.0 5409940.76047 969027.432296
IC2574 7.1 4977863.07365 916855.157922 0.0 0.0 4977863.07365 916855.157922
IC2574 7.3 4560745.37698 861939.60973 0.0 0.0 4560745.37698 861939.60973
IC2574 7.5 4091855.71902 734372.773589 0.0 0.0 4091855.71902 734372.773589
IC2574 7.7 3776693.54299 665288.289338 0.0 0.0 3776693.54299 665288.289338
IC2574 7.9 3604138.03763 613896.678687 0.0 0.0 3604138.03763 613896.678687
IC2574 8.0 3425175.71045 577255.7285 0.0 0.0 3425175.71045 577255.7285
IC2574 8.2 3203675.24888 525612.847186 0.0 0.0 3203675.24888 525612.847186
IC2574 8.4 2932389.5073 517441.351921 0.0 0.0 2932389.5073 517441.351921
IC2574 8.6 2615985.85735 477357.798754 0.0 0.0 2615985.85735 477357.798754
IC2574 8.8 2258665.20252 413000.191537 0.0 0.0 2258665.20252 413000.191537
NGC0925 0.2 11901609.7305 3568214.93579 9410974.01682 3454288.62803 21312583.7473 4966313.29597
NGC0925 0.7 12927168.4343 2483118.66223 7440004.19275 1993313.74717 20367172.627 3184207.59144
NGC0925 1.1 13087786.7931 2324600.94749 7031819.6499 1886179.51518 20119606.443 2993566.89061
NGC0925 1.6 12210560.169 2127539.65648 6137981.20189 1622755.68181 18348541.3709 2675772.97108
NGC0925 2.0 12380529.2149 2007039.93972 5441023.41871 1402879.03446 17821552.6336 2448730.05964
NGC0925 2.5 11855065.9003 1798914.08649 3050124.21403 750863.176375 14905190.1143 1949329.98751
NGC0925 2.9 10302679.1543 1449605.15781 1339500.22674 328496.446158 11642179.381 1486359.65658
NGC0925 3.3 9621141.12136 1152364.79693 837652.122045 202738.065322 10458793.2434 1170062.96768
NGC0925 3.8 10330134.7732 1630961.52601 691098.060507 180690.288539 11021232.8337 1640940.1207
NGC0925 4.2 10939842.0102 1533513.77601 493926.649163 124905.026597 11433768.6594 1538592.13792
NGC0925 4.7 8651137.93843 1264457.6321 290767.197649 75400.6229457 8941905.13608 1266703.737
NGC0925 5.1 7497234.43208 1261026.33209 201916.962194 55326.3966244 7699151.39427 1262239.44653
NGC0925 5.6 7178535.83151 1272577.602 204652.206834 56537.3935019 7383188.03834 1273832.88935
NGC0925 6.0 7601121.63668 1468548.06086 446684.087765 126982.066727 8047805.72444 1474027.76512
NGC0925 6.5 8420215.38164 1666007.37071 571968.066166 163757.71691 8992183.44781 1674036.18512
NGC0925 6.9 8706697.89165 1645942.01645 433563.300952 121991.002842 9140261.1926 1650456.58116
NGC0925 7.4 8309753.25558 1380008.00063 292770.774665 78845.2028289 8602524.03025 1382258.53147
NGC0925 7.8 7962602.48491 1336931.82285 146469.109941 39551.662861 8109071.59485 1337516.7412
NGC0925 8.3 7592358.18585 1272791.27436 0.0 0.0 7592358.18585 1272791.27436
NGC0925 8.7 7361908.26071 1145916.71226 0.0 0.0 7361908.26071 1145916.71226
NGC0925 9.1 7131766.19222 1141917.3457 0.0 0.0 7131766.19222 1141917.3457
NGC0925 9.6 6963082.6558 1064144.11937 0.0 0.0 6963082.6558 1064144.11937
NGC0925 10.0 7199968.07554 1046814.08625 0.0 0.0 7199968.07554 1046814.08625
NGC0925 10.5 7278459.75459 986970.293932 0.0 0.0 7278459.75459 986970.293932
NGC0925 10.9 6925261.36545 958759.429596 0.0 0.0 6925261.36545 958759.429596
NGC0925 11.4 6791420.01701 1048202.02134 0.0 0.0 6791420.01701 1048202.02134
NGC0925 11.8 6436435.01517 1007554.03572 0.0 0.0 6436435.01517 1007554.03572
NGC0925 12.3 5959778.87918 973586.617912 0.0 0.0 5959778.87918 973586.617912
NGC0925 12.7 5145939.97275 875991.34346 0.0 0.0 5145939.97275 875991.34346
NGC0925 13.2 4488335.80186 810789.989719 0.0 0.0 4488335.80186 810789.989719
NGC0925 13.6 3754664.69388 764729.864125 0.0 0.0 3754664.69388 764729.864125
NGC0925 14.0 3275660.11386 688718.023936 0.0 0.0 3275660.11386 688718.023936
NGC0925 14.5 3004276.91903 666964.455953 0.0 0.0 3004276.91903 666964.455953
NGC0925 14.9 2574549.82899 600373.203278 0.0 0.0 2574549.82899 600373.203278
NGC0925 15.4 2088660.00573 512848.608004 0.0 0.0 2088660.00573 512848.608004
NGC0925 15.8 1774917.99689 461089.987185 0.0 0.0 1774917.99689 461089.987185
NGC0925 16.3 1408685.93669 357765.260021 0.0 0.0 1408685.93669 357765.260021
NGC0925 16.7 1135130.00097 295039.444007 0.0 0.0 1135130.00097 295039.444007
NGC2403 0.1 21480451.3177 2035367.96589 57372735.9635 31777434.1319 78853187.2812 31842550.8206
NGC2403 0.2 21584155.2079 2038516.71454 58657739.6065 32489167.9884 80241894.8144 32553058.028
NGC2403 0.4 21448771.6678 1946102.34687 75202991.5137 41510273.3906 96651763.1815 41555867.3511
NGC2403 0.5 21830457.5766 1840432.06534 71229117.0725 39256202.1025 93059574.6491 39299320.5246
NGC2403 0.7 21636256.821 1775310.61491 59953420.3424 33026246.0818 81589677.1634 33073927.1638
NGC2403 0.9 21115158.7995 1869795.08263 42619010.3741 23572263.3358 63734169.1735 23646304.8366
NGC2403 1.0 21137343.0067 2064142.56818 39976894.8368 22173794.2731 61114237.8434 22269661.8072
NGC2403 1.2 20582891.6097 2169287.13065 39349100.7029 21881245.3298 59931992.3126 21988512.9974
NGC2403 1.3 20300295.8229 2193424.67202 38258225.0024 21294124.9315 58558520.8253 21406794.9116
NGC2403 1.5 19996807.2937 2329142.12392 33761005.7449 18810997.5799 53757813.0386 18954644.1007
NGC2403 1.6 19702675.4501 2394348.22043 28961199.5337 16125143.5813 48663874.9838 16301937.275
NGC2403 1.8 19368507.7139 2432881.45983 20677981.3981 11497851.1579 40046489.112 11752425.0028
NGC2403 1.9 19321462.994 2388638.67181 17463448.5323 9705292.99777 36784911.5263 9994914.05051
NGC2403 2.1 18957508.3783 2460996.12656 13104664.1251 7277443.48352 32062172.5034 7682296.8955
NGC2403 2.2 19134045.1232 2435967.55978 11459832.3137 6361629.7716 30593877.4368 6812068.06361
NGC2403 2.4 18741518.2026 2287366.72154 9255349.26551 5128546.18049 27996867.4681 5615517.11281
NGC2403 2.6 18569342.3547 2126465.88644 9152016.76916 5059604.25824 27721359.1238 5488301.41448
NGC2403 2.7 18698938.8059 2071959.5698 8986489.05295 4964087.43849 27685427.8589 5379143.10609
NGC2403 2.9 18708996.9986 2196352.93923 8790879.90567 4871718.76536 27499876.9042 5343932.06941
NGC2403 3.0 18809440.3123 2277895.34993 8863426.67468 4921286.97574 27672866.987 5422902.61048
NGC2403 3.2 18777465.0669 2340238.81715 9237271.81079 5139357.6648 28014736.8777 5647097.92088
NGC2403 3.3 19054430.7478 2226594.07907 8267418.1163 4599183.12017 27321848.8641 5109814.72911
NGC2403 3.5 18789192.7078 2170139.09806 6241951.23184 3471558.18043 25031143.9397 4094046.88604
NGC2403 3.6 18465528.0771 2110517.73968 5056418.54575 2810947.44951 23521946.6228 3515069.088
NGC2403 3.8 17653931.7929 1878658.67062 2819655.04883 1565906.04579 20473586.8417 2445694.20511
NGC2403 4.0 16703661.4796 1811991.46057 1359792.58021 755565.699185 18063454.0598 1963209.76438
NGC2403 4.1 16072774.7849 1830652.47138 843646.652944 469590.083859 16916421.4379 1889921.51103
NGC2403 4.3 14865208.7861 1852911.57575 684651.258441 382495.754788 15549860.0446 1891978.94016
NGC2403 4.4 14121516.3663 1808710.92265 511174.603183 285869.984728 14632690.9694 1831162.70437
NGC2403 4.6 13182719.8889 1655317.38444 318988.094421 178517.584363 13501707.9833 1664915.66487
NGC2403 4.7 12338057.4854 1572604.10662 309363.19494 173194.282862 12647420.6803 1582112.49151
NGC2403 4.9 11337390.2971 1542947.551 368884.959887 207169.483656 11706275.2569 1556793.6087
NGC2403 5.0 10708107.9904 1521802.4344 362986.639807 204316.457693 11071094.6302 1535456.89104
NGC2403 5.2 9797211.56797 1477294.03042 351710.60172 198639.798307 10148922.1697 1490588.95132
NGC2403 5.4 9080200.22408 1264083.1114 339561.348952 190663.072759 9419761.57303 1278381.21069
NGC2403 5.5 8667074.5123 1159658.1326 199140.766708 111509.291007 8866215.279 1165006.99847
NGC2403 5.7 8147258.26817 1076433.93319 31209.2207746 17455.3586742 8178467.48894 1076575.45118
NGC2403 5.8 7764329.91512 990808.634637 0.0 0.0 7764329.91512 990808.634637
NGC2403 6.0 7420577.81064 985341.90712 0.0 0.0 7420577.81064 985341.90712
NGC2403 6.1 7319977.37579 974390.053547 0.0 0.0 7319977.37579 974390.053547
NGC2403 6.3 7002052.61609 939361.208027 0.0 0.0 7002052.61609 939361.208027
NGC2403 6.4 6911240.06335 929522.716902 0.0 0.0 6911240.06335 929522.716902
NGC2403 6.6 6737140.06399 910597.525301 0.0 0.0 6737140.06399 910597.525301
NGC2403 6.7 6772530.26697 915150.011237 0.0 0.0 6772530.26697 915150.011237
NGC2403 6.9 6725691.48201 891404.756605 0.0 0.0 6725691.48201 891404.756605
NGC2403 7.1 6569125.21986 823611.084304 0.0 0.0 6569125.21986 823611.084304
NGC2403 7.2 6494085.6522 790740.840759 0.0 0.0 6494085.6522 790740.840759
NGC2403 7.4 6240690.46271 769505.346165 0.0 0.0 6240690.46271 769505.346165
NGC2403 7.5 6064591.19072 759989.444565 0.0 0.0 6064591.19072 759989.444565
NGC2403 7.7 5724769.94754 697168.844579 0.0 0.0 5724769.94754 697168.844579
NGC2403 7.8 5560749.60616 678113.652812 0.0 0.0 5560749.60616 678113.652812
NGC2403 8.0 5346601.67525 652671.689338 0.0 0.0 5346601.67525 652671.689338
NGC2403 8.1 5192379.06577 634573.851405 0.0 0.0 5192379.06577 634573.851405
NGC2403 8.3 5093669.95542 620615.01793 0.0 0.0 5093669.95542 620615.01793
NGC2403 8.5 4902098.26405 597157.473738 0.0 0.0 4902098.26405 597157.473738
NGC2403 8.6 4760893.21456 582159.264198 0.0 0.0 4760893.21456 582159.264198
NGC2403 8.8 4582447.90349 563400.782075 0.0 0.0 4582447.90349 563400.782075
NGC2841 0.3 0.0 14480463.425 0.0 0.0 0.0 14480463.425
NGC2841 1.0 0.0 7131293.39405 0.0 0.0 0.0 7131293.39405
NGC2841 1.7 0.0 5026427.5425 0.0 0.0 0.0 5026427.5425
NGC2841 2.4 0.0 4032902.74607 2113.28594025 866.631763168 2113.28594025 4032902.83919
NGC2841 3.1 0.0 3452671.5531 1174033.50536 1075577.43189 1174033.50536 3616325.16038
NGC2841 3.8 3987843.34519 2056250.24769 6030650.10811 3525967.06624 10018493.4533 4081740.90718
NGC2841 4.4 4798944.9208 2387713.56236 8644058.10405 4990802.42019 13443003.0248 5532565.84717
NGC2841 5.1 5453044.45549 2154999.67261 11185724.6062 5556337.61761 16638769.0617 5959606.64052
NGC2841 5.8 5784972.44759 2377654.60285 11248358.9341 5753399.54646 17033331.3817 6225339.1676
NGC2841 6.5 5623880.16215 2095641.63152 10045478.7429 4839523.97766 15669358.905 5273775.32495
NGC2841 7.2 5474846.55676 1748165.27205 7726888.39072 3418043.13968 13201734.9475 3839153.64672
NGC2841 7.9 5132417.14072 1542008.84954 5668325.29406 2460515.54334 10800742.4348 2903778.2338
NGC2841 8.5 5045385.23814 1513449.89989 4544542.32174 1971763.13509 9589927.55988 2485634.8204
NGC2841 9.2 4908978.5389 1441892.69301 2952314.44816 1268595.97624 7861292.98707 1920518.23451
NGC2841 9.9 4770572.94667 1471594.55881 1999694.41499 879878.418448 6770267.36166 1714577.66717
NGC2841 10.6 4631209.73533 1270264.57088 1304216.21268 543655.254081 5935425.94802 1381713.83264
NGC2841 11.3 4347473.52482 1257455.40885 709032.355979 302638.524899 5056505.8808 1293361.58208
NGC2841 12.0 3811259.4664 1241991.82811 400014.472734 180918.692555 4211273.93913 1255099.70696
NGC2841 12.6 3227189.84564 1160389.65725 170315.008217 81204.1994143 3397504.85386 1163227.5266
NGC2841 13.3 2672336.55424 857009.514177 6096.89794801 2686.93299858 2678433.45219 857013.726261
NGC2841 14.0 2403583.04527 806339.822085 0.0 0.0 2403583.04527 806339.822085
NGC2841 14.7 2376391.9243 783190.235233 0.0 0.0 2376391.9243 783190.235233
NGC2841 15.4 2246663.2272 661713.798597 0.0 0.0 2246663.2272 661713.798597
NGC2841 16.1 2031336.41707 614475.049975 0.0 0.0 2031336.41707 614475.049975
NGC2841 16.7 1849688.51448 591065.830662 0.0 0.0 1849688.51448 591065.830662
NGC2976 0.1 33672347.9721 33706085.9301 12590133.8931 15174470.2354 46262481.8652 36964371.7064
NGC2976 0.3 32793361.3053 19457875.6982 9947421.8745 8904302.23697 42740783.1798 21398493.5221
NGC2976 0.4 32765996.5897 11844911.2152 8008182.79959 6099297.46286 40774179.3893 13323038.3636
NGC2976 0.6 31937049.8772 3911126.87642 5995249.54146 4079299.50411 37932299.4187 5651335.93831
NGC2976 0.8 30521499.0361 3957441.60255 6007461.60707 4088076.29772 36528960.6432 5689790.14143
NGC2976 1.0 29442561.9225 4008647.60276 8701655.93069 5921931.33835 38144217.8532 7151120.638
NGC2976 1.1 28686511.8414 4283610.7349 12393026.9878 8423496.4886 41079538.8292 9450111.85233
NGC2976 1.3 26141507.5486 4014509.64831 20041020.9298 13589744.1826 46182528.4784 14170301.1494
NGC2976 1.5 22807657.3567 3591599.89487 21421011.7334 14515867.7054 44228669.0901 14953595.0542
NGC2976 1.7 18932248.3874 3019289.52968 13011461.502 8825352.77268 31943709.8894 9327537.76869
NGC2976 1.8 15679648.8925 2575976.4345 8144741.93506 5527835.63341 23824390.8275 6098575.35668
NGC2976 2.0 11867015.4411 2175757.78686 2410709.68543 1643913.21037 14277725.1266 2726971.32188
NGC2976 2.2 8590937.96038 1954131.85199 274545.624308 188313.989446 8865483.58469 1963184.51847
NGC2976 2.4 6208581.55865 1634159.81414 0.0 0.0 6208581.55865 1634159.81414
NGC2976 2.5 4557383.28588 1311919.3648 0.0 0.0 4557383.28588 1311919.3648
NGC2976 2.7 3276397.89101 1022678.19908 0.0 0.0 3276397.89101 1022678.19908
NGC2976 2.9 2350088.40792 762665.849416 0.0 0.0 2350088.40792 762665.849416
NGC2976 3.1 1713067.80866 638501.624434 0.0 0.0 1713067.80866 638501.624434
NGC3198 0.3 10750323.0417 6668967.14614 85249108.3882 57274022.0461 95999431.43 57660980.9501
NGC3198 1.0 8472322.61978 7444339.63123 47057822.7317 43457268.9402 55530145.3515 44090275.7565
NGC3198 1.7 8723484.41297 2115330.14156 26426259.0321 9919317.63826 35149743.445 10142360.87
NGC3198 2.3 9397095.5628 2227904.54472 18031317.3501 6815455.22393 27428412.9129 7170354.84266
NGC3198 3.0 10478638.0717 2634798.52402 16632293.9077 6264231.11574 27110931.9793 6795789.48567
NGC3198 3.7 11740416.8568 3032069.68049 18080863.1353 6968863.20912 29821279.9921 7599901.37928
NGC3198 4.3 11585807.1297 3142103.79774 18420098.2612 7331734.50601 30005905.3909 7976662.65692
NGC3198 5.0 10934373.1309 3087237.35907 15710103.827 6410187.40287 26644476.9579 7114881.37998
NGC3198 5.7 10477824.0933 2582487.89099 12597255.5285 4840636.12965 23075079.6218 5486437.99261
NGC3198 6.4 9884914.70041 2470594.41114 8197868.96986 3152006.68727 18082783.6703 4004869.89813
NGC3198 7.0 9286452.18349 1929166.83743 5629263.91449 2018083.40167 14915716.098 2791835.472
NGC3198 7.7 8772855.24136 1745708.1713 3055268.8599 1071812.67958 11828124.1013 2048482.22825
NGC3198 8.4 8296508.95952 1479714.26492 1413829.1163 480373.294641 9710338.07582 1555735.45567
NGC3198 9.0 8048837.10774 1529700.85717 708528.338332 245499.051265 8757365.44607 1549275.47472
NGC3198 9.7 7416403.89021 1578520.42565 0.0 0.0 7416403.89021 1578520.42565
NGC3198 10.4 6444153.77525 1381265.95453 0.0 0.0 6444153.77525 1381265.95453
NGC3198 11.0 5723541.48027 1272143.5428 0.0 0.0 5723541.48027 1272143.5428
NGC3198 11.7 5656445.19286 1182185.45564 0.0 0.0 5656445.19286 1182185.45564
NGC3198 12.4 5424066.35922 1160208.67816 0.0 0.0 5424066.35922 1160208.67816
NGC3198 13.0 4770697.33996 1051764.98722 0.0 0.0 4770697.33996 1051764.98722
NGC3198 13.7 3915490.92209 932985.962652 0.0 0.0 3915490.92209 932985.962652
NGC3198 14.4 3364473.4408 891739.234599 0.0 0.0 3364473.4408 891739.234599
NGC3198 15.1 2936617.85978 783339.031453 0.0 0.0 2936617.85978 783339.031453
NGC4736 0.1 124586477.325 61011863.7364 376770402.127 212044733.201 501356879.452 220647720.121
NGC4736 0.3 74002807.5521 28412502.6053 152496526.151 71147055.9462 226499333.703 76610533.702
NGC4736 0.6 55748294.9881 9788573.96762 65275181.8896 21238006.2332 121023476.878 23385232.2863
NGC4736 0.8 53713094.8545 7566806.33836 62558241.0915 19678135.9916 116271335.946 21082826.9989
NGC4736 1.0 49153772.3648 5702582.90599 69331777.9013 21289960.4491 118485550.266 22040459.7893
NGC4736 1.3 38788255.905 4876882.25695 46614681.8269 14344942.5102 85402937.7319 15151282.3275
NGC4736 1.5 30374271.961 4233723.97876 24207250.9819 7509747.28014 54581522.9429 8620946.75427
NGC4736 1.7 23356735.4599 3627312.85924 12640591.0582 4001274.10601 35997326.5181 5400703.01444
NGC4736 1.9 18590771.6974 3101253.13738 7877791.33426 2539972.76818 26468563.0316 4008644.7442
NGC4736 2.2 15043405.134 2699734.98421 2703831.16017 878043.026514 17747236.2942 2838930.87999
NGC4736 2.4 13064306.9232 2546230.23423 1872405.21025 616942.863823 14936712.1334 2619905.89581
NGC4736 2.6 11827985.6176 2499749.43801 2581160.8201 868208.333075 14409146.4377 2646229.95268
NGC4736 2.8 10966308.2584 2568693.56837 2429486.72436 820416.1285 13395794.9827 2696529.11575
NGC4736 3.1 9490666.18537 2514878.81577 1418192.238 474467.881163 10908858.4234 2559245.05046
NGC4736 3.3 8474101.52811 2377210.2353 1198372.72588 400705.765106 9672474.25399 2410745.44758
NGC4736 3.5 6964249.96094 1981131.51346 933231.439996 311997.664239 7897481.40094 2005548.45768
NGC4736 3.8 5979986.59334 1654382.3399 345249.714406 116251.277733 6325236.30774 1658461.72285
NGC4736 4.0 4845046.27359 1315039.10398 26905.1692565 9062.17508101 4871951.44284 1315070.32816
NGC4736 4.2 4003317.83517 1009266.09775 0.0 0.0 4003317.83517 1009266.09775
NGC4736 4.4 3193254.38914 745964.910232 0.0 0.0 3193254.38914 745964.910232
NGC4736 4.7 2870932.63947 767302.218126 0.0 0.0 2870932.63947 767302.218126
NGC4736 4.9 2588554.77357 728010.095971 471.923336083 170.245427631 2589026.69691 728010.115877
NGC4736 5.1 2548525.88492 724568.507913 245457.930963 89136.6141241 2793983.81588 730030.724447
NGC4736 5.4 2494203.42592 886517.567631 276797.724165 102097.143603 2771001.15009 892377.288175
NGC4736 5.6 2685299.1542 910699.28671 72022.423139 26620.8058708 2757321.57734 911088.282286
NGC4736 5.8 2873343.62819 917890.361787 2429.98858709 885.843429376 2875773.61677 917890.789245
NGC4736 6.0 3276901.53654 1114161.32124 0.0 0.0 3276901.53654 1114161.32124
NGC4736 6.3 3652466.43612 1102261.74461 0.0 0.0 3652466.43612 1102261.74461
NGC5055 0.2 49956527.9039 29172252.7996 411661281.702 259953276.578 461617809.606 261585026.974
NGC5055 0.7 34018580.668 11952097.0951 241552444.968 105121548.458 275571025.636 105798830.689
NGC5055 1.2 26719433.2894 7845235.64082 126206515.326 49687041.8805 152925948.615 50302582.9664
NGC5055 1.7 22325503.2787 5874582.04817 82167682.2104 30905669.1526 104493185.489 31459038.447
NGC5055 2.2 20530056.8325 4261413.83147 66556303.5519 22484508.2383 87086360.3844 22884771.3242
NGC5055 2.7 19700190.3167 4009491.28715 59200332.5027 19735365.4409 78900522.8194 20138536.9247
NGC5055 3.2 17567894.2069 3440054.43443 51506235.4283 16912597.0436 69074129.6353 17258908.2294
NGC5055 3.7 15868759.3931 2962342.26689 43825415.0232 13978047.367 59694174.4163 14288501.6674
NGC5055 4.2 15661472.1223 2844623.43697 39753785.1532 12599893.5738 55415257.2755 12917012.0605
NGC5055 4.7 16438079.6736 2784080.4737 38441867.924 11856321.9955 54879947.5976 12178812.5589
NGC5055 5.1 17987897.0239 2784795.10275 41986135.8911 12600286.6136 59974032.9151 12904352.2313
NGC5055 5.6 18199703.2717 2402776.5861 41834160.0294 12375439.3395 60033863.301 12606539.3415
NGC5055 6.1 17381219.2482 2552880.26832 37783542.7228 11438667.8786 55164761.971 11720081.9324
NGC5055 6.6 16224904.4155 2524047.39834 31467310.9056 9575651.39759 47692215.3211 9902722.60326
NGC5055 7.1 15496667.0239 2108523.37914 23632860.0796 7027990.94093 39129527.1035 7337474.19117
NGC5055 7.6 14962147.7946 2174002.07837 18513658.3658 5588400.22254 33475806.1603 5996374.07806
NGC5055 8.1 14094801.9648 2162435.81681 12910930.2991 3947049.91186 27005732.2639 4500592.36862
NGC5055 8.6 12468020.147 1847471.23144 8934818.78754 2721468.3523 21402838.9345 3289306.9093
NGC5055 9.1 11249203.2299 1753784.4857 6306978.65895 1942349.85561 17556181.8889 2616960.63857
NGC5055 9.5 10645229.6249 1712475.12245 4683125.93478 1441127.2566 15328355.5597 2238173.09758
NGC5055 10.0 9818970.21709 1734363.24541 2703831.89691 833949.565931 12522802.114 1924444.78891
NGC5055 10.5 9426751.72911 1811621.28847 1955563.51571 613143.60691 11382315.2448 1912568.11004
NGC5055 11.0 9162125.20416 1668465.43537 1249209.10173 379202.985917 10411334.3059 1711014.84901
NGC5055 11.5 8430425.54626 1651984.46558 717277.946741 229738.001782 9147703.49301 1667882.55701
NGC5055 12.0 7311399.89464 1529875.70749 404184.782649 135022.89511 7715584.67729 1535822.53616
NGC5055 12.5 6598184.90129 1504066.8015 203736.319133 70352.9639817 6801921.22043 1505711.28803
NGC5055 13.0 6039264.3427 1425382.70581 0.0 0.0 6039264.3427 1425382.70581
NGC5055 13.5 5247447.19539 1197198.97238 0.0 0.0 5247447.19539 1197198.97238
NGC5055 14.0 4439705.13205 950398.117528 0.0 0.0 4439705.13205 950398.117528
NGC5055 14.4 3747921.24074 826093.611602 0.0 0.0 3747921.24074 826093.611602
NGC5055 14.9 3312604.49207 751045.734547 0.0 0.0 3312604.49207 751045.734547
NGC5055 15.4 2915977.15199 704438.10444 0.0 0.0 2915977.15199 704438.10444
NGC5055 15.9 2625684.04458 554323.239019 0.0 0.0 2625684.04458 554323.239019
NGC5055 16.4 2158198.34878 446144.0 0.0 0.0 2158198.34878 446144.0
NGC5055 16.9 1797337.71491 398983.165199 0.0 0.0 1797337.71491 398983.165199
NGC5055 17.4 1590921.31585 372520.065228 0.0 0.0 1590921.31585 372520.065228
NGC5055 17.9 1460597.33802 300312.593089 0.0 0.0 1460597.33802 300312.593089
NGC5055 18.4 1341100.46477 322191.445448 0.0 0.0 1341100.46477 322191.445448
NGC5055 18.9 1124351.19255 294465.769964 0.0 0.0 1124351.19255 294465.769964
NGC5055 19.3 880746.885282 255957.444456 0.0 0.0 880746.885282 255957.444456
NGC5055 19.8 697292.221811 213261.234609 0.0 0.0 697292.221811 213261.234609
NGC5055 20.3 623662.599528 203332.250748 0.0 0.0 623662.599528 203332.250748
NGC5055 20.8 555596.252493 196847.188542 0.0 0.0 555596.252493 196847.188542
NGC6946 0.1 155280640.186 91777508.6667 2959218698.14 2043128167.14 3114499338.33 2045188455.49
NGC6946 0.4 64744203.5016 47049590.9392 870605100.523 706440684.75 935349304.025 708005723.902
NGC6946 0.7 44470528.2775 39796918.2772 297934967.807 288292593.57 342405496.085 291026483.694
NGC6946 1.0 33246610.0269 25975736.7298 137290886.736 119390864.677 170537496.763 122183949.302
NGC6946 1.3 27227692.6966 12637297.6858 92803824.846 55944406.4409 120031517.543 57353970.2621
NGC6946 1.6 25042690.2131 8291092.6217 73818351.7748 37728767.4217 98861041.9879 38629031.9322
NGC6946 1.9 24993223.7307 6427880.25479 73349098.8706 34502586.2309 98342322.6013 35096240.5564
NGC6946 2.1 26870461.1202 6720324.45554 74228468.8644 34699077.8829 101098929.985 35343864.6262
NGC6946 2.4 28167879.113 6408908.63922 73593706.275 33586869.0836 101761585.388 34192863.068
NGC6946 2.7 29634830.0189 5866879.60829 72466645.2739 32094537.3034 102101475.293 32626363.5892
NGC6946 3.0 30809389.4101 5141559.29202 67168838.1857 28898038.7434 97978227.5958 29351870.0455
NGC6946 3.3 32041309.7461 5812271.44071 61147821.2022 26588079.5387 93189130.9483 27215959.8923
NGC6946 3.6 33672043.4256 6309646.77244 56435785.1176 24614976.8307 90107828.5432 25410799.4122
NGC6946 3.9 35655636.0728 6806956.38358 54851641.0017 23841475.6945 90507277.0746 24794165.0092
NGC6946 4.1 36181854.0692 7064456.22545 51748942.2681 22373226.368 87930796.3373 23462050.2062
NGC6946 4.4 35794409.5053 7245814.17524 40742778.778 17639686.3322 76537188.2832 19069880.8848
NGC6946 4.7 35741543.301 7453463.32252 38589598.7702 16831275.201 74331142.0712 18407768.4794
NGC6946 5.0 35273827.4936 7568671.15236 37563917.6694 16493434.9131 72837745.1629 18147125.8949
NGC6946 5.3 34410751.7329 7875145.96347 30961105.7521 13806225.3498 65371857.485 15894331.7681
NGC6946 5.6 33176379.0346 7376413.22892 27162172.954 12145689.4635 60338551.9886 14210181.0216
NGC6946 5.9 32650034.2109 7063873.73431 22896817.6407 10221469.0159 55546851.8516 12424843.7003
NGC6946 6.1 32294037.1734 7225975.92521 22532574.6992 10140775.2509 54826611.8726 12451909.5227
NGC6946 6.4 31074778.5332 6958830.46079 19187705.7895 8630148.53298 50262484.3227 11086243.0554
NGC6946 6.7 29545207.7986 6440935.79968 15395973.1233 6870441.58268 44941180.9219 9417463.64562
NGC6946 7.0 27726233.8681 6002597.57035 11557526.5581 5138585.59061 39283760.4262 7901660.55103
NGC6946 7.3 26285248.4806 5873130.42834 9674718.62337 4299067.18492 35959967.1039 7278436.62395
NGC6946 7.6 25524613.028 5830412.04602 7199767.46954 3190965.877 32724380.4975 6646500.42162
NGC6946 7.9 25097323.7129 5824539.48197 4068198.15344 1795692.1341 29165521.8664 6095061.14961
NGC6946 8.2 24369249.5653 5426615.93259 2749285.02885 1209192.59644 27118534.5942 5559703.87837
NGC6946 8.4 22571284.4163 4978820.83458 1710019.44189 752685.040442 24281303.8582 5035393.89452
NGC6946 8.7 20691736.6827 4509552.98384 738800.561905 325351.593725 21430537.2446 4521274.35284
NGC6946 9.0 18570571.2819 3891591.17386 360091.94854 157556.6207 18930663.2304 3894779.32021
NGC6946 9.3 16800419.1459 3435037.65877 85127.9223589 37202.0323027 16885547.0682 3435239.10498
NGC6946 9.6 15080155.6629 3219452.74169 0.0 0.0 15080155.6629 3219452.74169
NGC6946 9.9 13409303.99 2888306.53009 0.0 0.0 13409303.99 2888306.53009
NGC6946 10.2 12336358.5372 2721932.12138 0.0 0.0 12336358.5372 2721932.12138
NGC6946 10.4 11096022.4577 2530503.73825 0.0 0.0 11096022.4577 2530503.73825
NGC6946 10.7 10348271.4139 2443127.21771 0.0 0.0 10348271.4139 2443127.21771
NGC6946 11.0 9620726.63239 2288872.87324 0.0 0.0 9620726.63239 2288872.87324
NGC6946 11.3 9169114.05303 2276829.23295 0.0 0.0 9169114.05303 2276829.23295
NGC6946 11.6 8978625.347 2144256.16112 0.0 0.0 8978625.347 2144256.16112
NGC7331 0.4 25395520.7049 10721486.9624 531324291.205 163262851.687 556719811.91 163614513.487
NGC7331 1.1 11511590.9609 2966084.06941 353779244.146 88078723.4158 365290835.107 88128651.262
NGC7331 1.8 9147959.6784 5569646.76218 290584938.555 180118578.56 299732898.233 180204670.605
NGC7331 2.5 10522884.5658 3587207.17358 280428448.401 101570945.989 290951332.967 101634271.407
NGC7331 3.2 11695962.038 3915396.57224 245251717.032 91186994.0202 256947679.07 91271015.1623
NGC7331 3.9 11330376.0358 3508935.31347 187042426.019 68802882.2235 198372802.055 68892301.6693
NGC7331 4.6 11647186.5208 3283575.3767 145944276.128 51033594.995 157591462.649 51139120.8896
NGC7331 5.3 10942364.6814 3101972.84789 112243700.046 39654854.2359 123186064.727 39775994.0167
NGC7331 6.1 10378606.6069 2834791.5232 72805419.9848 24737601.3299 83184026.5917 24899497.2346
NGC7331 6.8 10822536.6399 3053103.54204 48885168.3235 16892748.9761 59707704.9634 17166432.6291
NGC7331 7.5 11322860.2373 2820807.74091 37376026.4343 11888756.2101 48698886.6716 12218816.6585
NGC7331 8.2 11206963.8041 2893198.99642 26104005.4105 8648663.88328 37310969.2146 9119758.07786
NGC7331 8.9 10205230.812 2610512.67031 18067726.8303 5900810.95841 28272957.6422 6452468.23849
NGC7331 9.6 9763531.2476 2493038.09673 12797482.4967 4140334.40096 22561013.7443 4832970.91896
NGC7331 10.3 9802132.28732 2530952.50689 9983190.86906 3264445.19831 19785323.1564 4130656.49079
NGC7331 11.0 9090509.57713 2397465.56465 7723705.38792 2576416.84851 16814214.9651 3519341.54508
NGC7331 11.8 8088068.83442 2322456.00787 4893192.37905 1719934.70459 12981261.2135 2889978.77095
NGC7331 12.5 7048452.35535 2059598.93243 3206394.07408 1135413.64296 10254846.4294 2351831.60602
NGC7331 13.2 6284294.14697 1840754.75389 2245044.80815 800479.065539 8529338.95511 2007272.97554
NGC7331 13.9 6284532.02723 1789872.89989 1605180.62678 562672.904222 7889712.65401 1876231.80735
NGC7331 14.6 5951748.58478 1592450.18064 1356288.03619 459934.902023 7308036.62097 1657539.65018
NGC7331 15.3 5726925.45004 1501459.90126 1114464.34928 373212.908422 6841389.79932 1547148.8972
NGC7331 16.0 5597920.54295 1484480.68605 1048741.9314 351106.835609 6646662.47435 1525437.28723
NGC7331 16.7 5479471.65101 1497098.28496 885288.487729 299531.966551 6364760.13874 1526768.70344
NGC7331 17.5 4984189.66143 1269989.80212 335029.428586 108016.048041 5319219.09001 1274575.05237
NGC7331 18.2 4547194.29958 1180215.14817 283845.227119 92163.485519 4831039.5267 1183808.22097
NGC7331 18.9 4342380.57696 1180671.2366 223371.435341 73593.0660075 4565752.0123 1182962.59801
NGC7331 19.6 4020277.5564 1069247.35675 151766.381435 48978.7832309 4172043.93783 1070368.5492
NGC7331 20.3 3526701.32299 1026614.96898 77754.7278365 26381.9847234 3604456.05083 1026953.89558
NGC7331 21.0 2812183.857 795367.479376 31623.4295467 10430.8312529 2843807.28654 795435.873901
NGC7331 21.7 2196528.1543 722894.415889 0.0 0.0 2196528.1543 722894.415889
NGC7331 22.4 1850031.60293 625856.001366 0.0 0.0 1850031.60293 625856.001366
NGC7331 23.2 1574258.28973 511888.47867 8200.90268453 3068.14235911 1582459.19241 511897.673459
NGC7793 0.1 55520360.5329 6804571.49801 0.0 0.0 55520360.5329 6804571.49801
NGC7793 0.3 53749162.2014 6528641.54473 0.0 0.0 53749162.2014 6528641.54473
NGC7793 0.5 51496696.0564 6675605.29119 0.0 0.0 51496696.0564 6675605.29119
NGC7793 0.7 49005706.566 6189358.19168 0.0 0.0 49005706.566 6189358.19168
NGC7793 0.9 48652987.5112 6127847.34605 0.0 0.0 48652987.5112 6127847.34605
NGC7793 1.0 50304174.0673 5446977.60092 0.0 0.0 50304174.0673 5446977.60092
NGC7793 1.2 50682550.577 5944888.99766 0.0 0.0 50682550.577 5944888.99766
NGC7793 1.4 52371002.2528 6325435.16178 0.0 0.0 52371002.2528 6325435.16178
NGC7793 1.6 52842892.2041 6676476.96012 0.0 0.0 52842892.2041 6676476.96012
NGC7793 1.8 50902558.5288 6865307.45455 0.0 0.0 50902558.5288 6865307.45455
NGC7793 2.0 48590679.2369 6851896.91657 0.0 0.0 48590679.2369 6851896.91657
NGC7793 2.2 45962555.3854 6124713.38344 0.0 0.0 45962555.3854 6124713.38344
NGC7793 2.4 42284909.7109 5385276.19997 0.0 0.0 42284909.7109 5385276.19997
NGC7793 2.6 39206545.1154 4752082.06204 0.0 0.0 39206545.1154 4752082.06204
NGC7793 2.7 39010981.7666 4898128.75507 0.0 0.0 39010981.7666 4898128.75507
NGC7793 2.9 39264791.9391 4992753.22238 0.0 0.0 39264791.9391 4992753.22238
NGC7793 3.1 37736435.5929 4501583.09609 0.0 0.0 37736435.5929 4501583.09609
NGC7793 3.3 34359082.8558 3929134.1833 0.0 0.0 34359082.8558 3929134.1833
NGC7793 3.5 30007804.8463 3733556.70111 0.0 0.0 30007804.8463 3733556.70111
NGC7793 3.7 26560703.4258 3520961.42715 0.0 0.0 26560703.4258 3520961.42715
NGC7793 3.9 24189280.496 3420919.05529 0.0 0.0 24189280.496 3420919.05529
NGC7793 4.1 21726888.4983 3112401.3211 0.0 0.0 21726888.4983 3112401.3211
NGC7793 4.3 19695144.5905 2847418.72387 0.0 0.0 19695144.5905 2847418.72387
NGC7793 4.4 18255781.9888 2609664.54225 0.0 0.0 18255781.9888 2609664.54225
NGC7793 4.6 16240486.7904 2540537.21967 0.0 0.0 16240486.7904 2540537.21967
NGC7793 4.8 14164767.8716 2319915.1657 0.0 0.0 14164767.8716 2319915.1657
NGC7793 5.0 12256170.0251 2050177.18042 0.0 0.0 12256170.0251 2050177.18042
NGC7793 5.2 11096750.4701 1710733.40305 0.0 0.0 11096750.4701 1710733.40305
NGC7793 5.4 10404457.3368 1648783.92987 0.0 0.0 10404457.3368 1648783.92987
NGC7793 5.6 9580122.8962 1485172.40133 0.0 0.0 9580122.8962 1485172.40133
NGC7793 5.8 8644521.6619 1451313.62905 0.0 0.0 8644521.6619 1451313.62905
NGC7793 6.0 7615429.76548 1405930.84662 0.0 0.0 7615429.76548 1405930.84662
NGC7793 6.1 6807237.37748 1345453.17337 0.0 0.0 6807237.37748 1345453.17337
NGC7793 6.3 5753613.32312 1382391.33899 0.0 0.0 5753613.32312 1382391.33899
NGC7793 6.5 4781567.60974 1299176.62279 0.0 0.0 4781567.60974 1299176.62279
NGC7793 6.7 4027365.20043 1134252.68982 0.0 0.0 4027365.20043 1134252.68982
NGC7793 6.9 3468384.71756 1060284.17469 0.0 0.0 3468384.71756 1060284.17469
NGC7793 7.1 2950973.67372 881894.440779 0.0 0.0 2950973.67372 881894.440779
