#Table J_ApJ_868_110_table3:
#Name: J/ApJ/868/110/table3
#Title: Atmospheric parameters and [C/Fe]: target stars
#---Details of Columns:
    [FeI/H] ([Sun]) (F5.2)  [-3.4/-1.2] The [Fe I/H] abundance relative to the Sun [ucd=phys.abund]
-----
[FeI/
H] ([
Sun])
-----
-2.09
-2.28
-3.38
-2.35
-2.16
-2.32
-2.32
-2.60
-2.08
-1.88
-2.38
-1.42
-2.13
-2.48
-2.04
-2.62
-2.45
-2.23
-2.05
-1.92
-1.99
-2.38
-2.02
-2.38
-1.89
-2.48
-2.44
-2.19
-2.16
-2.14
-2.18
-2.74
-2.24
-1.96
-3.04
-2.05
-2.32
-1.99
-2.24
-2.56
-2.79
-2.33
-2.40
-2.14
-2.24
-2.00
-2.18
-1.73
-2.16
-2.53
-2.33
-2.45
-1.98
-2.52
-2.42
-2.05
-2.00
-2.41
-2.72
-2.11
-3.24
-2.23
-2.12
-2.15
-2.34
-1.95
-1.93
-1.98
-2.44
-2.32
-2.38
-2.20
-2.12
-2.45
-2.62
-2.71
-2.43
-2.51
-2.47
-2.41
-1.87
-2.06
-2.57
-2.32
-2.08
-2.05
-1.82
-2.07
-2.29
-2.46
-2.36
-2.00
-1.78
-3.03
-2.09
-2.18
-2.48
-2.18
-1.87
-2.09
-2.28
-2.66
-1.80
-2.11
-1.97
-2.41
-2.36
-2.00
-2.07
-2.15
-1.24
-1.89
-2.74
-2.02
-2.24
-2.41
-2.16
-2.62
-2.36
-2.58
-2.47
-2.26
-1.97
-2.46
-2.30
