#Galaxy M*+ M*err <Fe/H> - Median Fe/H - sigma1 - sigma2 - IQR
Fornax		7.39	0.14	-1.04	-1.06	0.33	0.29	0.34
LeoI		6.69	0.13	-1.45	-1.44	0.32	0.28	0.36
Sculptor		6.59	0.21	-1.68	-1.65	0.46	0.44	0.71
LeoII		6.07	0.13	-1.63	-1.61	0.40	0.36	0.47
Sextans		5.84	0.20	-1.94	-1.96	0.47	0.38	0.56
UsarMinor	5.73	0.20	-2.13	-2.12	0.43	0.34	0.48
Draco		5.51	0.10	-1.98	-1.97	0.42	0.35	0.48
CanesVenaticiI	5.48	0.09	-1.91	-1.88	0.44	0.39	0.56
Hercules		4.57	0.14	-2.39	-2.48	0.51	0.45	0.83
UrsaMajorI	4.28	0.13	-2.10	-2.39	0.65	0.60	1.01
LeoIV		3.93	0.15	-2.45	-2.37	0.65	0.59	0.94
CanesVenaticiII	3.90	0.20	-2.12	-2.39	0.59	0.57	0.71
UrsaMajorII	3.73	0.23	-2.18	-2.30	0.66	0.60	0.60
ComaBerenices	3.68	0.22	-2.25	-2.44	0.43	0.39	0.52
Segue2		3.14	0.13	-2.14	-2.20	0.38	0.33	0.62
NGC6822		7.92	0.09	-1.05	-1.02	0.49	0.47	0.60
IC1632		8.01	0.06	-1.19	-1.22	0.37	0.32	0.47
VV124		6.92	0.08	-1.43	-1.53	0.52	0.55	0.68
PegasusDIrr	6.82	0.08	-1.39	-1.31	0.56	0.54	0.68
LeoA		6.47	0.09	-1.58	-1.67	0.42	0.36	0.42
Aquarius		6.15	0.05	-1.44	-1.47	0.35	0.31	0.51
LeoT		5.13	0.20	-1.74	-1.76	0.54	0.47	0.70
