#Galaxy M*+/err <Fe/H> - sigma1 - sigma2
Fornax		7.39	0.14	-1.04	0.33	0.29
LeoI		6.69	0.13	-1.45	0.32	0.28
Sculptor	6.59	0.21	-1.68	0.46	0.44
LeoII		6.07	0.13	-1.63	0.40	0.36
Sextans		5.84	0.20	-1.94	0.47	0.38
UsarMinor	5.73	0.20	-2.13	0.43	0.34
Draco		5.51	0.10	-1.98	0.42	0.35
CanesVenaticiI	5.48	0.09	-1.91	0.44	0.39
Hercules	4.57	0.14	-2.39	0.51	0.45
UrsaMajorI	4.28	0.13	-2.10	0.65	0.60
LeoIV		3.93	0.15	-2.45	0.65	0.59
CanesVenaticiII	3.90	0.20	-2.12	0.59	0.57
UrsaMajorII	3.73	0.23	-2.18	0.66	0.60
ComaBerenices	3.68	0.22	-2.25	0.43	0.39
Segue2		3.14	0.13	-2.14	0.38	0.33
NGC6822		7.92	0.09	-1.05	0.49	0.47
IC1632		8.01	0.06	-1.19	0.37	0.32
VV124		6.92	0.08	-1.43	0.52	0.55
PegasusDIrr	6.82	0.08	-1.39	0.56	0.54
LeoA		6.47	0.09	-1.58	0.42	0.36
Aquarius	6.15	0.05	-1.44	0.35	0.31
LeoT		5.13	0.20	-1.74	0.54	0.47
