# Data from Kennicutt 1998
# (0) Name of the galaxy
# (1) D (arcmin)
# (2) log10(Σ_H_2 / Msun pc^−2)
# (3) log10(Σ_SFR / Msun yr^−1 kpc^−2)
# (4) tdepl [10^8 yr]
# (0)           (1)     (2)     (3)     (4) 
NGC 253         24      3.35    1.24    0.15
NGC 520         5       3.81    1.32    0.0
NGC 660         31      2.60    0.06    0.46
NGC 828         5       3.66    1.10    0.26
NGC 891         35      2.61    -0.58   0.22
NGC 1097        35      2.67    -0.20   0.29
NGC 1614        4       3.72    1.79    0.19
NGC 1808        30      2.65    0.08    0.52
NGC 2146        17      2.83    0.84    0.32
NGC 2623        8       2.87    1.00    0.0
NGC 2903        8       2.60    -0.11   0.0
NGC 3034        29      3.52    1.48    0.09
NGC 3079        5       4.25    1.63    0.0
NGC 3256        0       3.13    0.68    1.22
NGC 3351        14      2.83    0.24    0.13
NGC 3504        16      2.90    0.11    0.20
NGC 3627        39      2.28    -0.77   0.38
NGC 3690        24      2.28    -0.10   0.0
NGC 4736        24      2.25    -0.18   0.14
NGC 5194        54      2.49    -1.11   0.44
NGC 5236        22      2.87    0.30    0.21
NGC 6240        3       4.11    1.87    0.24
NGC 6946        27      2.26    -0.30   0.94
NGC 7252        11      2.61    -0.08   0.0
GC 7552         22      2.38    0.16    0.0
IC 342          67      2.06    -0.41   0.0
IC 694          2.6     4.10    2.40    0.0
IC 883          3.4     3.95    1.54    0.23
IC 1623         3.6     3.81    1.67    0.24
Maffei 2        40      2.46    -0.27   0.78
Arp 55          8       2.73    0.32    1.34
Arp 220         2       4.76    2.98    0.06
IR 10173]0828   7       2.41    0.48    1.68
IR 17208-0014   3       4.09    2.01    0.0
VII Zw 31       5       3.11    0.82    1.18
ZW 049.057      3       3.90    1.77    0.19
