# Data from Kennicutt 1998
# (0) Name of the galaxy
# (1) D (arcmin)
# (2) log10(Σ_HI / Msun pc^−2)
# (3) log10(Σ_H_2 / Msun pc^−2)
# (4) log10(Σ_gas / Msun pc^−2)
# (5) log10(Σ_SFR / Msun yr^−1 kpc^−2)
# (6) tdepl [10^8 yr]
# (0)        (1)     (2)     (3)     (4)     (5)    (6)
224         165.2   0.66    -0.58   0.68    -3.13   4.6
598         55.9    1.02    -0.71   1.03    -2.47   4.0
628         10.2    0.77    0.41    0.93    -2.18   0.0
772         7.2     0.60    0.68    0.94    -2.84   7.9
925         8.9     0.85    0.05    0.91    -2.44   7.3
1058        3.0     0.51    0.38    0.75    -2.20   0.0
1569        2.5     1.30    0.10    1.33    -0.80   2.0
2336        6.9     0.75    0.40    0.91    -1.92   7.4
2403        15.8    0.86    -0.46   0.88    -2.15   3.5
2841        6.8     0.31    0.86    0.97    -2.99   1.6
2903        10.7    0.55    0.57    0.86    -2.31   3.1
2976        4.9     0.72    0.63    0.98    -1.66   1.3
3031        22.2    0.82    -0.46   0.85    -2.50   2.7
3310        3.5     1.08    0.27    1.14    -1.14   2.5
3338        5.9     0.75    -0.06   0.81    -2.56   4.0
3368        6.5     0.66    0.59    0.93    -2.55   2.7
3486        7.1     0.85    -0.20   0.88    -2.46   3.2
3521        8.1     0.70    1.07    1.22    -1.91   3.3
3631        4.6     0.65    1.00    1.16    -1.73   4.9
3675        5.9     0.50    0.83    0.99    -2.01   2.2
3726        5.4     0.89    0.59    1.06    -2.28   3.2
3893        3.9     0.86    0.63    1.06    -1.96   3.0
3938        5.3     0.77    1.00    1.20    -2.11   0.0
4178        4.0     1.10    -0.22   1.13    -2.27   3.9
4189        2.3     0.78    0.85    1.12    -2.09   0.0
4254        5.2     0.88    1.23    1.39    -1.70   3.5
4258        15.1    0.49    -0.10   0.59    -2.36   4.8
4294        2.5     0.95    0.17    1.02    -1.87   3.0
4299        1.7     1.06    0.33    1.13    -1.53   0.0
4303        5.9     0.78    1.01    1.21    -1.74   4.8
4321        6.8     0.56    1.06    1.14    -2.07   4.5
4394        3.9     0.15    0.46    0.63    -2.88   3.2
4402        3.1     0.28    1.01    1.08    -2.80   4.2
4501        6.0     0.44    0.98    1.09    -2.21   3.3
4519        3.1     0.97    0.33    0.99    -1.98   2.9
4535        6.3     0.61    0.79    1.01    -2.38   5.2
4548        5.1     0.21    0.51    0.69    -2.52   3.4
4561        1.4     1.37    0.98    1.52    -1.93   1.6
4569        7.9     -0.41   0.57    0.61    -2.78   5.0
4571        3.7     0.41    0.63    0.83    -2.56   4.7
4579        5.1     0.04    0.73    0.81    -2.32   2.8
4639        2.7     0.59    0.18    0.73    -2.11   2.2
4647        3.4     0.45    0.91    1.04    -2.22   3.5
4651        3.5     0.84    0.66    1.06    -1.98   2.7
4654        4.3     0.80    0.80    1.10    -2.06   3.5
4689        3.9     0.18    0.86    0.94    -2.38   3.2
4698        3.7     -0.13   0.01    0.25    -3.55   2.5
4713        2.6     0.97    0.22    1.04    -1.53   3.2
4736        10.5    0.28    0.41    0.65    -2.22   2.7
4826        8.0     -0.40   0.64    0.67    -2.47   0.0
5033        9.1     0.73    0.49    0.93    -2.64   7.7
5055        11.0    0.68    1.00    1.17    -2.32   3.8
5194        10.0    0.76    1.38    1.47    -1.78   3.4
5236        11.0    0.88    1.63    1.70    -1.41   2.8
5457        26.9    1.01    0.22    1.09    -2.46   8.8
6207        2.6     0.95    0.25    1.03    -1.70   2.6
6217        3.0     0.73    1.16    1.29    -1.91   2.9
6503        4.9     0.61    0.53    0.89    -2.08   1.7
6643        3.4     0.85    0.77    1.11    -1.81   3.7
6946        10.7    0.94    1.04    1.30    -1.88   3.5
7331        8.5     0.67    0.87    1.08    -2.33   5.8
