# Data from Genzel et al. (2010) https://arxiv.org/pdf/1003.5180.pdf
# (0) Source name
# (1) z, redshift
# (2) v_d [km/s] maximum circular velocity
# (3) R_(1/2) [kpc] Half light radius from Ha fits
# (4) SFR [Msun/yr] extinction corrected star formation rate for a Chabrier (2003) IMF
# (5) F_J(CO) [Jy km/s] Observed CO J- (J-1) line integrated flux
# (6) sigma(F_J) line integrated flux (Jy km/s) 1σ error (corrected for lensing magnification
#     where necessary)
# (7) L_J(CO) [K km/s pc^2] CO J- (J-1) integrated line luminosity 
# (8) sigma(L_J) 1 sigma error of L_J(CO)
# (9) M_{mol-gas} [Msun] molecular gas mass: Mmol-gas=1.36 α R1J LJ(CO) (Msun), where α is 
#     the conversion factor
# (10) Stellar mass [Msun] stellar masses for a Chabrier IMF, obtained from SED population 
#     synthesis fitting to the combined UV/optical/near-IR SEDs 
# (11) log Molecular surface density [Msun pc^-2]
# (12) log Molecular surface density over dynamical time [Msun yr^-1 kpc^-2]
# (13) log SFR surface density [Msun yr^-1 kpc^-2]
#
# (0)            (1) (2)  (3)   (4) (5)   (6)   (7)    (8)         (9)       (10)   (11) (12)  (13)      
EGS13004291     1.20 150 7.2    172 3.70 0.15 3.2E+10 1.3E+09   2.8E+11     3.3E+11 2.94 1.26 -0.28 
EGS12007881     1.17 174 8.7    91 1.15 0.06 9.4E+09 4.9E+08    8.3E+10     1.6E+11 2.24 0.56 -0.72 
EGS13017614     1.18 223 6.3    74 1.25 0.10 1.1E+10 8.4E+08    9.3E+10     1.1E+11 2.57 1.13 -0.52 
EGS13035123     1.12 139 8.6    126 1.90 0.05 1.4E+10 3.8E+08   1.3E+11     3.4E+11 2.44 0.65 -0.57 
EGS13004661     1.19 73 6.9     82 0.32 0.06 2.8E+09 5.2E+08     2.4E+10     3.0E+10 1.92 -0.05 -0.56 
EGS13003805     1.23 255 5.2    128 2.25 0.15 2.0E+10 1.4E+09   1.8E+11     2.1E+11 3.03 1.73 -0.12 
EGS12011767     1.28 107 7.3    47 0.30 0.06 2.9E+09 5.9E+08    2.6E+10     1.2E+11 1.89 0.07 -0.85 
EGS12012083     1.12 110 4.6    103 -0.13 0.04 -9.9E+08 3.3E+08 -8.7E+09    5.2E+10 1.82 0.21 -0.10 
EGS13011439     1.10 114 2.2    90 0.70 0.15 5.1E+09 1.1E+09    4.5E+10     1.3E+11 3.16 1.87 0.46 
EGS13011148     1.17 316 4.3    41 0.41 0.08 3.4E+09 6.6E+08    3.0E+10     1.6E+11 2.40 1.27 -0.46 
HDF-BX1439      2.19 265 8.0    83 -0.23 0.08 -6.6E+09 2.2E+09  -5.9E+10    5.7E+10 2.16 0.69 -0.69 
Q1623-BX599     2.33 265 2.8    130 0.60 0.10 1.8E+10 3.0E+09   1.6E+11     5.7E+10 3.50 2.48 0.42 
Q1623-BX663     2.43 256 5.5    119 -0.18 0.06 -5.7E+09 1.9E+09 -5.1E+10    6.9E+10 2.42 1.10 -0.20 
Q1700-MD69      2.29 217 9.4    160 0.42 0.06 1.2E+10 1.7E+09   1.1E+11     1.9E+11 2.28 0.66 -0.54 
Q1700-MD94      2.34 217 9.6    326 2.00 0.30 6.0E+10 9.0E+09   5.3E+11     1.5E+11 2.96 1.32 -0.25 
Q1700-MD174     2.34 240 3.6    114 0.60 0.08 1.8E+10 2.4E+09   1.6E+11     2.4E+11 3.29 2.12 0.15 
Q1700-BX691     2.19 238 6.7    52 0.15 0.05 4.0E+09 1.2E+09    3.5E+10     7.6E+10 2.10 0.65 -0.74 
Q2343-BX389     2.17 259 4.2    220 -0.15 0.05 -3.8E+09 1.3E+09 -3.3E+10    6.9E+10 2.49 1.29 0.31 
Q2343-BX442     2.18 238 6.7    96 0.43 0.08 1.1E+10 2.1E+09    1.0E+11     1.5E+11 2.55 1.11 -0.47 
Q2343-BX610     2.21 324 3.8    207 0.95 0.08 2.6E+10 2.2E+09   2.3E+11     1.7E+11 3.40 2.34 0.36 
Q2343-MD59      2.01 157 5.5    40 0.46 0.10 1.0E+10 2.3E+09    9.2E+10     7.6E+10 2.69 1.15 -0.68 
SMMJ02399-0136  2.81 590 5.1    1147 1.26 0.16 4.9E+10 6.3E+09   8.8E+10     0.0E+0  2.73 1.80 0.84 
SMMJ09431+4700  3.35 295 1.4    873 0.85 0.13 2.5E+10 3.8E+09   5.5E+10     0.0E+0  3.63 2.96 1.83 
SMMJ105141+5719 1.21 457 3.1    648 2.61 0.55 5.0E+10 1.1E+10   3.4E+10     0.0E+0  2.76 1.94 1.04 
SMMJ123549+6215 2.20 442 0.9    897 1.55 0.16 4.0E+10 4.1E+09   7.1E+10     1.2E+11 4.10 3.78 2.20 SMMJ123634+6212 1.22 343 4.1    465 1.75 0.30 3.4E+10 5.9E+09   5.2E+10     0.0E+0  2.68 1.61 0.63 
SMMJ123707+6214 2.49 317 2.8    508 0.59 0.12 1.9E+10 3.8E+09   3.4E+10     1.2E+11 2.83 1.89 1.01 SMMJ131201+4242 3.41 430 3.0    670 1.00 0.20 3.0E+10 6.1E+09   6.7E+10     0.0E+0  3.09 2.26 1.09 
SMMJ131232+4239 2.33 346 2.0    508 0.99 0.22 2.8E+10 6.3E+09   5.0E+10     0.0E+0  3.28 2.52 1.29
SMMJ163650+4057 2.39 523 2.4    886 2.30 0.20 6.9E+10 6.0E+09   1.2E+11     2.3E+11 3.52 2.86 1.37 SMMJ163658+4105 2.45 590 0.8    1124 1.80 0.15 5.6E+10 4.7E+09   1.0E+11     2.6E+11 4.39 4.26 2.44 
BzK4171         1.47 256 3.7    103 0.65 0.08 1.8E+10 2.3E+09   9.4E+10     6.5E+10 3.04 1.89 0.08 
BzK210000       1.52 199 4.3    220 0.64 0.07 2.0E+10 2.1E+09   1.0E+11     6.5E+10 2.94 1.61 0.28 
BzK16000        1.52 260 4.1    152 0.42 0.06 1.3E+10 1.8E+09   6.6E+10     6.5E+10 2.80 1.62 0.17 
BzK17999        1.41 207 3.6    148 0.57 0.07 1.5E+10 1.9E+09   7.7E+10     6.5E+10 2.99 1.76 0.27
