RADIAL PROFILE DATA OF HI AND H2 (CO)
from Schruba+11, AJ, 142, 37 (Fig.A1)

Column 1 : galaxy name
Column 2 : galactocentric radius [arcsec]
Column 3 : galactocentric radius [kpc]
Column 4 : HI [Msun/pc^2]
Column 5 : Scatter in HI [dex]
Column 6 : H2 [Msun/pc^2]
Column 7 : Scatter in H2 [dex]
Column 8 : Upper limit in H2 [3sigma]
Column 9 : Quality flag for H2 measurement
           2: high, 1: marginal, 0: limit

ngc0337    11.2430  1.3463 16.3251  0.1607    8.6462  0.2740     NaN  1
ngc0337    23.9209  2.8645 18.0048  0.0664    6.1305  0.4101     NaN  2
ngc0337    38.3970  4.5980 16.9568  0.0994    3.2322  0.2864     NaN  1
ngc0337    52.9367  6.3391 16.8553  0.0975       NaN  0.3382  0.9122  0
ngc0337    67.7684  8.1152 14.0853  0.2255       NaN  0.4022  0.8061  0
ngc0337    82.5788  9.8887 10.8244  0.3932       NaN  0.3654  0.7934  0
ngc0337    97.7586 11.7065  8.1257  0.2726       NaN  0.3712  0.8271  0
ngc0337   112.7823 13.5056  4.5741  0.3021       NaN  0.3825  0.6982  0
ngc0337   127.4566 15.2628  2.9529  0.2574       NaN  0.3468  0.7868  0
ngc0337   141.3383 16.9251  1.1526  0.6424       NaN  0.3772  1.2681  0
ngc0337   153.7475 18.4111  0.9395  0.7594       NaN  0.0000  2.1566  0
ngc0628     9.5173  0.3368  1.4353  0.0657   29.8465  0.0896     NaN  2
ngc0628    23.5655  0.8340  2.3013  0.1264   21.3369  0.1272     NaN  2
ngc0628    37.7703  1.3367  2.9323  0.1181   16.3831  0.1302     NaN  2
ngc0628    52.7975  1.8686  4.1317  0.1291   15.9237  0.1750     NaN  2
ngc0628    67.8192  2.4002  5.0070  0.1387   15.1259  0.2467     NaN  2
ngc0628    82.6418  2.9248  6.2328  0.1250   14.9243  0.2518     NaN  2
ngc0628    97.5638  3.4529  6.7624  0.1440   11.3866  0.2831     NaN  2
ngc0628   112.7141  3.9891  7.2511  0.1732    9.1647  0.2958     NaN  2
ngc0628   127.6171  4.5165  7.2233  0.2074    7.0200  0.3113     NaN  2
ngc0628   142.6401  5.0482  7.1583  0.2379    5.3417  0.3122     NaN  2
ngc0628   157.7148  5.5817  8.0694  0.1939    5.0271  0.3399     NaN  2
ngc0628   172.5987  6.1085  8.1991  0.1797    3.3128  0.2887     NaN  2
ngc0628   187.5590  6.6380  8.5645  0.1350    2.4665  0.3508     NaN  2
ngc0628   202.6632  7.1725  9.0136  0.1276    2.2510  0.3857     NaN  2
ngc0628   217.5010  7.6977  8.3209  0.1660    1.9330  0.3566     NaN  2
ngc0628   232.5066  8.2287  7.4016  0.1760    0.8388  0.3706     NaN  1
ngc0628   247.5105  8.7597  7.1220  0.1594    1.0984  0.3737     NaN  1
ngc0628   262.5229  9.2910  7.1415  0.1802       NaN  0.3776  1.0148  0
ngc0628   277.4208  9.8183  6.2524  0.2372       NaN  0.3399  0.8992  0
ngc0628   292.1646 10.3401  5.3801  0.2290       NaN  0.3665  1.0404  0
ngc0628   307.1563 10.8707  4.7896  0.1888       NaN  0.3995  1.0957  0
ngc0628   319.7119 11.3151  4.5714  0.1925       NaN  0.3690  1.2004  0
ngc0925    10.3263  0.4606  8.1004  0.0581    3.8967  0.2171     NaN  1
ngc0925    23.5677  1.0512  7.9994  0.0789    3.5194  0.3258     NaN  1
ngc0925    37.5362  1.6742  8.2716  0.1061    3.0344  0.2975     NaN  2
ngc0925    52.2943  2.3325  7.9295  0.1546    2.6593  0.3651     NaN  2
ngc0925    67.3096  3.0022  7.3959  0.1242    1.6710  0.3035     NaN  2
ngc0925    82.2763  3.6698  7.9788  0.0619    1.5850  0.2966     NaN  2
ngc0925    97.2617  4.3382  8.1184  0.0870    0.9398  0.3159     NaN  1
ngc0925   112.3976  5.0133  6.4682  0.0961    0.9407  0.2955     NaN  1
ngc0925   127.1704  5.6722  6.2565  0.1071    0.6664  0.4361     NaN  1
ngc0925   142.3456  6.3490  7.1217  0.1577    0.5807  0.3825     NaN  1
ngc0925   157.5456  7.0270  8.0674  0.1299       NaN  0.3558  0.5528  0
ngc0925   172.3331  7.6865  7.6220  0.1533       NaN  0.4081  0.5139  0
ngc0925   187.3432  8.3560  7.3135  0.1830       NaN  0.3598  0.5636  0
ngc0925   202.3669  9.0261  7.0411  0.2149       NaN  0.4409  0.5116  0
ngc0925   217.3683  9.6952  7.2689  0.1941       NaN  0.3406  0.5901  0
ngc0925   232.3672 10.3642  7.6758  0.1454       NaN  0.4025  0.5253  0
ngc0925   247.3179 11.0311  7.6315  0.1530       NaN  0.3316  0.5248  0
ngc0925   262.3395 11.7011  7.5696  0.1489       NaN  0.3877  0.5336  0
ngc0925   277.4234 12.3739  7.0617  0.1310       NaN  0.3957  0.5337  0
ngc0925   292.3182 13.0382  6.0143  0.1626       NaN  0.4379  0.5501  0
ngc0925   307.7604 13.7270  5.0249  0.2036       NaN  0.4056  0.4758  0
ngc0925   322.3652 14.3784  4.4544  0.2670       NaN  0.4117  0.5577  0
ngc0925   337.1869 15.0395  4.0770  0.2422       NaN  0.3826  0.5631  0
ngc0925   352.2837 15.7129  3.6773  0.2296       NaN  0.3949  0.6385  0
ngc0925   367.5724 16.3948  2.7908  0.2507       NaN  0.3144  0.5915  0
ngc0925   381.8466 17.0315  2.3297  0.2804       NaN  0.2705  0.6463  0
ngc0925   396.8921 17.7025  2.0211  0.2887       NaN  0.3277  0.7039  0
ngc0925   412.4755 18.3976  1.4356  0.2366       NaN  0.3267  0.7002  0
ngc0925   426.8541 19.0389  0.9027  0.2816       NaN  0.4131  1.0635  0
ngc0925   441.7527 19.7034  0.6457  0.2883       NaN  0.4764  1.6302  0
ngc2146     9.5727  0.5940  0.2707  0.2675  634.3579  0.0582     NaN  2
ngc2146    23.3795  1.4508  1.7709  0.4275  262.4519  0.2160     NaN  2
ngc2146    37.2020  2.3086  5.7186  0.2972   63.2430  0.5021     NaN  2
ngc2146    52.8451  3.2794  7.2312  0.1780   17.8647  0.7750     NaN  2
ngc2146    68.0422  4.2224  4.6863  0.2707    8.0088  0.4426     NaN  2
ngc2146    82.5480  5.1226  4.2740  0.2182    3.9350  0.6437     NaN  2
ngc2146    97.4749  6.0489  3.5911  0.3031    2.1955  0.7009     NaN  1
ngc2146   112.1551  6.9599  3.7938  0.5777       NaN  0.4813  0.6611  0
ngc2146   127.6297  7.9202  2.2089  0.6484       NaN  0.3837  0.5965  0
ngc2146   142.5812  8.8480  1.0848  0.7469       NaN  0.4628  0.5914  0
ngc2146   157.4845  9.7729  0.7157  0.5474       NaN  0.4257  0.5774  0
ngc2146   172.8425 10.7259  0.6163  0.6727       NaN  0.3294  0.5179  0
ngc2146   187.7231 11.6494  0.4798  0.9592       NaN  0.4659  0.5935  0
ngc2146   202.5543 12.5697  0.5768  1.1113       NaN  0.3734  0.5599  0
ngc2146   217.2926 13.4843  0.6346  2.4080       NaN  0.4076  0.6230  0
ngc2146   232.4685 14.4261  0.7038  1.1120       NaN  0.3802  0.6576  0
ngc2146   247.5333 15.3610  0.5653  1.8685       NaN  0.2339  0.6890  0
ngc2146   262.2573 16.2747  0.5231     Inf       NaN  0.4839  0.9752  0
ngc2146   277.2011 17.2020  0.8125  0.4527       NaN  0.2837  1.0082  0
ngc2146   286.5609 17.7829  0.7726     Inf       NaN  0.2975  1.9943  0
ngc2403     9.3192  0.1446  4.8664     NaN    7.3839     NaN     NaN  2
ngc2403    22.8445  0.3544  6.6499  0.0619   10.6724  0.3479     NaN  2
ngc2403    37.4048  0.5803  7.3707  0.1007    9.5736  0.2295     NaN  2
ngc2403    52.7405  0.8182  7.3328  0.0659    7.1665  0.1857     NaN  2
ngc2403    67.8974  1.0534  7.0022  0.0808    5.3024  0.1461     NaN  2
ngc2403    82.6942  1.2829  7.9341  0.1163    5.9056  0.2538     NaN  2
ngc2403    97.7209  1.5160  7.2754  0.1017    4.9393  0.2540     NaN  2
ngc2403   112.6969  1.7484  6.8086  0.1545    3.5328  0.3131     NaN  2
ngc2403   127.7659  1.9822  7.4629  0.2761    2.8244  0.3470     NaN  2
ngc2403   142.4390  2.2098  7.4735  0.2991    2.0280  0.4832     NaN  2
ngc2403   157.3495  2.4411  7.7567  0.2441    2.2479  0.3766     NaN  2
ngc2403   172.7021  2.6793  8.2959  0.2430    2.3024  0.2736     NaN  2
ngc2403   187.2461  2.9049  8.4742  0.1997    1.7668  0.2881     NaN  2
ngc2403   202.5004  3.1416  9.0917  0.1674    1.7959  0.3900     NaN  2
ngc2403   217.2716  3.3708  9.8993  0.2058    1.8947  0.3903     NaN  2
ngc2403   232.0428  3.5999  9.6230  0.1637    1.8504  0.4266     NaN  2
ngc2403   247.5322  3.8402  9.0307  0.1214    1.4287  0.3423     NaN  2
ngc2403   262.5429  4.0731  9.8658  0.1815    1.2106  0.3572     NaN  2
ngc2403   277.1981  4.3005  9.4648  0.1809    1.1325  0.3589     NaN  2
ngc2403   292.2557  4.5341  9.2750  0.1917    1.1779  0.3501     NaN  1
ngc2403   307.1820  4.7656  8.0517  0.1660       NaN  0.3219  0.9625  0
ngc2403   322.3526  5.0010  8.8967  0.1998    1.2178  0.2227     NaN  1
ngc2403   337.4852  5.2358  8.4879  0.1699       NaN  0.3594  1.1959  0
ngc2403   352.2479  5.4648  8.5923  0.1685       NaN  0.3746  1.3044  0
ngc2403   366.9445  5.6928  7.1404  0.3059       NaN  0.2922  1.4084  0
ngc2403   382.1621  5.9289  7.2383  0.2242       NaN  0.5088  1.6828  0
ngc2403   397.0000  6.1591  6.8481  0.1303       NaN  0.4307  1.9444  0
ngc2403   412.0739  6.3929  7.1284  0.0902       NaN  0.2817  2.6118  0
ngc2403   425.3448  6.5988  6.4218     NaN       NaN     NaN  2.7334  0
ngc2798     8.7544  1.0483  0.5880     NaN   30.6545     NaN     NaN  2
ngc2798    21.6227  2.5893  0.4309     NaN    5.9360     NaN     NaN  2
ngc2798    36.4115  4.3602  0.2695     NaN    1.3608     NaN     NaN  1
ngc2798    52.8959  6.3342  0.3442  0.1863    4.9807  1.0803     NaN  2
ngc2798    66.8276  8.0025  0.2748  0.3682    5.7060  1.2072     NaN  2
ngc2798    81.8058  9.7962  0.1693  0.2737    0.5267  0.4415     NaN  1
ngc2798    97.1124 11.6291  0.0921  0.2742       NaN  0.2206  0.8340  0
ngc2798   113.9240 13.6423  0.1320  0.4541       NaN  0.6000  0.6812  0
ngc2798   128.0646 15.3356  0.2092  0.4499    1.5248  0.4782     NaN  2
ngc2798   139.4544 16.6995  0.1743  1.5257       NaN  1.0010  1.1560  0
ngc2841     8.9577  0.6123  0.4677     NaN       NaN     NaN  1.4204  0
ngc2841    24.4249  1.6697  0.5551  0.0681       NaN  0.1785  0.9850  0
ngc2841    37.6468  2.5735  0.6534  0.1094    2.5598  0.4436     NaN  1
ngc2841    51.7365  3.5366  1.2113  0.1057    3.6004  0.3251     NaN  1
ngc2841    66.9980  4.5799  1.7837  0.1011    5.0975  0.3537     NaN  2
ngc2841    83.2009  5.6875  2.2258  0.0593    5.1429  0.2599     NaN  2
ngc2841    97.7854  6.6845  2.5512  0.0830    4.1612  0.3253     NaN  2
ngc2841   112.5148  7.6914  2.5580  0.0568    3.1969  0.3510     NaN  2
ngc2841   127.8393  8.7389  2.7200  0.0597    2.3992  0.3149     NaN  2
ngc2841   142.7813  9.7603  2.8545  0.0491    1.5662  0.2857     NaN  2
ngc2841   157.3310 10.7549  2.9751  0.0384    1.4485  0.3332     NaN  1
ngc2841   172.4656 11.7895  2.8135  0.0687    0.7631  0.3472     NaN  1
ngc2841   187.6602 12.8282  2.3199  0.1205       NaN  0.2559  0.4009  0
ngc2841   202.5683 13.8473  2.1295  0.1531       NaN  0.3090  0.4021  0
ngc2841   217.4757 14.8664  2.2481  0.1157       NaN  0.3199  0.4421  0
ngc2841   232.5448 15.8965  2.1951  0.1017       NaN  0.2549  0.4752  0
ngc2841   247.7174 16.9336  2.0579  0.1222       NaN  0.5275  0.5124  0
ngc2841   261.6974 17.8893  2.0602  0.1081       NaN  0.4096  0.6127  0
ngc2841   276.3242 18.8892  1.8954  0.1352       NaN  0.1953  0.6695  0
ngc2841   291.4491 19.9231  2.0682  0.1892       NaN  0.5393  0.9940  0
ngc2841   304.3335 20.8038  2.2106     NaN       NaN     NaN  1.9240  0
ngc2903    10.1027  0.4359  4.0062  0.0824  175.7020  0.1801     NaN  2
ngc2903    23.5434  1.0159  4.5009  0.0636   59.5677  0.1832     NaN  2
ngc2903    37.6059  1.6226  5.1908  0.1494   47.3075  0.2147     NaN  2
ngc2903    52.5040  2.2655  6.6322  0.1488   53.5415  0.4523     NaN  2
ngc2903    67.3413  2.9057  6.7540  0.0864   36.5426  0.2652     NaN  2
ngc2903    82.7230  3.5694  6.8484  0.0663   27.4190  0.2653     NaN  2
ngc2903    97.6104  4.2117  7.1411  0.0723   17.8008  0.2247     NaN  2
ngc2903   112.3145  4.8462  6.6596  0.0941   11.5025  0.2257     NaN  2
ngc2903   127.5713  5.5045  6.6963  0.0722    5.6838  0.2438     NaN  2
ngc2903   142.7068  6.1576  5.7931  0.1259    2.7658  0.3778     NaN  2
ngc2903   157.5670  6.7988  4.2342  0.3474    1.4749  0.3481     NaN  2
ngc2903   172.7276  7.4529  3.3576  0.5265       NaN  0.4920  0.8189  0
ngc2903   187.9376  8.1092  2.5983  0.5560    0.4409  0.3351     NaN  1
ngc2903   202.8645  8.7533  2.4854  0.4898       NaN  0.3543  0.5235  0
ngc2903   217.7772  9.3967  2.3662  0.4791       NaN  0.3892  0.4290  0
ngc2903   232.7094 10.0410  2.7064  0.3989       NaN  0.3891  0.4958  0
ngc2903   247.6437 10.6854  2.8020  0.3663       NaN  0.3052  0.4694  0
ngc2903   262.7122 11.3356  3.3194  0.2759       NaN  0.4036  0.5088  0
ngc2903   277.5400 11.9754  3.5768  0.1969       NaN  0.3967  0.5136  0
ngc2903   292.4825 12.6202  3.9556  0.1508       NaN  0.4337  0.5006  0
ngc2903   307.8792 13.2845  4.2422  0.2360       NaN  0.3966  0.4854  0
ngc2903   322.8285 13.9295  4.4616  0.3030       NaN  0.3868  0.4821  0
ngc2903   337.7890 14.5751  3.9737  0.2665       NaN  0.4673  0.4580  0
ngc2903   352.5674 15.2127  3.4099  0.2394       NaN  0.4279  0.4542  0
ngc2903   367.4836 15.8563  3.2314  0.2624       NaN  0.4500  0.4129  0
ngc2903   382.5548 16.5066  3.3622  0.2389       NaN  0.5510  0.5055  0
ngc2903   397.5953 17.1556  3.2593  0.2705       NaN  0.3729  0.5734  0
ngc2903   412.4232 17.7954  3.0913  0.2839       NaN  0.3437  0.5708  0
ngc2903   427.5497 18.4481  2.7515  0.3031       NaN  0.3750  0.5675  0
ngc2903   442.2104 19.0807  2.4701  0.2260       NaN  0.4742  0.7677  0
ngc2976     9.0701  0.1583  6.2188  0.1033    7.7526  0.1474     NaN  2
ngc2976    23.4535  0.4093  6.8659  0.0994    5.8883  0.2393     NaN  2
ngc2976    38.1221  0.6654  7.1511  0.0739    4.5758  0.2623     NaN  2
ngc2976    53.0578  0.9260  7.8367  0.1139    4.9713  0.2712     NaN  2
ngc2976    68.1376  1.1892  8.8588  0.1444    6.6163  0.3840     NaN  2
ngc2976    83.0529  1.4495  9.8797  0.2173    7.3929  0.6363     NaN  2
ngc2976    97.9039  1.7087  7.8794  0.1535    5.3984  0.3517     NaN  2
ngc2976   112.6294  1.9658  5.4596  0.2029    2.8037  0.4633     NaN  2
ngc2976   127.7184  2.2291  3.1336  0.2289       NaN  0.4787  0.6789  0
ngc2976   142.5636  2.4882  2.0282  0.1918       NaN  0.3401  0.6441  0
ngc2976   157.7792  2.7538  1.5125  0.2228       NaN  0.3716  0.6373  0
ngc2976   172.6307  3.0130  0.8976  0.3073       NaN  0.3401  0.5259  0
ngc2976   187.6150  3.2745  0.6442  0.2555       NaN  0.3404  0.5724  0
ngc2976   202.6393  3.5367  0.4318  0.3529       NaN  0.2888  0.5610  0
ngc2976   217.1035  3.7892  0.3905  0.4385       NaN  0.4132  0.5679  0
ngc2976   232.4390  4.0568  0.3678  0.3343       NaN  0.3778  0.6270  0
ngc2976   247.7922  4.3248  0.3354  0.2698       NaN  0.3172  0.7167  0
ngc2976   262.8263  4.5872  0.3729  0.2109       NaN  0.2592  0.8861  0
ngc2976   277.1726  4.8376  0.3559  0.2560       NaN  0.5248  1.0326  0
ngc2976   291.8556  5.0938  0.2597  0.6181       NaN  0.7451  1.4514  0
ngc2976   304.3091  5.3112  0.1618     NaN       NaN     NaN  3.3641  0
ngc3049    11.2293  0.4845  5.6031  0.1693   10.6326  0.5862     NaN  2
ngc3049    23.2091  1.0014  5.3629  0.0813    2.9718  0.3378     NaN  1
ngc3049    37.8180  1.6318  5.5992  0.0763       NaN  0.4604  0.9750  0
ngc3049    52.7400  2.2756  5.1714  0.0595       NaN  0.4490  0.7130  0
ngc3049    67.4370  2.9098  4.1582  0.0777       NaN  0.2941  0.7316  0
ngc3049    82.4083  3.5558  3.0891  0.0927       NaN  0.3696  0.6415  0
ngc3049    97.1464  4.1917  2.3140  0.1550       NaN  0.4203  0.5768  0
ngc3049   111.6716  4.8185  1.6024  0.1740       NaN  0.2957  0.6927  0
ngc3049   126.2300  5.4466  0.9627  0.1599       NaN  0.5209  1.0116  0
ngc3049   140.6067  6.0670  0.8969  0.2756       NaN  0.3289  1.3558  0
ngc3049   155.7742  6.7214  0.5207  0.3915       NaN  0.7661  1.9305  0
ngc3049   166.2207  7.1722  0.3365     NaN       NaN     NaN  2.8869  0
ngc3077    10.0704  0.1855 17.5524  0.0786   33.5518  0.1541     NaN  2
ngc3077    23.8779  0.4399 11.7008  0.0928    7.0766  0.3264     NaN  2
ngc3077    38.3228  0.7060  8.3730  0.1739    1.7793  0.3884     NaN  1
ngc3077    52.9729  0.9759  6.7494  0.2487    1.4188  0.4008     NaN  1
ngc3077    67.9239  1.2514  5.7501  0.2387       NaN  0.3405  0.9402  0
ngc3077    82.6094  1.5219  5.0588  0.1979       NaN  0.2719  0.9288  0
ngc3077    96.3451  1.7750  4.7046  0.1693       NaN  0.6292  1.3782  0
ngc3077   108.5119  1.9991  4.3781  0.2085       NaN  0.4995  2.0009  0
ngc3184    10.2060  0.5492  3.4926  0.0711   34.5811  0.1502     NaN  2
ngc3184    23.6199  1.2711  3.4874  0.0998   16.6569  0.1445     NaN  2
ngc3184    38.3598  2.0643  3.8975  0.1119   10.9710  0.1725     NaN  2
ngc3184    52.8114  2.8420  4.9343  0.1176   11.1058  0.2967     NaN  2
ngc3184    67.9363  3.6559  5.7774  0.1411   11.3298  0.3296     NaN  2
ngc3184    82.6140  4.4458  6.7369  0.1332    9.7804  0.2894     NaN  2
ngc3184    97.6604  5.2555  7.4645  0.0843    7.9059  0.2161     NaN  2
ngc3184   112.6618  6.0628  8.0529  0.1212    8.1506  0.2720     NaN  2
ngc3184   127.6648  6.8702  7.8951  0.1428    4.7568  0.3241     NaN  2
ngc3184   142.5138  7.6693  7.2056  0.1116    2.8773  0.3505     NaN  2
ngc3184   157.6721  8.4850  6.7975  0.1035    1.8020  0.3670     NaN  2
ngc3184   172.6908  9.2932  6.6143  0.1337    1.8045  0.3936     NaN  2
ngc3184   187.5230 10.0914  6.0124  0.1103       NaN  0.3647  0.9563  0
ngc3184   202.5387 10.8995  5.4419  0.1396       NaN  0.3406  0.8645  0
ngc3184   216.7756 11.6656  4.2817  0.1541       NaN  0.3567  0.8718  0
ngc3184   232.0175 12.4859  3.4124  0.1261       NaN  0.4234  1.1693  0
ngc3184   247.1919 13.3025  3.1286  0.1360       NaN  0.3078  1.2678  0
ngc3184   260.5693 14.0224  2.7382  0.1609       NaN  0.3567  1.7030  0
ngc3198    10.1267  0.6775  3.5711     NaN   14.1960     NaN     NaN  2
ngc3198    23.1733  1.5504  3.4543  0.0305    5.4576  0.1701     NaN  2
ngc3198    39.2371  2.6251  4.3397  0.0566    3.2056  0.1773     NaN  2
ngc3198    53.3089  3.5666  5.6033  0.0858    4.0880  0.1829     NaN  2
ngc3198    67.6312  4.5248  6.1383  0.0810    4.3417  0.1846     NaN  2
ngc3198    82.9231  5.5479  6.3587  0.0388    2.8211  0.2698     NaN  2
ngc3198    97.9871  6.5558  6.4871  0.0768    1.3268  0.3243     NaN  2
ngc3198   112.9427  7.5564  6.5916  0.1098    0.8997  0.3049     NaN  2
ngc3198   127.6030  8.5372  6.6046  0.0978    0.7374  0.2716     NaN  2
ngc3198   142.5313  9.5360  6.8101  0.0758       NaN  0.2687  0.4215  0
ngc3198   157.3481 10.5273  6.3145  0.1026       NaN  0.5482  0.3879  0
ngc3198   172.4289 11.5362  6.3022  0.0980       NaN  0.3685  0.3865  0
ngc3198   187.5694 12.5492  6.2149  0.0896       NaN  0.3207  0.3960  0
ngc3198   202.7449 13.5645  5.1471  0.1013       NaN  0.3540  0.3294  0
ngc3198   217.2681 14.5362  4.5789  0.1251       NaN  0.3366  0.3530  0
ngc3198   232.3463 15.5450  4.4386  0.0982       NaN  0.3107  0.4353  0
ngc3198   247.9909 16.5917  4.3007  0.1146       NaN  0.4014  0.4593  0
ngc3198   262.7043 17.5760  4.4148  0.0603       NaN  0.2436  0.5704  0
ngc3198   276.7895 18.5184  4.0930  0.0923       NaN  0.4093  0.6793  0
ngc3198   291.7261 19.5177  3.5195  0.0989       NaN  0.5372  1.2371  0
ngc3198   303.9125 20.3330  2.7687     NaN       NaN     NaN  1.6972  0
ngc3351     9.3402  0.4574  1.4825  0.1694  171.4886  0.1903     NaN  2
ngc3351    22.9366  1.1231  0.8610  0.2040   33.0423  0.5178     NaN  2
ngc3351    37.6663  1.8444  0.7779  0.1069   11.1142  0.3710     NaN  2
ngc3351    52.7946  2.5851  1.5792  0.1617    8.3364  0.3103     NaN  2
ngc3351    67.9940  3.3294  2.4666  0.0882    9.0907  0.2300     NaN  2
ngc3351    82.8374  4.0562  2.7135  0.1041    6.9845  0.2444     NaN  2
ngc3351    97.6082  4.7795  3.1682  0.0865    4.2007  0.2435     NaN  2
ngc3351   112.5870  5.5130  3.0186  0.1023    3.2646  0.3158     NaN  2
ngc3351   127.5713  6.2467  2.8619  0.1337    2.6898  0.2999     NaN  2
ngc3351   142.5517  6.9802  2.8939  0.1442    2.1774  0.2999     NaN  2
ngc3351   157.5191  7.7131  2.9613  0.1144    1.4256  0.3728     NaN  2
ngc3351   172.5212  8.4477  2.9877  0.1196    0.7874  0.3132     NaN  1
ngc3351   187.6680  9.1894  3.1120  0.1514       NaN  0.4028  0.6713  0
ngc3351   202.7589  9.9283  3.1936  0.1636    0.4991  0.3863     NaN  1
ngc3351   217.4437 10.6474  2.7921  0.1774       NaN  0.4047  0.7054  0
ngc3351   232.5390 11.3866  2.0593  0.1977       NaN  0.3786  0.6653  0
ngc3351   247.5229 12.1203  1.4037  0.1322       NaN  0.3797  0.7337  0
ngc3351   262.4664 12.8520  1.0028  0.1919       NaN  0.4177  0.6578  0
ngc3351   276.7828 13.5530  0.7528  0.2211       NaN  0.3209  0.6655  0
ngc3351   291.8589 14.2912  0.6430  0.2218       NaN  0.3579  0.9246  0
ngc3351   301.1796 14.7476  0.5033  0.2528       NaN  0.0996  1.9925  0
ngc3521     7.4359  0.3857  4.2878     NaN   28.0140     NaN     NaN  2
ngc3521    22.9714  1.1916  5.0710  0.0436   43.7717  0.0728     NaN  2
ngc3521    37.9515  1.9687  7.4856  0.0639   46.3455  0.0427     NaN  2
ngc3521    53.0216  2.7505  8.6066  0.0696   38.0009  0.0653     NaN  2
ngc3521    68.0359  3.5294  8.5277  0.0754   27.7956  0.1344     NaN  2
ngc3521    83.2837  4.3203  9.4147  0.1255   19.2824  0.1131     NaN  2
ngc3521    98.0016  5.0838 10.7330  0.0635   18.8239  0.1514     NaN  2
ngc3521   113.2303  5.8738 10.2277  0.0558   12.0781  0.2172     NaN  2
ngc3521   127.4075  6.6093 10.0199  0.0552    6.4011  0.3233     NaN  2
ngc3521   142.9010  7.4130  8.6387  0.0589    3.0226  0.4211     NaN  2
ngc3521   157.1588  8.1526  8.2227  0.0660    2.1508  0.3369     NaN  2
ngc3521   172.5457  8.9508  8.6035  0.0638    2.0015  0.4045     NaN  2
ngc3521   186.9405  9.6975  8.4003  0.1176    1.7780  0.3781     NaN  2
ngc3521   202.4805 10.5037  7.8985  0.1467    1.1607  0.3501     NaN  1
ngc3521   217.7035 11.2934  7.9770  0.1749    0.9359  0.3140     NaN  1
ngc3521   232.9965 12.0867  8.5104  0.1676    0.6030  0.4075     NaN  1
ngc3521   247.2036 12.8237  8.1895  0.1399       NaN  0.4278  0.4257  0
ngc3521   262.1233 13.5977  8.2049  0.1470       NaN  0.3813  0.3673  0
ngc3521   276.6572 14.3516  8.0673  0.1500       NaN  0.4180  0.4141  0
ngc3521   292.3313 15.1647  7.3428  0.1675       NaN  0.3438  0.5113  0
ngc3521   306.9070 15.9208  6.5517  0.1334       NaN  0.2634  0.5345  0
ngc3521   321.4548 16.6755  5.2377  0.0563       NaN  0.8145  0.5375  0
ngc3521   336.6878 17.4657  4.2442  0.0925       NaN  0.2824  0.5837  0
ngc3521   352.4790 18.2849  3.1566  0.1301       NaN  0.3049  0.6191  0
ngc3521   368.4243 19.1120  2.4594  0.1546       NaN  0.3250  0.6379  0
ngc3521   384.2126 19.9311  2.0085  0.4306       NaN  0.4300  0.7230  0
ngc3521   398.6955 20.6824  1.5282  0.2905       NaN  0.2982  0.8114  0
ngc3521   413.0511 21.4270  1.2094  0.3582       NaN  0.2817  1.0919  0
ngc3521   423.2534 21.9563  1.4590     NaN       NaN     NaN  2.5349  0
ngc3627     9.9038  0.4465  3.1694  0.2092  112.7229  0.1534     NaN  2
ngc3627    22.7166  1.0242  3.8514  0.0853   47.7281  0.1417     NaN  2
ngc3627    37.0545  1.6707  4.8762  0.1355   31.6105  0.1644     NaN  2
ngc3627    52.9563  2.3877  6.0415  0.1403   42.1315  0.3750     NaN  2
ngc3627    68.0716  3.0692  7.7890  0.2568   42.9566  0.4710     NaN  2
ngc3627    83.2131  3.7519  7.3486  0.2121   26.1911  0.4084     NaN  2
ngc3627    97.6409  4.4024  5.9722  0.2295   14.0200  0.3696     NaN  2
ngc3627   112.6360  5.0785  5.5220  0.2759    9.5305  0.3223     NaN  2
ngc3627   127.6886  5.7572  4.1588  0.3293    7.3400  0.5737     NaN  2
ngc3627   142.7095  6.4344  3.3473  0.5109    6.4251  0.7381     NaN  2
ngc3627   158.0214  7.1248  2.6864  0.5407    4.7945  0.6080     NaN  2
ngc3627   172.5511  7.7799  1.8504  0.4763    2.6407  0.4581     NaN  2
ngc3627   187.7342  8.4645  1.2099  0.3423       NaN  0.3403  1.1363  0
ngc3627   202.2480  9.1189  0.9111  0.2465       NaN  0.4549  1.0405  0
ngc3627   217.6185  9.8119  0.6597  0.2806       NaN  0.4092  0.8672  0
ngc3627   232.3131 10.4745  0.3581  0.4279       NaN  0.4339  1.0623  0
ngc3627   246.9500 11.1344  0.2145  0.6089       NaN  0.4093  1.0319  0
ngc3627   261.7813 11.8031  0.1778  0.5841       NaN  0.4818  1.3550  0
ngc3627   277.1091 12.4942  0.1399  0.5138       NaN  0.3688  1.4318  0
ngc3627   292.5049 13.1884  0.1552  0.6861       NaN  0.2935  1.5600  0
ngc3627   307.2150 13.8516  0.1504  0.9336       NaN  0.4174  1.8760  0
ngc3627   322.2165 14.5280  0.1513  0.8619       NaN  0.3217  2.0610  0
ngc3627   337.0336 15.1961  0.1507  0.9664       NaN  0.2500  2.7268  0
ngc3627   351.9373 15.8680  0.1238  0.7969       NaN  0.4273  3.3613  0
ngc3627   367.7790 16.5823  0.0962  2.3291       NaN  0.4948  3.3925  0
ngc3627   382.3920 17.2412  0.1110  1.9663       NaN  0.4200  4.4414  0
ngc3627   397.4002 17.9179  0.1417  0.1193       NaN  0.8903  4.6592  0
ngc3627   411.6009 18.5581  0.0871  0.3066       NaN  0.3651  6.0510  0
ngc3627   427.0825 19.2562  0.0000     NaN       NaN     NaN  7.8193  0
ngc3938     9.6199  0.5690  2.9059  0.1019   39.3636  0.0588     NaN  2
ngc3938    23.6057  1.3962  4.2300  0.0909   25.5952  0.0875     NaN  2
ngc3938    38.0749  2.2520  6.2918  0.0883   18.4357  0.1267     NaN  2
ngc3938    53.0116  3.1355  7.9712  0.0790   13.7945  0.1443     NaN  2
ngc3938    67.9520  4.0192  8.4322  0.0853    8.2085  0.2182     NaN  2
ngc3938    82.6238  4.8870  8.5185  0.1058    3.9787  0.2389     NaN  2
ngc3938    97.6271  5.7744  8.3727  0.0889    1.9304  0.2490     NaN  2
ngc3938   112.7366  6.6681  8.2238  0.1302    0.9334  0.3041     NaN  1
ngc3938   127.7041  7.5533  7.5264  0.1414       NaN  0.3754  0.7918  0
ngc3938   142.7001  8.4403  6.3964  0.1682       NaN  0.4237  0.7514  0
ngc3938   157.7072  9.3280  5.3568  0.1658       NaN  0.4525  0.7785  0
ngc3938   172.2949 10.1908  3.0004  0.2027       NaN  0.3544  0.7759  0
ngc3938   187.1015 11.0665  1.6773  0.2515       NaN  0.3509  0.8462  0
ngc3938   201.8445 11.9385  1.8412  0.3613       NaN  0.3769  1.1746  0
ngc3938   212.6926 12.5802  1.5576  0.3835       NaN  0.2448  1.5616  0
ngc4214    10.1669  0.1429 17.9858  0.0358    7.6761  0.3207     NaN  2
ngc4214    23.5307  0.3308 14.0088  0.1139    2.4557  0.4011     NaN  1
ngc4214    37.7781  0.5311 11.5294  0.1541    1.8324  0.3795     NaN  1
ngc4214    52.8087  0.7425 11.7802  0.2674    2.1336  0.4966     NaN  2
ngc4214    67.9377  0.9552 11.7239  0.2910    2.1988  0.3917     NaN  2
ngc4214    82.6701  1.1623  9.9485  0.2580       NaN  0.4587  1.2236  0
ngc4214    97.5798  1.3719  7.7732  0.3006       NaN  0.4109  0.9737  0
ngc4214   112.6581  1.5839  6.3194  0.3722       NaN  0.4649  0.8659  0
ngc4214   127.6720  1.7950  6.1687  0.3197       NaN  0.3859  0.8776  0
ngc4214   142.2502  2.0000  6.5286  0.3209       NaN  0.3252  0.9372  0
ngc4214   157.1723  2.2098  7.2901  0.2586       NaN  0.3559  0.9135  0
ngc4214   172.2549  2.4218  6.9749  0.2297       NaN  0.3837  0.9061  0
ngc4214   187.2502  2.6327  6.0288  0.2158       NaN  0.4110  0.9445  0
ngc4214   201.7138  2.8360  5.4458  0.2966       NaN  0.4368  1.1643  0
ngc4214   215.7026  3.0327  6.3397  0.2146       NaN  0.2774  2.0239  0
ngc4214   228.6326  3.2145  8.8756  0.1014       NaN  0.3741  4.2122  0
ngc4254     9.9379  0.9636  7.9941  0.0197  166.2552  0.0718     NaN  2
ngc4254    23.1841  2.2480  9.2328  0.0642  114.6141  0.1307     NaN  2
ngc4254    38.0349  3.6880 11.6904  0.0443   76.8077  0.1375     NaN  2
ngc4254    52.8029  5.1199 12.6057  0.0725   47.6025  0.1320     NaN  2
ngc4254    67.8907  6.5829 13.0168  0.0719   30.0926  0.2284     NaN  2
ngc4254    83.0331  8.0511 12.6041  0.1371   19.5171  0.2504     NaN  2
ngc4254    97.7509  9.4782 12.0276  0.1627   10.1778  0.4595     NaN  2
ngc4254   112.6955 10.9273 11.0201  0.1521    6.5726  0.4788     NaN  2
ngc4254   127.6378 12.3761  9.4527  0.2746    4.4618  0.6822     NaN  2
ngc4254   142.7207 13.8386  7.8399  0.3281    2.5386  0.4504     NaN  2
ngc4254   157.6866 15.2897  5.4035  0.4846    1.3525  0.3850     NaN  2
ngc4254   172.6308 16.7388  4.2250  0.5431    1.0440  0.4032     NaN  1
ngc4254   187.5304 18.1835  2.9614  0.5552    0.7904  0.4349     NaN  1
ngc4254   202.6415 19.6487  2.0162  0.5758       NaN  0.4067  0.6136  0
ngc4254   217.4818 21.0876  1.3826  0.6467       NaN  0.3726  0.6329  0
ngc4254   232.2552 22.5201  0.7626  1.0710       NaN  0.4005  0.7162  0
ngc4254   247.1178 23.9612  0.4160  1.4126       NaN  0.3655  0.7794  0
ngc4254   261.9006 25.3946  0.4099     Inf       NaN  0.4384  1.0542  0
ngc4254   277.3683 26.8944  0.5264     Inf       NaN  0.2415  1.5664  0
ngc4254   292.0502 28.3180  0.4961     Inf       NaN  0.4612  1.7643  0
ngc4254   306.5695 29.7258  0.3515  1.5393       NaN  0.4535  2.2914  0
ngc4254   322.0244 31.2244  0.3610  0.7723       NaN  0.1295  2.4220  0
ngc4254   335.8625 32.5662  0.3040  0.6569       NaN  0.5430  3.7734  0
ngc4321     9.5780  0.6640  7.5692  0.0941  303.6317  0.1727     NaN  2
ngc4321    23.1337  1.6038  5.0702  0.1462   84.5548  0.2562     NaN  2
ngc4321    38.0025  2.6346  4.5189  0.1432   32.3999  0.1623     NaN  2
ngc4321    53.0193  3.6757  5.3807  0.1006   30.9987  0.1966     NaN  2
ngc4321    67.9669  4.7120  6.8633  0.1369   28.1340  0.2862     NaN  2
ngc4321    82.8086  5.7410  6.8034  0.1340   18.5192  0.2622     NaN  2
ngc4321    97.6006  6.7665  6.8852  0.1134   12.3850  0.3677     NaN  2
ngc4321   112.6915  7.8127  7.2665  0.1149    9.7522  0.3109     NaN  2
ngc4321   127.5550  8.8432  7.1583  0.1667    7.7249  0.2868     NaN  2
ngc4321   142.4619  9.8766  6.4815  0.1936    5.3476  0.3148     NaN  2
ngc4321   157.5324 10.9215  5.2631  0.2991    3.7133  0.3962     NaN  2
ngc4321   172.6792 11.9716  3.8712  0.3570    2.0369  0.3760     NaN  2
ngc4321   187.6128 13.0069  2.5410  0.3815    1.0364  0.4092     NaN  1
ngc4321   202.6746 14.0511  1.5161  0.4184       NaN  0.4076  0.6263  0
ngc4321   217.3951 15.0716  1.0300  0.4737       NaN  0.3607  0.6754  0
ngc4321   232.1629 16.0955  0.7278  0.4699       NaN  0.4013  0.6474  0
ngc4321   247.3584 17.1490  0.4514  0.7315       NaN  0.3594  0.6345  0
ngc4321   262.3546 18.1886  0.1448  1.5669       NaN  0.3019  0.7299  0
ngc4321   276.8252 19.1918  0.1103     Inf       NaN  0.3968  0.9829  0
ngc4321   292.1790 20.2563  0.0731     Inf       NaN  0.3573  1.2556  0
ngc4321   306.9366 21.2794 -0.0011     Inf       NaN  0.5411  1.4301  0
ngc4321   321.7476 22.3062  0.0000     NaN       NaN  0.4431  2.1996  0
ngc4321   336.3721 23.3201  0.0000     NaN       NaN  0.0000  6.5871  0
ngc4536     8.3766  0.5889 -0.4314  0.1850  199.0021  0.1998     NaN  2
ngc4536    22.5027  1.5819  8.3525  0.1828   39.3890  0.5468     NaN  2
ngc4536    37.5997  2.6432  9.5414  0.0828    7.6962  0.4447     NaN  2
ngc4536    52.8711  3.7167  9.3644  0.1198    5.0123  0.3567     NaN  2
ngc4536    67.8020  4.7663  8.9528  0.1151    5.0427  0.2022     NaN  2
ngc4536    82.4513  5.7962  9.4158  0.1149    2.8781  0.4191     NaN  2
ngc4536    97.8506  6.8787  8.8548  0.1675       NaN  0.3653  1.0916  0
ngc4536   113.1232  7.9523  8.4022  0.1869    1.7026  0.3302     NaN  1
ngc4536   127.8841  8.9900  8.2047  0.1597    1.0376  0.2957     NaN  1
ngc4536   142.8343 10.0410  7.4527  0.1505       NaN  0.3121  0.7203  0
ngc4536   157.5777 11.0774  6.8835  0.1859       NaN  0.3153  0.7078  0
ngc4536   172.4886 12.1256  6.5042  0.1622       NaN  0.3871  0.6066  0
ngc4536   187.5771 13.1863  4.7594  0.2686       NaN  0.3797  0.6879  0
ngc4536   202.6639 14.2469  4.3608  0.3958       NaN  0.2908  0.6433  0
ngc4536   217.1110 15.2625  3.4705  0.3765       NaN  0.3676  0.6190  0
ngc4536   231.8770 16.3005  1.8508  0.5428       NaN  0.4122  0.7657  0
ngc4536   246.7138 17.3435  1.2255  0.4046       NaN  0.3134  0.9846  0
ngc4536   261.1132 18.3557  0.5647  0.4941       NaN  0.4889  1.1512  0
ngc4536   275.1274 19.3409 -0.1539  0.2062       NaN  0.2702  1.5131  0
ngc4536   289.2121 20.3310  0.0275  0.5385       NaN  0.1063  3.2344  0
ngc4559     8.2847  0.4647  9.5878     NaN       NaN     NaN  2.5870  0
ngc4559    21.9553  1.2315  8.8117  0.0894    4.0730  0.4578     NaN  1
ngc4559    37.0689  2.0793  9.2706  0.0686    3.4285  0.2075     NaN  1
ngc4559    52.5918  2.9500 11.4438  0.0746    2.2344  0.2537     NaN  1
ngc4559    67.9459  3.8113 11.8817  0.0701    1.6017  0.1764     NaN  1
ngc4559    82.9221  4.6513 10.7477  0.0860       NaN  0.3638  0.8037  0
ngc4559    97.4086  5.4639 10.5433  0.0723       NaN  0.3447  0.6202  0
ngc4559   112.2842  6.2983 11.1632  0.0777       NaN  0.4073  0.6674  0
ngc4559   127.4800  7.1507 10.9928  0.1025       NaN  0.5036  0.5994  0
ngc4559   142.6817  8.0034 10.5281  0.1458       NaN  0.2850  0.5920  0
ngc4559   157.6751  8.8445 10.8271  0.1052       NaN  0.3503  0.5204  0
ngc4559   172.7185  9.6883  9.7368  0.0742       NaN  0.3702  0.4963  0
ngc4559   187.4588 10.5151  9.4377  0.1071       NaN  0.3406  0.5699  0
ngc4559   202.0394 11.3330  9.5937  0.1210       NaN  0.3505  0.4697  0
ngc4559   217.2996 12.1890  9.5050  0.1491       NaN  0.5030  0.4705  0
ngc4559   232.5772 13.0459  8.5198  0.1271       NaN  0.4727  0.4607  0
ngc4559   247.2834 13.8708  8.3655  0.1165       NaN  0.3420  0.5196  0
ngc4559   262.0800 14.7008  7.9797  0.1539       NaN  0.3235  0.5185  0
ngc4559   277.4413 15.5625  7.3730  0.1664       NaN  0.4305  0.5270  0
ngc4559   292.6717 16.4168  5.8958  0.1461       NaN  0.3286  0.5413  0
ngc4559   307.4738 17.2471  5.0568  0.1583       NaN  0.3455  0.5668  0
ngc4559   322.3901 18.0838  4.8567  0.1749       NaN  0.3545  0.6195  0
ngc4559   337.7670 18.9463  4.6079  0.1884       NaN  0.3772  0.7174  0
ngc4559   352.1911 19.7554  4.1495  0.1283       NaN  0.3697  0.6268  0
ngc4559   367.0562 20.5893  3.5821  0.1252       NaN  0.3513  0.7502  0
ngc4559   382.4718 21.4540  3.2409  0.1194       NaN  0.6531  0.9588  0
ngc4559   396.5674 22.2446  3.2465  0.1385       NaN  0.4413  1.1253  0
ngc4559   405.4550 22.7432  2.7255  0.1478       NaN  0.0128  1.9015  0
ngc4569     8.6251  0.8363  6.7646     NaN  202.1563     NaN     NaN  2
ngc4569    23.5191  2.2805  5.6671  0.0889   55.9566  0.1420     NaN  2
ngc4569    37.5989  3.6457  5.1386  0.0999   31.5515  0.1118     NaN  2
ngc4569    52.7958  5.1192  4.3812  0.1668   25.4025  0.1968     NaN  2
ngc4569    68.2896  6.6216  2.6027  0.2046   15.0858  0.3847     NaN  2
ngc4569    82.5326  8.0026  1.1295  0.3234    5.2274  0.6564     NaN  2
ngc4569    97.5718  9.4608  0.6638  0.4417       NaN  0.4072  1.0849  0
ngc4569   112.5833 10.9164  0.4609  0.5025       NaN  0.4615  1.1872  0
ngc4569   127.2283 12.3364  0.2941  0.5079       NaN  0.3632  0.8977  0
ngc4569   142.4953 13.8167  0.3833  0.3817       NaN  0.3429  0.9550  0
ngc4569   157.8020 15.3009  0.1053     Inf       NaN  0.2819  1.2918  0
ngc4569   172.3772 16.7142 -0.0060     Inf       NaN  0.5131  1.1055  0
ngc4569   187.7228 18.2021 -0.0090     Inf       NaN  0.2076  1.3993  0
ngc4569   202.3117 19.6167 -0.0147     Inf       NaN  0.4127  1.8480  0
ngc4569   217.4425 21.0838 -0.0065     Inf       NaN  0.0000  3.0488  0
ngc4569   232.5001 22.5438 -0.0000     Inf       NaN  0.0000  3.3307  0
ngc4579    10.4917  1.0478  0.9885  0.1531   97.2291  0.2516     NaN  2
ngc4579    23.5605  2.3530  1.2839  0.1481   19.4649  0.6130     NaN  2
ngc4579    37.9380  3.7889  1.8442  0.1278   12.8215  0.3997     NaN  2
ngc4579    53.0524  5.2984  2.6523  0.1179   13.5042  0.2493     NaN  2
ngc4579    67.7740  6.7687  3.2916  0.0714   13.1888  0.3347     NaN  2
ngc4579    82.7541  8.2648  3.0793  0.0952    7.9769  0.3573     NaN  2
ngc4579    97.6194  9.7494  2.4089  0.1200    3.8568  0.3202     NaN  2
ngc4579   112.4147 11.2270  1.5742  0.1817    1.3339  0.3792     NaN  1
ngc4579   127.4739 12.7310  0.9075  0.1584       NaN  0.3897  0.6792  0
ngc4579   142.4156 14.2233  0.4414  0.2362       NaN  0.4145  0.7568  0
ngc4579   157.5164 15.7314  0.2142  0.3559       NaN  0.4184  0.7257  0
ngc4579   172.1751 17.1954  0.0628  0.4642       NaN  0.3162  0.6641  0
ngc4579   186.6965 18.6457  0.0300  1.2666       NaN  0.3869  0.7491  0
ngc4579   195.2408 19.4990 -0.0061     Inf       NaN  0.4829  3.4028  0
ngc4625     9.8297  0.4527  5.4045  0.0482    5.4147  0.2191     NaN  1
ngc4625    23.2231  1.0696  5.5501  0.0678    2.7616  0.2675     NaN  2
ngc4625    38.1436  1.7568  4.4747  0.2039    1.2338  0.2045     NaN  1
ngc4625    53.3787  2.4585  3.4061  0.1939       NaN  0.3609  1.1728  0
ngc4625    68.1723  3.1398  3.1416  0.1355       NaN  0.3486  0.9571  0
ngc4625    78.9323  3.6354  3.0433  0.1477       NaN  0.2278  1.1826  0
ngc4725    10.5364  0.4751  2.5498  0.2779   26.7395  0.0980     NaN  2
ngc4725    22.6700  1.0221  2.1649  0.1477   13.4310  0.2402     NaN  2
ngc4725    37.6697  1.6984  0.9186  0.2775    3.8748  0.3744     NaN  1
ngc4725    52.9148  2.3858  0.9805  0.2833       NaN  0.4247  1.1102  0
ngc4725    67.6029  3.0481  1.0013  0.5244       NaN  0.4760  0.8450  0
ngc4725    82.5920  3.7239  1.0673  0.2971    0.9904  0.3518     NaN  1
ngc4725    97.3596  4.3897  1.4549  0.2472    1.6741  0.4256     NaN  1
ngc4725   112.7549  5.0839  3.0786  0.2366    4.5614  0.2773     NaN  2
ngc4725   127.5613  5.7514  4.8128  0.1499    4.7900  0.4884     NaN  2
ngc4725   142.8678  6.4416  5.2279  0.1679    2.8824  0.3843     NaN  2
ngc4725   157.8548  7.1173  5.1193  0.1310    1.8417  0.3717     NaN  2
ngc4725   172.7778  7.7902  4.5318  0.1759    1.5351  0.3823     NaN  1
ngc4725   187.6242  8.4595  3.9521  0.1948       NaN  0.3776  0.6092  0
ngc4725   202.2402  9.1185  3.1947  0.2069       NaN  0.4466  0.5593  0
ngc4725   217.5307  9.8080  2.7390  0.2054       NaN  0.4129  0.5516  0
ngc4725   232.5899 10.4869  2.5841  0.2261       NaN  0.3596  0.5017  0
ngc4725   247.5553 11.1617  2.3420  0.1725       NaN  0.4268  0.5295  0
ngc4725   262.5215 11.8365  2.6638  0.2054       NaN  0.3971  0.4683  0
ngc4725   277.3757 12.5062  3.2729  0.3239       NaN  0.3512  0.4528  0
ngc4725   292.2542 13.1771  3.6818  0.3335       NaN  0.3404  0.5156  0
ngc4725   307.3014 13.8555  3.1247  0.3388       NaN  0.4048  0.5375  0
ngc4725   322.4683 14.5393  2.2138  0.2520       NaN  0.4492  0.5511  0
ngc4725   337.2006 15.2036  1.7633  0.2989       NaN  0.4728  0.7020  0
ngc4725   352.2561 15.8824  1.4091  0.2835       NaN  0.3834  0.5959  0
ngc4725   366.9287 16.5440  0.9542  0.2631       NaN  0.3856  0.8181  0
ngc4725   381.9382 17.2207  0.7658  0.4454       NaN  0.3354  0.9131  0
ngc4725   396.8749 17.8942  0.7671  0.4057       NaN  0.4685  1.5241  0
ngc4725   411.3213 18.5455  0.3368  0.6461       NaN  0.5575  2.5748  0
ngc4725   422.7247 19.0597 -0.0468     NaN       NaN     NaN  6.4718  0
ngc4736    10.3879  0.2367  3.6328  0.0202  172.3790  0.1045     NaN  2
ngc4736    23.9766  0.5463  5.8401  0.0827   79.1626  0.1962     NaN  2
ngc4736    38.2116  0.8707 11.3164  0.1188   58.9999  0.1187     NaN  2
ngc4736    52.7852  1.2028 11.8486  0.1064   42.4866  0.2268     NaN  2
ngc4736    67.5252  1.5386  7.5010  0.1478   17.8794  0.3701     NaN  2
ngc4736    82.7449  1.8854  5.7646  0.0871    9.7323  0.4098     NaN  2
ngc4736    97.6581  2.2253  4.7929  0.1327    6.3506  0.3102     NaN  2
ngc4736   112.6054  2.5659  4.1722  0.1115    4.5411  0.2918     NaN  2
ngc4736   127.7459  2.9109  3.6005  0.1370    3.5810  0.2743     NaN  2
ngc4736   142.7058  3.2517  3.4329  0.2528    2.7053  0.3890     NaN  2
ngc4736   157.4120  3.5868  2.7323  0.2077    2.3911  0.3009     NaN  2
ngc4736   172.1380  3.9224  2.3264  0.1883    1.7860  0.3407     NaN  2
ngc4736   187.3132  4.2682  1.6390  0.2065    0.9590  0.4192     NaN  1
ngc4736   202.5751  4.6159  1.2418  0.2068       NaN  0.3123  0.9895  0
ngc4736   217.5831  4.9579  1.1043  0.2452       NaN  0.4285  0.9948  0
ngc4736   232.4989  5.2978  1.1672  0.3171       NaN  0.3989  1.1083  0
ngc4736   247.5716  5.6412  1.3947  0.2802       NaN  0.4454  1.1708  0
ngc4736   262.7810  5.9878  1.6736  0.2963       NaN  0.3742  0.9614  0
ngc4736   277.7466  6.3288  2.0968  0.3621       NaN  0.3839  1.0785  0
ngc4736   292.4615  6.6641  2.6132  0.4511    0.9870  0.3661     NaN  1
ngc4736   307.3250  7.0028  2.8138  0.4503    1.5108  0.3590     NaN  2
ngc4736   319.9677  7.2909  2.2488  0.3103    1.6296  0.3821     NaN  2
ngc5055    10.1292  0.4960  5.6597  0.0572  146.9742  0.1270     NaN  2
ngc5055    24.0190  1.1761  5.9766  0.0602   71.2474  0.1241     NaN  2
ngc5055    38.3314  1.8769  5.8513  0.0452   46.7336  0.0528     NaN  2
ngc5055    52.5246  2.5719  6.4783  0.0782   39.8093  0.0750     NaN  2
ngc5055    67.7129  3.3156  6.2654  0.0741   27.9099  0.1356     NaN  2
ngc5055    82.5952  4.0444  6.2742  0.0873   20.4962  0.1267     NaN  2
ngc5055    98.0972  4.8034  7.4109  0.1277   20.6256  0.1637     NaN  2
ngc5055   113.0879  5.5375  8.5504  0.1133   20.4753  0.1871     NaN  2
ngc5055   127.6827  6.2521  8.4867  0.0998   14.3192  0.1628     NaN  2
ngc5055   142.3592  6.9708  8.4988  0.0952   11.8549  0.1376     NaN  2
ngc5055   157.1064  7.6929  8.5272  0.0941   11.5369  0.1905     NaN  2
ngc5055   172.3877  8.4412  7.9779  0.0769    8.5100  0.2698     NaN  2
ngc5055   187.6181  9.1869  7.4112  0.1054    6.0349  0.2043     NaN  2
ngc5055   202.8512  9.9328  7.1738  0.1510    4.0033  0.3245     NaN  2
ngc5055   217.3858 10.6446  7.2455  0.2474    3.1159  0.3538     NaN  2
ngc5055   232.4109 11.3803  7.3565  0.2527    2.4745  0.4102     NaN  2
ngc5055   247.5028 12.1193  6.6274  0.1689    2.5168  0.2506     NaN  2
ngc5055   262.4059 12.8490  6.3479  0.1571    1.3806  0.3806     NaN  1
ngc5055   277.3238 13.5795  5.9310  0.1840    1.6489  0.3030     NaN  1
ngc5055   292.3473 14.3151  5.2015  0.1622       NaN  0.3616  1.0735  0
ngc5055   307.5012 15.0572  5.0523  0.1938    1.4333  0.4012     NaN  1
ngc5055   322.2613 15.7799  4.9215  0.2061    1.3256  0.3567     NaN  1
ngc5055   337.5630 16.5292  3.9750  0.2650       NaN  0.3552  1.1354  0
ngc5055   350.3617 17.1559  3.6998  0.3991       NaN  0.3885  1.3261  0
ngc5194    10.1368  0.3932  4.2568  0.1125  257.1873  0.0537     NaN  2
ngc5194    23.3508  0.9057  6.4651  0.0812  246.8013  0.1451     NaN  2
ngc5194    38.1184  1.4784  6.3493  0.1206  156.0461  0.2530     NaN  2
ngc5194    52.9654  2.0543  6.5563  0.1765   97.1003  0.3420     NaN  2
ngc5194    67.6854  2.6252  7.4412  0.2308   74.4708  0.3002     NaN  2
ngc5194    82.6767  3.2066  6.5017  0.1919   46.2878  0.2273     NaN  2
ngc5194    97.7091  3.7897  6.7226  0.1518   33.0067  0.2634     NaN  2
ngc5194   112.6602  4.3695  8.6142  0.1845   36.0793  0.4325     NaN  2
ngc5194   127.5612  4.9475 11.3354  0.1348   38.7788  0.3867     NaN  2
ngc5194   142.4925  5.5266 12.0828  0.1280   29.9717  0.3404     NaN  2
ngc5194   157.5388  6.1102 10.7242  0.1933   16.6995  0.3297     NaN  2
ngc5194   172.5243  6.6914  9.1400  0.2593    9.9047  0.4368     NaN  2
ngc5194   187.5857  7.2755  7.9716  0.2571    6.8271  0.4194     NaN  2
ngc5194   202.6184  7.8586  7.5395  0.3091    4.9498  0.4278     NaN  2
ngc5194   217.6592  8.4419  6.5786  0.4189    3.3224  0.4677     NaN  2
ngc5194   232.4457  9.0154  5.9636  0.4047    2.9435  0.4920     NaN  2
ngc5194   247.5817  9.6025  4.8740  0.2967    3.1168  0.4359     NaN  2
ngc5194   262.5039 10.1812  4.2539  0.2558    2.5041  0.4589     NaN  2
ngc5194   277.6234 10.7676  3.5107  0.3561    1.1726  0.4176     NaN  1
ngc5194   292.6386 11.3500  3.0077  0.4762       NaN  0.3948  0.9997  0
ngc5194   307.4406 11.9241  2.4928  0.6057       NaN  0.3592  1.0809  0
ngc5194   322.5883 12.5116  1.7092  0.6063       NaN  0.3576  1.0339  0
ngc5194   337.4566 13.0883  1.2143  0.5961       NaN  0.4157  0.9807  0
ngc5194   352.2290 13.6613  1.0397  0.5001       NaN  0.4007  1.3656  0
ngc5194   367.3808 14.2489  0.8859  0.4307       NaN  0.4110  1.3710  0
ngc5194   382.0191 14.8166  0.6637  0.4809       NaN  0.5206  1.4674  0
ngc5194   397.2380 15.4069  0.4344  0.5264       NaN  0.4095  2.0147  0
ngc5194   412.2762 15.9902  0.2500  0.4819       NaN  0.4017  2.0159  0
ngc5194   426.9359 16.5587  0.1179  0.5133       NaN  0.4458  2.2386  0
ngc5194   441.9964 17.1429  0.0645  0.6837       NaN  0.4568  2.7282  0
ngc5457    10.1147  0.3629  0.8015  0.1202   96.6828  0.1898     NaN  2
ngc5457    23.5203  0.8438  0.7156  0.1386   30.1237  0.2514     NaN  2
ngc5457    38.2239  1.3713  1.2531  0.1869   21.4808  0.1863     NaN  2
ngc5457    52.6461  1.8887  2.3719  0.1551   22.9731  0.1496     NaN  2
ngc5457    67.7084  2.4291  3.1192  0.1781   20.8086  0.2459     NaN  2
ngc5457    82.5300  2.9609  3.2414  0.2245   17.7866  0.2939     NaN  2
ngc5457    97.4907  3.4976  3.8773  0.2109   16.8571  0.2353     NaN  2
ngc5457   112.6465  4.0413  5.1746  0.2093   16.0792  0.2912     NaN  2
ngc5457   127.6177  4.5784  5.2875  0.2010   13.4817  0.2630     NaN  2
ngc5457   142.6702  5.1185  5.4039  0.2470   12.4818  0.3244     NaN  2
ngc5457   157.7152  5.6582  5.8431  0.1988   11.0381  0.3308     NaN  2
ngc5457   172.7055  6.1960  5.4090  0.2419    8.5836  0.3399     NaN  2
ngc5457   187.5899  6.7300  6.1255  0.2428    7.7366  0.3421     NaN  2
ngc5457   202.6174  7.2691  7.5338  0.2762    7.4953  0.3475     NaN  2
ngc5457   217.6070  7.8069  8.0122  0.2541    7.3614  0.3725     NaN  2
ngc5457   232.6661  8.3472  8.0584  0.2934    6.4437  0.4518     NaN  2
ngc5457   247.6633  8.8852  8.0768  0.3809    4.6876  0.3833     NaN  2
ngc5457   262.6776  9.4239  7.5501  0.3333    2.7317  0.4357     NaN  2
ngc5457   277.5604  9.9578  7.9609  0.3314    2.3574  0.3761     NaN  2
ngc5457   292.6214 10.4981  7.6287  0.4344    2.6352  0.3804     NaN  2
ngc5457   307.4561 11.0304  7.7487  0.4109    1.4800  0.4082     NaN  1
ngc5457   322.5572 11.5721  7.3174  0.2896    1.0563  0.3998     NaN  1
ngc5457   337.5380 12.1096  6.8658  0.2529       NaN  0.3711  0.9627  0
ngc5457   352.5642 12.6487  6.6523  0.2409       NaN  0.4581  1.0291  0
ngc5457   367.6214 13.1889  6.6246  0.3310       NaN  0.3754  1.0223  0
ngc5457   382.6127 13.7267  6.3435  0.4035       NaN  0.3825  0.9140  0
ngc5457   397.4839 14.2602  6.6016  0.4471       NaN  0.3564  0.8991  0
ngc5457   412.6004 14.8026  7.1971  0.4283       NaN  0.3781  0.9553  0
ngc5457   427.4073 15.3338  7.6916  0.3986       NaN  0.3816  0.9594  0
ngc5457   442.4709 15.8742  7.9031  0.3780       NaN  0.3627  0.7098  0
ngc5713    10.4274  1.3397 14.6980  0.0514  150.8921  0.1522     NaN  2
ngc5713    23.5605  3.0269 16.3498  0.0820   69.4531  0.2753     NaN  2
ngc5713    38.1890  4.9064 14.3816  0.0866   28.6477  0.3765     NaN  2
ngc5713    52.4339  6.7365  8.9001  0.1620    9.9790  0.5142     NaN  2
ngc5713    67.5167  8.6742  4.9360  0.2881    3.5934  0.3689     NaN  1
ngc5713    82.5518 10.6059  3.1450  0.3865       NaN  0.3353  1.0200  0
ngc5713    97.6207 12.5419  2.1144  0.3679       NaN  0.3792  0.9290  0
ngc5713   112.4077 14.4416  1.5974  0.2930       NaN  0.3852  0.9044  0
ngc5713   127.0325 16.3206  1.5518  0.3387       NaN  0.3930  0.9092  0
ngc5713   142.2392 18.2743  1.8286  0.3815       NaN  0.4421  0.9766  0
ngc5713   156.9683 20.1666  1.0291  0.3704       NaN  0.4560  1.0865  0
ngc5713   170.2963 21.8789  0.9367  0.4237       NaN  0.2988  1.4903  0
ngc6946    10.0010  0.2861  5.0914  0.2030  864.8464  0.1795     NaN  2
ngc6946    23.6409  0.6762  7.0778  0.1254  268.3333  0.2363     NaN  2
ngc6946    37.8849  1.0837  6.5066  0.1236  108.4647  0.2179     NaN  2
ngc6946    52.7005  1.5074  5.8422  0.1324   58.2058  0.1378     NaN  2
ngc6946    67.7494  1.9379  6.1917  0.0960   48.2611  0.1246     NaN  2
ngc6946    82.7012  2.3656  6.6852  0.1010   41.0560  0.1588     NaN  2
ngc6946    97.7599  2.7963  7.6632  0.0825   39.2716  0.1618     NaN  2
ngc6946   112.7593  3.2254  8.0895  0.1136   33.0230  0.1894     NaN  2
ngc6946   127.7104  3.6530  8.4819  0.1446   28.9548  0.2236     NaN  2
ngc6946   142.5948  4.0788  8.6016  0.1515   27.8068  0.3104     NaN  2
ngc6946   157.6356  4.5090  8.5734  0.1950   23.1604  0.2853     NaN  2
ngc6946   172.6887  4.9396  9.0567  0.1644   18.7852  0.3161     NaN  2
ngc6946   187.5413  5.3644  9.2393  0.1711   14.2916  0.4151     NaN  2
ngc6946   202.5889  5.7949  9.4601  0.1710   11.7278  0.4007     NaN  2
ngc6946   217.5460  6.2227  9.9919  0.1435    9.7216  0.3733     NaN  2
ngc6946   232.6176  6.6538  9.7057  0.1548    7.6845  0.3566     NaN  2
ngc6946   247.6347  7.0833  8.7552  0.1636    5.7791  0.4014     NaN  2
ngc6946   262.5168  7.5090  7.7569  0.2463    4.7831  0.3917     NaN  2
ngc6946   277.5302  7.9385  7.9306  0.2896    3.6377  0.3714     NaN  2
ngc6946   292.5582  8.3683  7.2889  0.2286    2.4342  0.3938     NaN  2
ngc6946   307.4551  8.7945  6.5320  0.1971    1.6991  0.3829     NaN  2
ngc6946   322.4164  9.2224  5.8048  0.2033    1.0490  0.3168     NaN  1
ngc6946   337.5983  9.6567  5.0906  0.1955    1.1775  0.3376     NaN  1
ngc6946   352.5688 10.0849  4.6596  0.2100       NaN  0.3642  0.6818  0
ngc6946   367.3034 10.5064  4.4310  0.2608       NaN  0.3722  0.7275  0
ngc6946   382.4729 10.9403  4.4170  0.2928       NaN  0.3481  0.7254  0
ngc6946   397.2053 11.3617  4.2188  0.2651       NaN  0.3910  0.8465  0
ngc6946   412.3071 11.7936  4.8015  0.2433       NaN  0.3726  0.9138  0
ngc6946   427.3506 12.2239  5.2142  0.2525       NaN  0.3238  1.0258  0
ngc6946   439.7945 12.5799  5.0834  0.2812       NaN  0.4029  1.1968  0
ngc7331     7.0686  0.5038  3.5758     NaN   20.5447     NaN     NaN  2
ngc7331    23.2186  1.6547  3.5398  0.1532   25.4192  0.0902     NaN  2
ngc7331    37.8367  2.6965  4.8226  0.1209   34.0389  0.0680     NaN  2
ngc7331    52.8331  3.7653  5.7767  0.0287   32.7006  0.0872     NaN  2
ngc7331    67.5691  4.8155  6.4845  0.0600   22.6473  0.1357     NaN  2
ngc7331    83.1260  5.9242  6.6255  0.0505   15.2601  0.2269     NaN  2
ngc7331    98.5188  7.0212  7.6050  0.1280    8.3162  0.2166     NaN  2
ngc7331   113.4309  8.0839  8.3368  0.0889    6.2510  0.2065     NaN  2
ngc7331   128.1481  9.1328  8.0336  0.1079    4.0344  0.2376     NaN  2
ngc7331   142.9421 10.1871  8.5571  0.1272    3.1395  0.2986     NaN  2
ngc7331   157.9843 11.2592  8.3231  0.0896    1.9965  0.3956     NaN  2
ngc7331   172.5206 12.2951  7.5690  0.1417    1.3969  0.5053     NaN  1
ngc7331   187.5110 13.3635  6.9822  0.1190    0.9063  0.3590     NaN  1
ngc7331   202.0983 14.4031  7.0335  0.0839    0.8691  0.2908     NaN  2
ngc7331   217.5389 15.5035  7.0021  0.0919    0.9247  0.3133     NaN  2
ngc7331   232.5025 16.5699  7.0744  0.1201    1.0109  0.4164     NaN  2
ngc7331   247.9974 17.6742  6.6670  0.1505    0.7628  0.3041     NaN  2
ngc7331   263.0254 18.7452  6.3470  0.1132    0.5729  0.4237     NaN  1
ngc7331   277.8779 19.8037  5.7426  0.1398    0.4000  0.3809     NaN  1
ngc7331   292.7601 20.8643  4.4997  0.2706       NaN  0.3136  0.3051  0
ngc7331   307.4480 21.9111  3.4298  0.2605       NaN  0.3619  0.3077  0
ngc7331   322.5794 22.9895  2.6378  0.2750       NaN  0.1852  0.3150  0
ngc7331   336.5511 23.9852  1.9953  0.2595       NaN  0.2720  0.3438  0
ngc7331   352.4424 25.1177  1.3179  0.1712       NaN  0.3246  0.3657  0
ngc7331   366.9229 26.1497  0.8905  0.1992       NaN  0.5901  0.3765  0
ngc7331   382.7767 27.2796  0.6495  0.2464       NaN  0.3327  0.3858  0
ngc7331   398.0128 28.3654  0.3883  0.3087       NaN  0.4495  0.3926  0
ngc7331   413.1986 29.4477  0.2568  0.2644       NaN  0.3559  0.4502  0
ngc7331   426.8653 30.4217  0.1489  0.4352       NaN  0.3562  0.5083  0
ngc7331   442.0003 31.5003  0.0906  0.7006       NaN  0.2895  0.4365  0
