###########################################################################
# Data from Schruba et al. (2011)
# Digitized by S. Ploeckinger from fig. A1
# Distances for individual galaxies from NED (mean/stdev from literature)
# column 1: galaxy
# column 2: mean distance to the galaxy from NED [Mpc]
# column 3: standard deviation from distance measurements [Mpc]
# column 4: radial distance of 15 arcseconds shell [arcseconds]
# column 5: HI surface density [Msol / pc-2]
# column 6: H2 surface density [Msol / pc-2]
# column 7: flag for H2 measurements: 0 ... high significance measurement
#                                     1 ... marginal significance
#                                     2 ... 3 sigma upper limit
###########################################################################
NGC0337	19.44	2.46	7.5	15.71	nan	2
NGC0337	19.44	2.46	22.5	17.86	6.06	0
NGC0337	19.44	2.46	37.5	16.91	3.25	1
NGC0337	19.44	2.46	52.5	17.22	0.90	2
NGC0337	19.44	2.46	67.5	14.08	0.78	2
NGC0337	19.44	2.46	82.5	10.89	0.79	2
NGC0337	19.44	2.46	97.5	8.12	0.81	2
NGC0337	19.44	2.46	112.5	4.52	0.69	2
NGC0337	19.44	2.46	127.5	2.91	0.79	2
NGC0337	19.44	2.46	142.5	1.14	1.27	2
NGC0337	19.44	2.46	157.5	0.94	2.09	2
NGC0337	19.44	2.46	172.5	nan	nan	nan
NGC0337	19.44	2.46	187.5	nan	nan	nan
NGC0337	19.44	2.46	202.5	nan	nan	nan
NGC0337	19.44	2.46	217.5	nan	nan	nan
NGC0337	19.44	2.46	232.5	nan	nan	nan
NGC0337	19.44	2.46	247.5	nan	nan	nan
NGC0337	19.44	2.46	262.5	nan	nan	nan
NGC0337	19.44	2.46	277.5	nan	nan	nan
NGC0337	19.44	2.46	292.5	nan	nan	nan
NGC0337	19.44	2.46	307.5	nan	nan	nan
NGC0337	19.44	2.46	322.5	nan	nan	nan
NGC0337	19.44	2.46	337.5	nan	nan	nan
NGC0337	19.44	2.46	352.5	nan	nan	nan
NGC0337	19.44	2.46	367.5	nan	nan	nan
NGC0337	19.44	2.46	382.5	nan	nan	nan
NGC0337	19.44	2.46	397.5	nan	nan	nan
NGC0628	7.50	3.09	7.5	1.40	nan	2
NGC0628	7.50	3.09	22.5	2.27	20.97	0
NGC0628	7.50	3.09	37.5	2.83	16.46	0
NGC0628	7.50	3.09	52.5	4.21	15.41	0
NGC0628	7.50	3.09	67.5	5.13	15.41	0
NGC0628	7.50	3.09	82.5	6.25	15.08	0
NGC0628	7.50	3.09	97.5	6.83	11.33	0
NGC0628	7.50	3.09	112.5	7.14	8.89	0
NGC0628	7.50	3.09	127.5	7.30	6.98	0
NGC0628	7.50	3.09	142.5	7.14	5.36	0
NGC0628	7.50	3.09	157.5	8.14	4.91	0
NGC0628	7.50	3.09	172.5	8.51	3.23	0
NGC0628	7.50	3.09	187.5	8.70	2.38	0
NGC0628	7.50	3.09	202.5	8.89	2.13	0
NGC0628	7.50	3.09	217.5	8.32	1.95	0
NGC0628	7.50	3.09	232.5	7.46	0.83	1
NGC0628	7.50	3.09	247.5	7.14	1.08	1
NGC0628	7.50	3.09	262.5	7.14	1.01	2
NGC0628	7.50	3.09	277.5	6.39	0.90	2
NGC0628	7.50	3.09	292.5	5.48	0.99	2
NGC0628	7.50	3.09	307.5	4.80	1.10	2
NGC0628	7.50	3.09	322.5	4.60	1.18	2
NGC0628	7.50	3.09	337.5	nan	nan	nan
NGC0628	7.50	3.09	352.5	nan	nan	nan
NGC0628	7.50	3.09	367.5	nan	nan	nan
NGC0628	7.50	3.09	382.5	nan	nan	nan
NGC0628	7.50	3.09	397.5	nan	nan	nan
NGC0925	7.81	1.97	7.5	7.83	nan	2
NGC0925	7.81	1.97	22.5	8.12	3.50	1
NGC0925	7.81	1.97	37.5	8.12	2.97	0
NGC0925	7.81	1.97	52.5	7.83	2.61	0
NGC0925	7.81	1.97	67.5	7.41	1.62	0
NGC0925	7.81	1.97	82.5	8.12	1.62	0
NGC0925	7.81	1.97	97.5	8.12	0.94	1
NGC0925	7.81	1.97	112.5	6.64	0.92	1
NGC0925	7.81	1.97	127.5	6.06	0.66	1
NGC0925	7.81	1.97	142.5	7.28	0.57	1
NGC0925	7.81	1.97	157.5	8.12	0.54	2
NGC0925	7.81	1.97	172.5	7.83	0.50	2
NGC0925	7.81	1.97	187.5	7.15	0.55	2
NGC0925	7.81	1.97	202.5	7.28	0.49	2
NGC0925	7.81	1.97	217.5	7.15	0.59	2
NGC0925	7.81	1.97	232.5	7.69	0.53	2
NGC0925	7.81	1.97	247.5	7.69	0.51	2
NGC0925	7.81	1.97	262.5	7.55	0.53	2
NGC0925	7.81	1.97	277.5	6.89	0.54	2
NGC0925	7.81	1.97	292.5	5.95	0.53	2
NGC0925	7.81	1.97	307.5	4.95	0.47	2
NGC0925	7.81	1.97	322.5	4.52	0.55	2
NGC0925	7.81	1.97	337.5	4.12	0.55	2
NGC0925	7.81	1.97	352.5	3.76	0.62	2
NGC0925	7.81	1.97	367.5	2.76	0.59	2
NGC0925	7.81	1.97	382.5	2.34	0.65	2
NGC0925	7.81	1.97	397.5	2.06	0.70	2
NGC2146	19.55	8.16	7.5	0.27	nan	2
NGC2146	19.55	8.16	22.5	1.78	259.29	0
NGC2146	19.55	8.16	37.5	5.84	62.10	0
NGC2146	19.55	8.16	52.5	7.28	17.54	0
NGC2146	19.55	8.16	67.5	4.52	7.83	0
NGC2146	19.55	8.16	82.5	4.36	3.83	0
NGC2146	19.55	8.16	97.5	3.50	2.17	1
NGC2146	19.55	8.16	112.5	3.76	0.66	2
NGC2146	19.55	8.16	127.5	2.17	0.59	2
NGC2146	19.55	8.16	142.5	1.10	0.59	2
NGC2146	19.55	8.16	157.5	0.72	0.57	2
NGC2146	19.55	8.16	172.5	0.61	0.51	2
NGC2146	19.55	8.16	187.5	0.49	0.58	2
NGC2146	19.55	8.16	202.5	0.59	0.57	2
NGC2146	19.55	8.16	217.5	0.62	0.61	2
NGC2146	19.55	8.16	232.5	0.74	0.65	2
NGC2146	19.55	8.16	247.5	0.57	0.70	2
NGC2146	19.55	8.16	262.5	0.52	0.95	2
NGC2146	19.55	8.16	277.5	0.79	1.01	2
NGC2146	19.55	8.16	292.5	0.76	1.98	2
NGC2146	19.55	8.16	307.5	nan	nan	nan
NGC2146	19.55	8.16	322.5	nan	nan	nan
NGC2146	19.55	8.16	337.5	nan	nan	nan
NGC2146	19.55	8.16	352.5	nan	nan	nan
NGC2146	19.55	8.16	367.5	nan	nan	nan
NGC2146	19.55	8.16	382.5	nan	nan	nan
NGC2146	19.55	8.16	397.5	nan	nan	nan
NGC2403	3.40	0.61	7.5	4.74	nan	2
NGC2403	3.40	0.61	22.5	6.59	10.45	0
NGC2403	3.40	0.61	37.5	7.04	9.16	0
NGC2403	3.40	0.61	52.5	7.20	7.20	0
NGC2403	3.40	0.61	67.5	7.04	4.96	0
NGC2403	3.40	0.61	82.5	7.86	5.91	0
NGC2403	3.40	0.61	97.5	7.04	5.07	0
NGC2403	3.40	0.61	112.5	6.89	3.57	0
NGC2403	3.40	0.61	127.5	7.36	2.74	0
NGC2403	3.40	0.61	142.5	7.36	2.02	0
NGC2403	3.40	0.61	157.5	7.86	2.20	0
NGC2403	3.40	0.61	172.5	8.21	2.30	0
NGC2403	3.40	0.61	187.5	8.21	1.77	0
NGC2403	3.40	0.61	202.5	9.36	1.77	0
NGC2403	3.40	0.61	217.5	9.78	1.93	0
NGC2403	3.40	0.61	232.5	9.78	1.89	0
NGC2403	3.40	0.61	247.5	8.96	1.42	0
NGC2403	3.40	0.61	262.5	9.78	1.19	0
NGC2403	3.40	0.61	277.5	9.36	1.12	0
NGC2403	3.40	0.61	292.5	8.77	1.17	1
NGC2403	3.40	0.61	307.5	8.03	0.96	2
NGC2403	3.40	0.61	322.5	8.58	1.22	1
NGC2403	3.40	0.61	337.5	8.39	1.19	2
NGC2403	3.40	0.61	352.5	8.39	1.33	2
NGC2403	3.40	0.61	367.5	7.04	1.39	2
NGC2403	3.40	0.61	382.5	7.20	1.69	2
NGC2403	3.40	0.61	397.5	6.74	1.93	2
NGC2798	24.83	5.21	7.5	0.58	nan	2
NGC2798	24.83	5.21	22.5	0.43	5.89	0
NGC2798	24.83	5.21	37.5	0.27	1.33	1
NGC2798	24.83	5.21	52.5	0.34	4.90	0
NGC2798	24.83	5.21	67.5	0.27	5.65	0
NGC2798	24.83	5.21	82.5	0.17	0.52	1
NGC2798	24.83	5.21	97.5	0.09	0.83	2
NGC2798	24.83	5.21	112.5	0.13	0.67	2
NGC2798	24.83	5.21	127.5	0.22	1.50	0
NGC2798	24.83	5.21	142.5	0.17	1.18	2
NGC2798	24.83	5.21	157.5	nan	nan	nan
NGC2798	24.83	5.21	172.5	nan	nan	nan
NGC2798	24.83	5.21	187.5	nan	nan	nan
NGC2798	24.83	5.21	202.5	nan	nan	nan
NGC2798	24.83	5.21	217.5	nan	nan	nan
NGC2798	24.83	5.21	232.5	nan	nan	nan
NGC2798	24.83	5.21	247.5	nan	nan	nan
NGC2798	24.83	5.21	262.5	nan	nan	nan
NGC2798	24.83	5.21	277.5	nan	nan	nan
NGC2798	24.83	5.21	292.5	nan	nan	nan
NGC2798	24.83	5.21	307.5	nan	nan	nan
NGC2798	24.83	5.21	322.5	nan	nan	nan
NGC2798	24.83	5.21	337.5	nan	nan	nan
NGC2798	24.83	5.21	352.5	nan	nan	nan
NGC2798	24.83	5.21	367.5	nan	nan	nan
NGC2798	24.83	5.21	382.5	nan	nan	nan
NGC2798	24.83	5.21	397.5	nan	nan	nan
NGC2841	16.34	4.65	7.5	0.46	nan	2
NGC2841	16.34	4.65	22.5	0.54	0.94	2
NGC2841	16.34	4.65	37.5	0.65	2.57	1
NGC2841	16.34	4.65	52.5	1.18	3.58	1
NGC2841	16.34	4.65	67.5	1.78	5.07	0
NGC2841	16.34	4.65	82.5	2.28	5.40	0
NGC2841	16.34	4.65	97.5	2.57	4.13	0
NGC2841	16.34	4.65	112.5	2.52	3.16	0
NGC2841	16.34	4.65	127.5	2.74	2.32	0
NGC2841	16.34	4.65	142.5	2.85	1.48	0
NGC2841	16.34	4.65	157.5	2.91	1.42	1
NGC2841	16.34	4.65	172.5	2.80	0.77	1
NGC2841	16.34	4.65	187.5	2.32	0.39	2
NGC2841	16.34	4.65	202.5	2.14	0.40	2
NGC2841	16.34	4.65	217.5	2.23	0.44	2
NGC2841	16.34	4.65	232.5	2.18	0.46	2
NGC2841	16.34	4.65	247.5	2.05	0.52	2
NGC2841	16.34	4.65	262.5	2.05	0.62	2
NGC2841	16.34	4.65	277.5	1.89	0.65	2
NGC2841	16.34	4.65	292.5	2.01	1.00	2
NGC2841	16.34	4.65	307.5	2.18	1.85	2
NGC2841	16.34	4.65	322.5	nan	nan	nan
NGC2841	16.34	4.65	337.5	nan	nan	nan
NGC2841	16.34	4.65	352.5	nan	nan	nan
NGC2841	16.34	4.65	367.5	nan	nan	nan
NGC2841	16.34	4.65	382.5	nan	nan	nan
NGC2841	16.34	4.65	397.5	nan	nan	nan
NGC2903	7.99	1.91	7.5	4.04	nan	2
NGC2903	7.99	1.91	22.5	4.57	57.59	0
NGC2903	7.99	1.91	37.5	5.16	46.95	0
NGC2903	7.99	1.91	52.5	6.60	53.07	0
NGC2903	7.99	1.91	67.5	6.74	35.99	0
NGC2903	7.99	1.91	82.5	6.74	27.04	0
NGC2903	7.99	1.91	97.5	7.02	17.25	0
NGC2903	7.99	1.91	112.5	7.16	11.46	0
NGC2903	7.99	1.91	127.5	6.88	5.60	0
NGC2903	7.99	1.91	142.5	5.84	2.74	0
NGC2903	7.99	1.91	157.5	4.30	1.48	0
NGC2903	7.99	1.91	172.5	3.29	0.80	2
NGC2903	7.99	1.91	187.5	2.58	0.44	1
NGC2903	7.99	1.91	202.5	2.47	0.52	2
NGC2903	7.99	1.91	217.5	2.33	0.43	2
NGC2903	7.99	1.91	232.5	2.74	0.48	2
NGC2903	7.99	1.91	247.5	2.74	0.45	2
NGC2903	7.99	1.91	262.5	3.29	0.50	2
NGC2903	7.99	1.91	277.5	3.57	0.52	2
NGC2903	7.99	1.91	292.5	3.88	0.51	2
NGC2903	7.99	1.91	307.5	4.21	0.49	2
NGC2903	7.99	1.91	322.5	4.48	0.48	2
NGC2903	7.99	1.91	337.5	3.88	0.46	2
NGC2903	7.99	1.91	352.5	3.36	0.46	2
NGC2903	7.99	1.91	367.5	3.23	0.41	2
NGC2903	7.99	1.91	382.5	3.29	0.50	2
NGC2903	7.99	1.91	397.5	3.36	0.58	2
NGC2976	3.82	0.86	7.5	6.01	nan	2
NGC2976	3.82	0.86	22.5	7.02	5.91	0
NGC2976	3.82	0.86	37.5	7.26	4.42	0
NGC2976	3.82	0.86	52.5	8.05	4.81	0
NGC2976	3.82	0.86	67.5	8.77	6.55	0
NGC2976	3.82	0.86	82.5	9.72	7.52	0
NGC2976	3.82	0.86	97.5	8.05	5.33	0
NGC2976	3.82	0.86	112.5	5.52	2.78	0
NGC2976	3.82	0.86	127.5	3.19	0.67	2
NGC2976	3.82	0.86	142.5	2.08	0.65	2
NGC2976	3.82	0.86	157.5	1.50	0.63	2
NGC2976	3.82	0.86	172.5	0.90	0.53	2
NGC2976	3.82	0.86	187.5	0.65	0.56	2
NGC2976	3.82	0.86	202.5	0.44	0.56	2
NGC2976	3.82	0.86	217.5	0.39	0.56	2
NGC2976	3.82	0.86	232.5	0.37	0.62	2
NGC2976	3.82	0.86	247.5	0.33	0.69	2
NGC2976	3.82	0.86	262.5	0.37	0.87	2
NGC2976	3.82	0.86	277.5	0.36	1.01	2
NGC2976	3.82	0.86	292.5	0.26	1.40	2
NGC2976	3.82	0.86	307.5	0.16	3.36	2
NGC2976	3.82	0.86	322.5	nan	nan	nan
NGC2976	3.82	0.86	337.5	nan	nan	nan
NGC2976	3.82	0.86	352.5	nan	nan	nan
NGC2976	3.82	0.86	367.5	nan	nan	nan
NGC2976	3.82	0.86	382.5	nan	nan	nan
NGC2976	3.82	0.86	397.5	nan	nan	nan
NGC3049	23.65	6.71	7.5	5.62	nan	2
NGC3049	23.65	6.71	22.5	5.51	2.91	1
NGC3049	23.65	6.71	37.5	5.62	0.96	2
NGC3049	23.65	6.71	52.5	5.18	0.71	2
NGC3049	23.65	6.71	67.5	4.05	0.72	2
NGC3049	23.65	6.71	82.5	3.03	0.64	2
NGC3049	23.65	6.71	97.5	2.32	0.56	2
NGC3049	23.65	6.71	112.5	1.57	0.71	2
NGC3049	23.65	6.71	127.5	0.94	1.00	2
NGC3049	23.65	6.71	142.5	0.88	1.36	2
NGC3049	23.65	6.71	157.5	0.52	1.85	2
NGC3049	23.65	6.71	172.5	0.34	2.91	2
NGC3049	23.65	6.71	187.5	nan	nan	nan
NGC3049	23.65	6.71	202.5	nan	nan	nan
NGC3049	23.65	6.71	217.5	nan	nan	nan
NGC3049	23.65	6.71	232.5	nan	nan	nan
NGC3049	23.65	6.71	247.5	nan	nan	nan
NGC3049	23.65	6.71	262.5	nan	nan	nan
NGC3049	23.65	6.71	277.5	nan	nan	nan
NGC3049	23.65	6.71	292.5	nan	nan	nan
NGC3049	23.65	6.71	307.5	nan	nan	nan
NGC3049	23.65	6.71	322.5	nan	nan	nan
NGC3049	23.65	6.71	337.5	nan	nan	nan
NGC3049	23.65	6.71	352.5	nan	nan	nan
NGC3049	23.65	6.71	367.5	nan	nan	nan
NGC3049	23.65	6.71	382.5	nan	nan	nan
NGC3049	23.65	6.71	397.5	nan	nan	nan
NGC3077	3.63	0.58	7.5	16.97	nan	2
NGC3077	3.63	0.58	22.5	11.27	6.87	0
NGC3077	3.63	0.58	37.5	8.29	1.76	1
NGC3077	3.63	0.58	52.5	6.64	1.36	1
NGC3077	3.63	0.58	67.5	5.70	0.93	2
NGC3077	3.63	0.58	82.5	4.89	0.90	2
NGC3077	3.63	0.58	97.5	4.64	1.36	2
NGC3077	3.63	0.58	112.5	4.19	1.94	2
NGC3077	3.63	0.58	127.5	nan	nan	nan
NGC3077	3.63	0.58	142.5	nan	nan	nan
NGC3077	3.63	0.58	157.5	nan	nan	nan
NGC3077	3.63	0.58	172.5	nan	nan	nan
NGC3077	3.63	0.58	187.5	nan	nan	nan
NGC3077	3.63	0.58	202.5	nan	nan	nan
NGC3077	3.63	0.58	217.5	nan	nan	nan
NGC3077	3.63	0.58	232.5	nan	nan	nan
NGC3077	3.63	0.58	247.5	nan	nan	nan
NGC3077	3.63	0.58	262.5	nan	nan	nan
NGC3077	3.63	0.58	277.5	nan	nan	nan
NGC3077	3.63	0.58	292.5	nan	nan	nan
NGC3077	3.63	0.58	307.5	nan	nan	nan
NGC3077	3.63	0.58	322.5	nan	nan	nan
NGC3077	3.63	0.58	337.5	nan	nan	nan
NGC3077	3.63	0.58	352.5	nan	nan	nan
NGC3077	3.63	0.58	367.5	nan	nan	nan
NGC3077	3.63	0.58	382.5	nan	nan	nan
NGC3077	3.63	0.58	397.5	nan	nan	nan
NGC3184	12.27	2.19	7.5	3.41	nan	2
NGC3184	12.27	2.19	22.5	3.48	16.65	0
NGC3184	12.27	2.19	37.5	4.12	10.99	0
NGC3184	12.27	2.19	52.5	5.07	10.78	0
NGC3184	12.27	2.19	67.5	5.78	11.41	0
NGC3184	12.27	2.19	82.5	6.86	9.81	0
NGC3184	12.27	2.19	97.5	7.39	7.68	0
NGC3184	12.27	2.19	112.5	7.97	8.28	0
NGC3184	12.27	2.19	127.5	7.97	4.61	0
NGC3184	12.27	2.19	142.5	7.12	2.77	0
NGC3184	12.27	2.19	157.5	6.86	1.76	0
NGC3184	12.27	2.19	172.5	6.60	1.80	0
NGC3184	12.27	2.19	187.5	6.01	0.93	2
NGC3184	12.27	2.19	202.5	5.47	0.86	2
NGC3184	12.27	2.19	217.5	4.28	0.86	2
NGC3184	12.27	2.19	232.5	3.28	1.10	2
NGC3184	12.27	2.19	247.5	3.16	1.23	2
NGC3184	12.27	2.19	262.5	2.72	1.63	2
NGC3184	12.27	2.19	277.5	nan	nan	nan
NGC3184	12.27	2.19	292.5	nan	nan	nan
NGC3184	12.27	2.19	307.5	nan	nan	nan
NGC3184	12.27	2.19	322.5	nan	nan	nan
NGC3184	12.27	2.19	337.5	nan	nan	nan
NGC3184	12.27	2.19	352.5	nan	nan	nan
NGC3184	12.27	2.19	367.5	nan	nan	nan
NGC3184	12.27	2.19	382.5	nan	nan	nan
NGC3184	12.27	2.19	397.5	nan	nan	nan
NGC3198	12.83	2.76	7.5	3.48	nan	2
NGC3198	12.83	2.76	22.5	3.35	5.26	0
NGC3198	12.83	2.76	37.5	4.20	3.05	0
NGC3198	12.83	2.76	52.5	5.47	3.89	0
NGC3198	12.83	2.76	67.5	5.90	4.20	0
NGC3198	12.83	2.76	82.5	6.36	2.82	0
NGC3198	12.83	2.76	97.5	6.36	1.30	0
NGC3198	12.83	2.76	112.5	6.48	0.88	0
NGC3198	12.83	2.76	127.5	6.36	0.71	0
NGC3198	12.83	2.76	142.5	6.86	0.40	2
NGC3198	12.83	2.76	157.5	6.24	0.40	2
NGC3198	12.83	2.76	172.5	6.24	0.37	2
NGC3198	12.83	2.76	187.5	6.12	0.40	2
NGC3198	12.83	2.76	202.5	4.97	0.33	2
NGC3198	12.83	2.76	217.5	4.61	0.35	2
NGC3198	12.83	2.76	232.5	4.28	0.44	2
NGC3198	12.83	2.76	247.5	4.28	0.47	2
NGC3198	12.83	2.76	262.5	4.36	0.56	2
NGC3198	12.83	2.76	277.5	3.97	0.70	2
NGC3198	12.83	2.76	292.5	3.48	1.21	2
NGC3198	12.83	2.76	307.5	2.62	1.66	2
NGC3198	12.83	2.76	322.5	nan	nan	nan
NGC3198	12.83	2.76	337.5	nan	nan	nan
NGC3198	12.83	2.76	352.5	nan	nan	nan
NGC3198	12.83	2.76	367.5	nan	nan	nan
NGC3198	12.83	2.76	382.5	nan	nan	nan
NGC3198	12.83	2.76	397.5	nan	nan	nan
NGC3351	9.94	1.14	7.5	1.49	nan	2
NGC3351	9.94	1.14	22.5	0.84	31.62	0
NGC3351	9.94	1.14	37.5	0.75	10.78	0
NGC3351	9.94	1.14	52.5	1.54	8.13	0
NGC3351	9.94	1.14	67.5	2.38	8.76	0
NGC3351	9.94	1.14	82.5	2.67	6.73	0
NGC3351	9.94	1.14	97.5	3.10	4.12	0
NGC3351	9.94	1.14	112.5	2.93	3.22	0
NGC3351	9.94	1.14	127.5	2.93	2.57	0
NGC3351	9.94	1.14	142.5	2.82	2.13	0
NGC3351	9.94	1.14	157.5	2.88	1.38	0
NGC3351	9.94	1.14	172.5	2.93	0.75	1
NGC3351	9.94	1.14	187.5	3.10	0.65	2
NGC3351	9.94	1.14	202.5	3.10	0.49	1
NGC3351	9.94	1.14	217.5	2.72	0.69	2
NGC3351	9.94	1.14	232.5	1.97	0.66	2
NGC3351	9.94	1.14	247.5	1.38	0.71	2
NGC3351	9.94	1.14	262.5	0.98	0.65	2
NGC3351	9.94	1.14	277.5	0.73	0.65	2
NGC3351	9.94	1.14	292.5	0.62	0.93	2
NGC3351	9.94	1.14	307.5	0.48	1.90	2
NGC3351	9.94	1.14	322.5	nan	nan	nan
NGC3351	9.94	1.14	337.5	nan	nan	nan
NGC3351	9.94	1.14	352.5	nan	nan	nan
NGC3351	9.94	1.14	367.5	nan	nan	nan
NGC3351	9.94	1.14	382.5	nan	nan	nan
NGC3351	9.94	1.14	397.5	nan	nan	nan
NGC3521	11.39	2.85	7.5	4.23	nan	2
NGC3521	11.39	2.85	22.5	4.92	42.07	0
NGC3521	11.39	2.85	37.5	7.31	45.36	0
NGC3521	11.39	2.85	52.5	8.49	37.58	0
NGC3521	11.39	2.85	67.5	8.49	26.78	0
NGC3521	11.39	2.85	82.5	9.51	18.38	0
NGC3521	11.39	2.85	97.5	10.65	18.73	0
NGC3521	11.39	2.85	112.5	9.69	12.15	0
NGC3521	11.39	2.85	127.5	9.88	6.17	0
NGC3521	11.39	2.85	142.5	8.66	3.07	0
NGC3521	11.39	2.85	157.5	8.03	2.15	0
NGC3521	11.39	2.85	172.5	8.34	1.99	0
NGC3521	11.39	2.85	187.5	8.34	1.75	0
NGC3521	11.39	2.85	202.5	7.88	1.16	1
NGC3521	11.39	2.85	217.5	7.88	0.94	1
NGC3521	11.39	2.85	232.5	8.49	0.59	1
NGC3521	11.39	2.85	247.5	8.03	0.43	2
NGC3521	11.39	2.85	262.5	8.34	0.37	2
NGC3521	11.39	2.85	277.5	7.88	0.41	2
NGC3521	11.39	2.85	292.5	7.17	0.50	2
NGC3521	11.39	2.85	307.5	6.41	0.55	2
NGC3521	11.39	2.85	322.5	5.11	0.53	2
NGC3521	11.39	2.85	337.5	4.15	0.59	2
NGC3521	11.39	2.85	352.5	3.13	0.61	2
NGC3521	11.39	2.85	367.5	2.36	0.61	2
NGC3521	11.39	2.85	382.5	1.96	0.69	2
NGC3521	11.39	2.85	397.5	1.50	0.81	2
NGC3627	9.62	1.96	7.5	3.13	nan	2
NGC3627	9.62	1.96	22.5	3.86	46.91	0
NGC3627	9.62	1.96	37.5	4.93	32.13	0
NGC3627	9.62	1.96	52.5	6.19	42.67	0
NGC3627	9.62	1.96	67.5	7.77	43.49	0
NGC3627	9.62	1.96	82.5	7.34	26.09	0
NGC3627	9.62	1.96	97.5	5.96	13.97	0
NGC3627	9.62	1.96	112.5	5.42	9.57	0
NGC3627	9.62	1.96	127.5	4.16	7.34	0
NGC3627	9.62	1.96	142.5	3.32	6.55	0
NGC3627	9.62	1.96	157.5	2.59	4.84	0
NGC3627	9.62	1.96	172.5	1.84	2.59	0
NGC3627	9.62	1.96	187.5	1.17	1.11	2
NGC3627	9.62	1.96	202.5	0.88	1.05	2
NGC3627	9.62	1.96	217.5	0.65	0.86	2
NGC3627	9.62	1.96	232.5	0.35	1.09	2
NGC3627	9.62	1.96	247.5	0.21	1.03	2
NGC3627	9.62	1.96	262.5	0.18	1.36	2
NGC3627	9.62	1.96	277.5	0.14	1.39	2
NGC3627	9.62	1.96	292.5	0.16	1.58	2
NGC3627	9.62	1.96	307.5	0.15	1.92	2
NGC3627	9.62	1.96	322.5	0.15	1.95	2
NGC3627	9.62	1.96	337.5	0.15	2.80	2
NGC3627	9.62	1.96	352.5	0.12	3.32	2
NGC3627	9.62	1.96	367.5	0.09	3.32	2
NGC3627	9.62	1.96	382.5	0.11	4.57	2
NGC3627	9.62	1.96	397.5	0.14	4.57	2
NGC3938	12.69	7.81	7.5	2.82	nan	2
NGC3938	12.69	7.81	22.5	4.12	24.28	0
NGC3938	12.69	7.81	37.5	6.12	18.29	0
NGC3938	12.69	7.81	52.5	7.82	13.53	0
NGC3938	12.69	7.81	67.5	8.60	8.13	0
NGC3938	12.69	7.81	82.5	8.60	3.97	0
NGC3938	12.69	7.81	97.5	8.28	1.90	0
NGC3938	12.69	7.81	112.5	8.28	0.91	1
NGC3938	12.69	7.81	127.5	7.26	0.78	2
NGC3938	12.69	7.81	142.5	6.24	0.74	2
NGC3938	12.69	7.81	157.5	5.17	0.75	2
NGC3938	12.69	7.81	172.5	2.99	0.78	2
NGC3938	12.69	7.81	187.5	1.70	0.84	2
NGC3938	12.69	7.81	202.5	1.88	1.19	2
NGC3938	12.69	7.81	217.5	1.51	1.49	2
NGC3938	12.69	7.81	232.5	nan	nan	nan
NGC3938	12.69	7.81	247.5	nan	nan	nan
NGC3938	12.69	7.81	262.5	nan	nan	nan
NGC3938	12.69	7.81	277.5	nan	nan	nan
NGC3938	12.69	7.81	292.5	nan	nan	nan
NGC3938	12.69	7.81	307.5	nan	nan	nan
NGC3938	12.69	7.81	322.5	nan	nan	nan
NGC3938	12.69	7.81	337.5	nan	nan	nan
NGC3938	12.69	7.81	352.5	nan	nan	nan
NGC3938	12.69	7.81	367.5	nan	nan	nan
NGC3938	12.69	7.81	382.5	nan	nan	nan
NGC3938	12.69	7.81	397.5	nan	nan	nan
NGC4214	2.98	1.10	7.5	17.62	nan	2
NGC4214	2.98	1.10	22.5	13.53	2.34	1
NGC4214	2.98	1.10	37.5	11.20	1.83	1
NGC4214	2.98	1.10	52.5	11.63	2.13	0
NGC4214	2.98	1.10	67.5	11.63	2.13	0
NGC4214	2.98	1.10	82.5	9.45	1.21	2
NGC4214	2.98	1.10	97.5	7.53	0.94	2
NGC4214	2.98	1.10	112.5	6.24	0.86	2
NGC4214	2.98	1.10	127.5	6.12	0.88	2
NGC4214	2.98	1.10	142.5	6.60	0.91	2
NGC4214	2.98	1.10	157.5	6.99	0.91	2
NGC4214	2.98	1.10	172.5	6.99	0.89	2
NGC4214	2.98	1.10	187.5	5.90	0.94	2
NGC4214	2.98	1.10	202.5	5.36	1.14	2
NGC4214	2.98	1.10	217.5	6.24	2.01	2
NGC4214	2.98	1.10	232.5	8.76	4.12	2
NGC4214	2.98	1.10	247.5	nan	nan	nan
NGC4214	2.98	1.10	262.5	nan	nan	nan
NGC4214	2.98	1.10	277.5	nan	nan	nan
NGC4214	2.98	1.10	292.5	nan	nan	nan
NGC4214	2.98	1.10	307.5	nan	nan	nan
NGC4214	2.98	1.10	322.5	nan	nan	nan
NGC4214	2.98	1.10	337.5	nan	nan	nan
NGC4214	2.98	1.10	352.5	nan	nan	nan
NGC4214	2.98	1.10	367.5	nan	nan	nan
NGC4214	2.98	1.10	382.5	nan	nan	nan
NGC4214	2.98	1.10	397.5	nan	nan	nan
NGC4254	15.19	2.05	7.5	7.77	nan	2
NGC4254	15.19	2.05	22.5	9.21	116.35	0
NGC4254	15.19	2.05	37.5	11.56	76.72	0
NGC4254	15.19	2.05	52.5	12.24	46.91	0
NGC4254	15.19	2.05	67.5	12.24	29.22	0
NGC4254	15.19	2.05	82.5	12.71	18.91	0
NGC4254	15.19	2.05	97.5	12.24	9.94	0
NGC4254	15.19	2.05	112.5	10.72	6.55	0
NGC4254	15.19	2.05	127.5	9.39	4.40	0
NGC4254	15.19	2.05	142.5	7.77	2.59	0
NGC4254	15.19	2.05	157.5	5.32	1.29	0
NGC4254	15.19	2.05	172.5	4.16	1.03	1
NGC4254	15.19	2.05	187.5	2.90	0.77	1
NGC4254	15.19	2.05	202.5	1.92	0.59	2
NGC4254	15.19	2.05	217.5	1.36	0.62	2
NGC4254	15.19	2.05	232.5	0.74	0.72	2
NGC4254	15.19	2.05	247.5	0.40	0.77	2
NGC4254	15.19	2.05	262.5	0.39	1.01	2
NGC4254	15.19	2.05	277.5	0.52	1.56	2
NGC4254	15.19	2.05	292.5	0.49	1.71	2
NGC4254	15.19	2.05	307.5	0.35	2.23	2
NGC4254	15.19	2.05	322.5	0.36	2.31	2
NGC4254	15.19	2.05	337.5	0.29	3.79	2
NGC4254	15.19	2.05	352.5	nan	9.21	2
NGC4254	15.19	2.05	367.5	nan	nan	nan
NGC4254	15.19	2.05	382.5	nan	nan	nan
NGC4254	15.19	2.05	397.5	nan	nan	nan
NGC4321	16.22	3.14	7.5	7.53	nan	2
NGC4321	16.22	3.14	22.5	4.97	82.80	0
NGC4321	16.22	3.14	37.5	4.36	30.45	0
NGC4321	16.22	3.14	52.5	5.26	30.45	0
NGC4321	16.22	3.14	67.5	6.73	28.24	0
NGC4321	16.22	3.14	82.5	6.73	17.95	0
NGC4321	16.22	3.14	97.5	6.99	12.08	0
NGC4321	16.22	3.14	112.5	7.12	9.63	0
NGC4321	16.22	3.14	127.5	6.86	7.53	0
NGC4321	16.22	3.14	142.5	6.60	5.26	0
NGC4321	16.22	3.14	157.5	5.17	3.61	0
NGC4321	16.22	3.14	172.5	3.75	2.09	0
NGC4321	16.22	3.14	187.5	2.52	1.02	1
NGC4321	16.22	3.14	202.5	1.46	0.62	2
NGC4321	16.22	3.14	217.5	1.00	0.66	2
NGC4321	16.22	3.14	232.5	0.74	0.62	2
NGC4321	16.22	3.14	247.5	0.44	0.62	2
NGC4321	16.22	3.14	262.5	0.14	0.70	2
NGC4321	16.22	3.14	277.5	0.11	1.02	2
NGC4321	16.22	3.14	292.5	0.07	1.23	2
NGC4321	16.22	3.14	307.5	nan	1.46	2
NGC4321	16.22	3.14	322.5	nan	2.13	2
NGC4321	16.22	3.14	337.5	nan	6.48	2
NGC4321	16.22	3.14	352.5	nan	nan	nan
NGC4321	16.22	3.14	367.5	nan	nan	nan
NGC4321	16.22	3.14	382.5	nan	nan	nan
NGC4321	16.22	3.14	397.5	nan	nan	nan
NGC4536	15.04	2.88	7.5	nan	nan	2
NGC4536	15.04	2.88	22.5	8.07	38.09	0
NGC4536	15.04	2.88	37.5	9.75	7.62	0
NGC4536	15.04	2.88	52.5	9.21	4.66	0
NGC4536	15.04	2.88	67.5	8.87	4.84	0
NGC4536	15.04	2.88	82.5	9.21	2.96	0
NGC4536	15.04	2.88	97.5	8.87	1.07	2
NGC4536	15.04	2.88	112.5	8.22	1.74	1
NGC4536	15.04	2.88	127.5	8.07	1.03	1
NGC4536	15.04	2.88	142.5	7.20	0.72	2
NGC4536	15.04	2.88	157.5	6.81	0.72	2
NGC4536	15.04	2.88	172.5	6.55	0.60	2
NGC4536	15.04	2.88	187.5	4.49	0.64	2
NGC4536	15.04	2.88	202.5	4.32	0.63	2
NGC4536	15.04	2.88	217.5	3.44	0.62	2
NGC4536	15.04	2.88	232.5	1.78	0.77	2
NGC4536	15.04	2.88	247.5	1.17	0.92	2
NGC4536	15.04	2.88	262.5	0.54	1.13	2
NGC4536	15.04	2.88	277.5	nan	nan	nan
NGC4536	15.04	2.88	292.5	nan	nan	nan
NGC4536	15.04	2.88	307.5	nan	nan	nan
NGC4536	15.04	2.88	322.5	nan	nan	nan
NGC4536	15.04	2.88	337.5	nan	nan	nan
NGC4536	15.04	2.88	352.5	nan	nan	nan
NGC4536	15.04	2.88	367.5	nan	nan	nan
NGC4536	15.04	2.88	382.5	nan	nan	nan
NGC4536	15.04	2.88	397.5	nan	nan	nan
NGC4559	7.75	2.67	7.5	9.51	nan	2
NGC4559	7.75	2.67	22.5	8.82	4.08	1
NGC4559	7.75	2.67	37.5	8.99	3.44	1
NGC4559	7.75	2.67	52.5	11.70	2.15	1
NGC4559	7.75	2.67	67.5	12.15	1.59	1
NGC4559	7.75	2.67	82.5	10.45	0.79	2
NGC4559	7.75	2.67	97.5	10.45	0.61	2
NGC4559	7.75	2.67	112.5	11.06	0.64	2
NGC4559	7.75	2.67	127.5	10.45	0.59	2
NGC4559	7.75	2.67	142.5	10.45	0.60	2
NGC4559	7.75	2.67	157.5	10.65	0.52	2
NGC4559	7.75	2.67	172.5	9.69	0.50	2
NGC4559	7.75	2.67	187.5	8.99	0.56	2
NGC4559	7.75	2.67	202.5	9.33	0.47	2
NGC4559	7.75	2.67	217.5	9.33	0.47	2
NGC4559	7.75	2.67	232.5	8.34	0.48	2
NGC4559	7.75	2.67	247.5	8.18	0.52	2
NGC4559	7.75	2.67	262.5	7.88	0.51	2
NGC4559	7.75	2.67	277.5	7.17	0.53	2
NGC4559	7.75	2.67	292.5	5.72	0.53	2
NGC4559	7.75	2.67	307.5	5.02	0.55	2
NGC4559	7.75	2.67	322.5	4.83	0.62	2
NGC4559	7.75	2.67	337.5	4.56	0.72	2
NGC4559	7.75	2.67	352.5	4.15	0.63	2
NGC4559	7.75	2.67	367.5	3.51	0.75	2
NGC4559	7.75	2.67	382.5	3.02	0.94	2
NGC4559	7.75	2.67	397.5	3.25	1.13	2
NGC4569	12.23	3.16	7.5	6.81	nan	2
NGC4569	12.23	3.16	22.5	5.63	52.55	0
NGC4569	12.23	3.16	37.5	5.03	31.52	0
NGC4569	12.23	3.16	52.5	4.32	25.12	0
NGC4569	12.23	3.16	67.5	2.54	15.65	0
NGC4569	12.23	3.16	82.5	1.09	5.22	0
NGC4569	12.23	3.16	97.5	0.64	1.05	2
NGC4569	12.23	3.16	112.5	0.45	1.15	2
NGC4569	12.23	3.16	127.5	0.29	0.86	2
NGC4569	12.23	3.16	142.5	0.37	0.93	2
NGC4569	12.23	3.16	157.5	0.11	1.24	2
NGC4569	12.23	3.16	172.5	nan	nan	nan
NGC4569	12.23	3.16	187.5	nan	nan	nan
NGC4569	12.23	3.16	202.5	nan	nan	nan
NGC4569	12.23	3.16	217.5	nan	nan	nan
NGC4569	12.23	3.16	232.5	nan	nan	nan
NGC4569	12.23	3.16	247.5	nan	nan	nan
NGC4569	12.23	3.16	262.5	nan	nan	nan
NGC4569	12.23	3.16	277.5	nan	nan	nan
NGC4569	12.23	3.16	292.5	nan	nan	nan
NGC4569	12.23	3.16	307.5	nan	nan	nan
NGC4569	12.23	3.16	322.5	nan	nan	nan
NGC4569	12.23	3.16	337.5	nan	nan	nan
NGC4569	12.23	3.16	352.5	nan	nan	nan
NGC4569	12.23	3.16	367.5	nan	nan	nan
NGC4569	12.23	3.16	382.5	nan	nan	nan
NGC4569	12.23	3.16	397.5	nan	nan	nan
NGC4579	18.40	3.07	7.5	0.98	nan	2
NGC4579	18.40	3.07	22.5	1.28	17.62	0
NGC4579	18.40	3.07	37.5	1.83	12.54	0
NGC4579	18.40	3.07	52.5	2.57	13.27	0
NGC4579	18.40	3.07	67.5	3.16	13.27	0
NGC4579	18.40	3.07	82.5	3.10	7.68	0
NGC4579	18.40	3.07	97.5	2.38	3.75	0
NGC4579	18.40	3.07	112.5	1.54	1.28	1
NGC4579	18.40	3.07	127.5	0.88	0.65	2
NGC4579	18.40	3.07	142.5	0.43	0.75	2
NGC4579	18.40	3.07	157.5	0.21	0.73	2
NGC4579	18.40	3.07	172.5	0.06	0.66	2
NGC4579	18.40	3.07	187.5	nan	nan	nan
NGC4579	18.40	3.07	202.5	nan	nan	nan
NGC4579	18.40	3.07	217.5	nan	nan	nan
NGC4579	18.40	3.07	232.5	nan	nan	nan
NGC4579	18.40	3.07	247.5	nan	nan	nan
NGC4579	18.40	3.07	262.5	nan	nan	nan
NGC4579	18.40	3.07	277.5	nan	nan	nan
NGC4579	18.40	3.07	292.5	nan	nan	nan
NGC4579	18.40	3.07	307.5	nan	nan	nan
NGC4579	18.40	3.07	322.5	nan	nan	nan
NGC4579	18.40	3.07	337.5	nan	nan	nan
NGC4579	18.40	3.07	352.5	nan	nan	nan
NGC4579	18.40	3.07	367.5	nan	nan	nan
NGC4579	18.40	3.07	382.5	nan	nan	nan
NGC4579	18.40	3.07	397.5	nan	nan	nan
NGC4625	10.00	2.55	7.5	5.12	nan	2
NGC4625	10.00	2.55	22.5	5.42	2.69	0
NGC4625	10.00	2.55	37.5	4.40	1.22	1
NGC4625	10.00	2.55	52.5	3.32	1.13	2
NGC4625	10.00	2.55	67.5	3.13	0.95	2
NGC4625	10.00	2.55	82.5	2.96	1.17	2
NGC4625	10.00	2.55	97.5	nan	nan	nan
NGC4625	10.00	2.55	112.5	nan	nan	nan
NGC4625	10.00	2.55	127.5	nan	nan	nan
NGC4625	10.00	2.55	142.5	nan	nan	nan
NGC4625	10.00	2.55	157.5	nan	nan	nan
NGC4625	10.00	2.55	172.5	nan	nan	nan
NGC4625	10.00	2.55	187.5	nan	nan	nan
NGC4625	10.00	2.55	202.5	nan	nan	nan
NGC4625	10.00	2.55	217.5	nan	nan	nan
NGC4625	10.00	2.55	232.5	nan	nan	nan
NGC4625	10.00	2.55	247.5	nan	nan	nan
NGC4625	10.00	2.55	262.5	nan	nan	nan
NGC4625	10.00	2.55	277.5	nan	nan	nan
NGC4625	10.00	2.55	292.5	nan	nan	nan
NGC4625	10.00	2.55	307.5	nan	nan	nan
NGC4625	10.00	2.55	322.5	nan	nan	nan
NGC4625	10.00	2.55	337.5	nan	nan	nan
NGC4625	10.00	2.55	352.5	nan	nan	nan
NGC4625	10.00	2.55	367.5	nan	nan	nan
NGC4625	10.00	2.55	382.5	nan	nan	nan
NGC4625	10.00	2.55	397.5	nan	nan	nan
NGC4725	13.08	2.82	7.5	2.45	nan	2
NGC4725	13.08	2.82	22.5	2.07	13.20	0
NGC4725	13.08	2.82	37.5	0.83	3.79	1
NGC4725	13.08	2.82	52.5	0.95	1.13	2
NGC4725	13.08	2.82	67.5	1.01	0.82	2
NGC4725	13.08	2.82	82.5	1.09	0.97	1
NGC4725	13.08	2.82	97.5	1.47	1.68	1
NGC4725	13.08	2.82	112.5	2.96	4.57	0
NGC4725	13.08	2.82	127.5	4.75	4.66	0
NGC4725	13.08	2.82	142.5	5.22	2.74	0
NGC4725	13.08	2.82	157.5	5.12	1.88	0
NGC4725	13.08	2.82	172.5	4.40	1.53	1
NGC4725	13.08	2.82	187.5	3.86	0.58	2
NGC4725	13.08	2.82	202.5	3.19	0.57	2
NGC4725	13.08	2.82	217.5	2.80	0.55	2
NGC4725	13.08	2.82	232.5	2.64	0.49	2
NGC4725	13.08	2.82	247.5	2.27	0.51	2
NGC4725	13.08	2.82	262.5	2.59	0.47	2
NGC4725	13.08	2.82	277.5	3.38	0.45	2
NGC4725	13.08	2.82	292.5	3.79	0.50	2
NGC4725	13.08	2.82	307.5	3.13	0.53	2
NGC4725	13.08	2.82	322.5	2.15	0.54	2
NGC4725	13.08	2.82	337.5	1.74	0.69	2
NGC4725	13.08	2.82	352.5	1.39	0.58	2
NGC4725	13.08	2.82	367.5	0.97	0.79	2
NGC4725	13.08	2.82	382.5	0.73	0.88	2
NGC4725	13.08	2.82	397.5	0.74	1.50	2
NGC4736	5.13	0.72	7.5	3.54	nan	2
NGC4736	5.13	0.72	22.5	5.78	76.78	0
NGC4736	5.13	0.72	37.5	11.41	56.77	0
NGC4736	5.13	0.72	52.5	11.63	40.42	0
NGC4736	5.13	0.72	67.5	7.12	17.62	0
NGC4736	5.13	0.72	82.5	5.68	9.45	0
NGC4736	5.13	0.72	97.5	4.70	6.24	0
NGC4736	5.13	0.72	112.5	4.04	4.28	0
NGC4736	5.13	0.72	127.5	3.48	3.28	0
NGC4736	5.13	0.72	142.5	3.48	2.62	0
NGC4736	5.13	0.72	157.5	2.77	2.34	0
NGC4736	5.13	0.72	172.5	2.25	1.80	0
NGC4736	5.13	0.72	187.5	1.66	0.98	1
NGC4736	5.13	0.72	202.5	1.23	0.93	2
NGC4736	5.13	0.72	217.5	1.08	0.96	2
NGC4736	5.13	0.72	232.5	1.14	1.06	2
NGC4736	5.13	0.72	247.5	1.35	1.10	2
NGC4736	5.13	0.72	262.5	1.60	0.91	2
NGC4736	5.13	0.72	277.5	2.13	1.02	2
NGC4736	5.13	0.72	292.5	2.52	0.93	1
NGC4736	5.13	0.72	307.5	2.88	1.43	0
NGC4736	5.13	0.72	322.5	2.25	1.49	0
NGC4736	5.13	0.72	337.5	nan	nan	nan
NGC4736	5.13	0.72	352.5	nan	nan	nan
NGC4736	5.13	0.72	367.5	nan	nan	nan
NGC4736	5.13	0.72	382.5	nan	nan	nan
NGC4736	5.13	0.72	397.5	nan	nan	nan
NGC5055	7.71	1.58	7.5	5.61	nan	2
NGC5055	7.71	1.58	22.5	5.72	68.63	0
NGC5055	7.71	1.58	37.5	5.83	46.22	0
NGC5055	7.71	1.58	52.5	6.53	37.58	0
NGC5055	7.71	1.58	67.5	6.05	26.78	0
NGC5055	7.71	1.58	82.5	5.94	19.82	0
NGC5055	7.71	1.58	97.5	7.59	20.58	0
NGC5055	7.71	1.58	112.5	8.82	20.19	0
NGC5055	7.71	1.58	127.5	8.34	13.86	0
NGC5055	7.71	1.58	142.5	8.49	11.92	0
NGC5055	7.71	1.58	157.5	8.49	11.48	0
NGC5055	7.71	1.58	172.5	7.73	8.18	0
NGC5055	7.71	1.58	187.5	7.45	5.94	0
NGC5055	7.71	1.58	202.5	7.17	3.93	0
NGC5055	7.71	1.58	217.5	7.17	3.13	0
NGC5055	7.71	1.58	232.5	7.45	2.45	0
NGC5055	7.71	1.58	247.5	6.53	2.50	0
NGC5055	7.71	1.58	262.5	6.41	1.34	1
NGC5055	7.71	1.58	277.5	5.72	1.62	1
NGC5055	7.71	1.58	292.5	5.02	1.05	2
NGC5055	7.71	1.58	307.5	5.02	1.42	1
NGC5055	7.71	1.58	322.5	4.92	1.34	1
NGC5055	7.71	1.58	337.5	4.00	1.13	2
NGC5055	7.71	1.58	352.5	3.64	1.34	2
NGC5055	7.71	1.58	367.5	nan	nan	nan
NGC5055	7.71	1.58	382.5	nan	nan	nan
NGC5055	7.71	1.58	397.5	nan	nan	nan
NGC5194	7.22	2.13	7.5	4.23	nan	2
NGC5194	7.22	2.13	22.5	6.41	246.81	0
NGC5194	7.22	2.13	37.5	6.17	148.48	0
NGC5194	7.22	2.13	52.5	6.41	94.51	0
NGC5194	7.22	2.13	67.5	7.45	71.26	0
NGC5194	7.22	2.13	82.5	6.41	44.51	0
NGC5194	7.22	2.13	97.5	6.65	31.72	0
NGC5194	7.22	2.13	112.5	8.34	36.19	0
NGC5194	7.22	2.13	127.5	11.27	37.58	0
NGC5194	7.22	2.13	142.5	11.70	29.42	0
NGC5194	7.22	2.13	157.5	11.06	16.42	0
NGC5194	7.22	2.13	172.5	8.82	9.51	0
NGC5194	7.22	2.13	187.5	8.18	6.97	0
NGC5194	7.22	2.13	202.5	7.45	4.97	0
NGC5194	7.22	2.13	217.5	6.65	3.38	0
NGC5194	7.22	2.13	232.5	5.83	2.85	0
NGC5194	7.22	2.13	247.5	5.02	3.07	0
NGC5194	7.22	2.13	262.5	4.08	2.50	0
NGC5194	7.22	2.13	277.5	3.44	1.16	1
NGC5194	7.22	2.13	292.5	3.02	0.99	2
NGC5194	7.22	2.13	307.5	2.45	1.09	2
NGC5194	7.22	2.13	322.5	1.68	1.03	2
NGC5194	7.22	2.13	337.5	1.18	0.98	2
NGC5194	7.22	2.13	352.5	1.01	1.42	2
NGC5194	7.22	2.13	367.5	0.85	1.34	2
NGC5194	7.22	2.13	382.5	0.68	1.45	2
NGC5194	7.22	2.13	397.5	0.43	2.03	2
NGC5457	6.64	0.94	7.5	0.78	nan	2
NGC5457	6.64	0.94	22.5	0.69	28.78	0
NGC5457	6.64	0.94	37.5	1.23	20.49	0
NGC5457	6.64	0.94	52.5	2.34	21.68	0
NGC5457	6.64	0.94	67.5	3.10	20.10	0
NGC5457	6.64	0.94	82.5	3.22	16.65	0
NGC5457	6.64	0.94	97.5	3.75	16.03	0
NGC5457	6.64	0.94	112.5	5.07	15.73	0
NGC5457	6.64	0.94	127.5	5.17	12.78	0
NGC5457	6.64	0.94	142.5	5.17	12.08	0
NGC5457	6.64	0.94	157.5	5.47	10.78	0
NGC5457	6.64	0.94	172.5	5.36	8.20	0
NGC5457	6.64	0.94	187.5	6.12	7.68	0
NGC5457	6.64	0.94	202.5	7.53	7.26	0
NGC5457	6.64	0.94	217.5	7.97	7.39	0
NGC5457	6.64	0.94	232.5	8.28	6.36	0
NGC5457	6.64	0.94	247.5	8.13	4.44	0
NGC5457	6.64	0.94	262.5	7.26	2.67	0
NGC5457	6.64	0.94	277.5	7.68	2.25	0
NGC5457	6.64	0.94	292.5	7.68	2.47	0
NGC5457	6.64	0.94	307.5	7.68	1.46	1
NGC5457	6.64	0.94	322.5	7.12	1.04	1
NGC5457	6.64	0.94	337.5	6.54	0.93	2
NGC5457	6.64	0.94	352.5	6.73	1.02	2
NGC5457	6.64	0.94	367.5	6.60	1.02	2
NGC5457	6.64	0.94	382.5	6.36	0.89	2
NGC5457	6.64	0.94	397.5	6.73	0.89	2
NGC5713	20.72	4.39	7.5	14.51	nan	2
NGC5713	20.72	4.39	22.5	15.65	69.80	0
NGC5713	20.72	4.39	37.5	14.24	28.68	0
NGC5713	20.72	4.39	52.5	8.54	9.57	0
NGC5713	20.72	4.39	67.5	5.03	3.58	1
NGC5713	20.72	4.39	82.5	3.07	1.01	2
NGC5713	20.72	4.39	97.5	2.11	0.92	2
NGC5713	20.72	4.39	112.5	1.58	0.88	2
NGC5713	20.72	4.39	127.5	1.58	0.88	2
NGC5713	20.72	4.39	142.5	1.78	0.97	2
NGC5713	20.72	4.39	157.5	0.95	1.09	2
NGC5713	20.72	4.39	172.5	0.93	1.41	2
NGC5713	20.72	4.39	187.5	nan	nan	nan
NGC5713	20.72	4.39	202.5	nan	nan	nan
NGC5713	20.72	4.39	217.5	nan	nan	nan
NGC5713	20.72	4.39	232.5	nan	nan	nan
NGC5713	20.72	4.39	247.5	nan	nan	nan
NGC5713	20.72	4.39	262.5	nan	nan	nan
NGC5713	20.72	4.39	277.5	nan	nan	nan
NGC5713	20.72	4.39	292.5	nan	nan	nan
NGC5713	20.72	4.39	307.5	nan	nan	nan
NGC5713	20.72	4.39	322.5	nan	nan	nan
NGC5713	20.72	4.39	337.5	nan	nan	nan
NGC5713	20.72	4.39	352.5	nan	nan	nan
NGC5713	20.72	4.39	367.5	nan	nan	nan
NGC5713	20.72	4.39	382.5	nan	nan	nan
NGC5713	20.72	4.39	397.5	nan	nan	nan
NGC6946	5.54	1.47	7.5	5.07	nan	2
NGC6946	5.54	1.47	22.5	7.12	266.83	0
NGC6946	5.54	1.47	37.5	6.60	105.83	0
NGC6946	5.54	1.47	52.5	5.78	56.77	0
NGC6946	5.54	1.47	67.5	6.24	46.12	0
NGC6946	5.54	1.47	82.5	6.48	40.42	0
NGC6946	5.54	1.47	97.5	7.39	38.19	0
NGC6946	5.54	1.47	112.5	7.97	33.46	0
NGC6946	5.54	1.47	127.5	8.60	29.32	0
NGC6946	5.54	1.47	142.5	8.44	26.68	0
NGC6946	5.54	1.47	157.5	8.44	22.09	0
NGC6946	5.54	1.47	172.5	8.76	18.64	0
NGC6946	5.54	1.47	187.5	9.10	14.59	0
NGC6946	5.54	1.47	202.5	8.93	11.85	0
NGC6946	5.54	1.47	217.5	10.00	9.27	0
NGC6946	5.54	1.47	232.5	10.00	7.68	0
NGC6946	5.54	1.47	247.5	8.13	5.78	0
NGC6946	5.54	1.47	262.5	7.68	4.70	0
NGC6946	5.54	1.47	277.5	7.82	3.54	0
NGC6946	5.54	1.47	292.5	6.99	2.34	0
NGC6946	5.54	1.47	307.5	6.36	1.57	0
NGC6946	5.54	1.47	322.5	5.68	1.04	1
NGC6946	5.54	1.47	337.5	5.07	1.19	1
NGC6946	5.54	1.47	352.5	4.61	0.66	2
NGC6946	5.54	1.47	367.5	4.44	0.71	2
NGC6946	5.54	1.47	382.5	4.44	0.73	2
NGC6946	5.54	1.47	397.5	4.20	0.83	2
NGC7331	13.43	2.70	7.5	3.41	nan	2
NGC7331	13.43	2.70	22.5	3.41	23.83	0
NGC7331	13.43	2.70	37.5	4.61	34.10	0
NGC7331	13.43	2.70	52.5	5.47	32.23	0
NGC7331	13.43	2.70	67.5	6.12	21.68	0
NGC7331	13.43	2.70	82.5	6.48	14.86	0
NGC7331	13.43	2.70	97.5	6.99	8.13	0
NGC7331	13.43	2.70	112.5	8.13	6.24	0
NGC7331	13.43	2.70	127.5	7.82	4.04	0
NGC7331	13.43	2.70	142.5	8.44	3.05	0
NGC7331	13.43	2.70	157.5	8.28	1.97	0
NGC7331	13.43	2.70	172.5	7.39	1.35	1
NGC7331	13.43	2.70	187.5	6.86	0.88	1
NGC7331	13.43	2.70	202.5	6.73	0.84	0
NGC7331	13.43	2.70	217.5	6.73	0.89	0
NGC7331	13.43	2.70	232.5	6.86	0.98	0
NGC7331	13.43	2.70	247.5	6.36	0.74	0
NGC7331	13.43	2.70	262.5	6.24	0.58	1
NGC7331	13.43	2.70	277.5	5.57	0.37	1
NGC7331	13.43	2.70	292.5	4.28	0.30	2
NGC7331	13.43	2.70	307.5	3.41	0.30	2
NGC7331	13.43	2.70	322.5	2.57	0.31	2
NGC7331	13.43	2.70	337.5	1.97	0.33	2
NGC7331	13.43	2.70	352.5	1.28	0.35	2
NGC7331	13.43	2.70	367.5	0.88	0.37	2
NGC7331	13.43	2.70	382.5	0.62	0.38	2
NGC7331	13.43	2.70	397.5	0.37	0.37	2
