# (0)galaxy (1) R (kpc) (2) v_sf_hi (Msun/yr/kpc^3) (3)err_v_sf_hi (4)v_sf_h2 (5)err_v_sf_h2 (6) v_sf_gas (7) err_v_sf_gas (8) v_sf_c (9) err_v_sfr_c
DDO154 0.1 0.00129358228415 0.000302390747852 0.0 0.0 0.00129358228415 0.000302390747852 0.00452084276799 0.000956332123997
DDO154 0.3 0.0011817407104 0.000182850863707 0.0 0.0 0.0011817407104 0.000182850863707 0.00426002491601 0.000521635703999
DDO154 0.5 0.000969023993702 0.000172359259693 0.0 0.0 0.000969023993702 0.000172359259693 0.00360798028599 0.000565105346001
DDO154 0.7 0.000743058379034 0.000211084913624 0.0 0.0 0.000743058379034 0.000211084913624 0.00286899637199 0.000782453555998
DDO154 0.9 0.00055064245748 0.000178614243109 0.0 0.0 0.00055064245748 0.000178614243109 0.002216951742 0.000695514271998
DDO154 1.1 0.000391070214417 0.000118607677104 0.0 0.0 0.000391070214417 0.000118607677104 0.001651846396 0.000478166062001
DDO154 1.4 0.000255785948023 9.01899597463e-05 0.0 0.0 0.000255785948023 9.01899597463e-05 0.001173680334 0.000391226777999
IC2574 0.1 0.00067717400749 0.000106137598982 0.0 0.0 0.00067717400749 0.000106137598982 0.00279737916806 0.000417519278815
IC2574 0.3 0.000758929016759 0.000165927352388 0.0 0.0 0.000758929016759 0.000165927352388 0.00313139459111 0.000668030846104
IC2574 0.5 0.000826623138444 0.000245150304405 0.0 0.0 0.000826623138444 0.000245150304405 0.00342365808628 0.00100204626915
IC2574 0.7 0.00087045377351 0.000313773618376 0.0 0.0 0.00087045377351 0.000313773618376 0.00363241772569 0.00129430976433
IC2574 0.9 0.000851792244074 0.000303506650666 0.0 0.0 0.000851792244074 0.000303506650666 0.00359066579781 0.00125255783644
IC2574 1.1 0.000753787380307 0.000224509292035 0.0 0.0 0.000753787380307 0.000224509292035 0.00321489844687 0.000918542413394
IC2574 1.3 0.000628463003086 0.000144205047928 0.0 0.0 0.000628463003086 0.000144205047928 0.00271387531229 0.00058452699034
IC2574 1.5 0.00054429877142 0.000104356761265 0.0 0.0 0.00054429877142 0.000104356761265 0.00237985988924 0.000417519278815
IC2574 1.6 0.00053152102965 0.00012212961839 0.0 0.0 0.00053152102965 0.00012212961839 0.00233810796136 0.000501023134579
IC2574 1.8 0.000469142487875 0.000103701619507 0.0 0.0 0.000469142487875 0.000103701619507 0.00208759639407 0.000417519278815
IC2574 2.0 0.000408560778951 6.96256122885e-05 0.0 0.0 0.000408560778951 6.96256122885e-05 0.00183708482678 0.000250511567289
IC2574 2.2 0.000423246626459 0.000102805276882 0.0 0.0 0.000423246626459 0.000102805276882 0.00192058868255 0.000417519278815
IC2574 2.4 0.00047476979152 0.000155903521017 0.0 0.0 0.00047476979152 0.000155903521017 0.00217110024984 0.000668030846104
IC2574 2.6 0.000535301254241 0.000244679811406 0.0 0.0 0.000535301254241 0.000244679811406 0.002463363745 0.00108555012492
IC2574 2.8 0.000577817320429 0.000289135059126 0.0 0.0 0.000577817320429 0.000289135059126 0.00267212338441 0.00129430976433
IC2574 3.0 0.000539720924833 0.00022643414999 0.0 0.0 0.000539720924833 0.00022643414999 0.00250511567289 0.00100204626915
IC2574 3.2 0.000439626605629 0.000138219251603 0.0 0.0 0.000439626605629 0.000138219251603 0.00204584446619 0.00058452699034
IC2574 3.4 0.000367198980736 9.59773120798e-05 0.0 0.0 0.000367198980736 9.59773120798e-05 0.00171182904314 0.000375767350933
IC2574 3.6 0.000330969623969 8.737209623e-05 0.0 0.0 0.000330969623969 8.737209623e-05 0.00154482133162 0.000334015423052
IC2574 3.8 0.000321707976459 9.54053630427e-05 0.0 0.0 0.000321707976459 9.54053630427e-05 0.00150306940373 0.000375767350933
IC2574 4.0 0.000339214940052 0.000113317008226 0.0 0.0 0.000339214940052 0.000113317008226 0.00158657325949 0.000459271206697
IC2574 4.2 0.000383266219244 0.000133369295894 0.0 0.0 0.000383266219244 0.000133369295894 0.0017953328989 0.000542775062457
IC2574 4.4 0.000462416973329 0.000187809740793 0.0 0.0 0.000462416973329 0.000187809740793 0.00217110024984 0.000793286629747
IC2574 4.6 0.000646938287557 0.00032245829597 0.0 0.0 0.000646938287557 0.00032245829597 0.00304789073534 0.00141956554797
IC2574 4.8 0.000828995770707 0.000456490468841 0.0 0.0 0.000828995770707 0.000456490468841 0.00392468122086 0.00204584446619
IC2574 4.9 0.000861628023158 0.000488783744021 0.0 0.0 0.000861628023158 0.000488783744021 0.00409168893238 0.00221285217772
IC2574 5.1 0.000855157278299 0.000498643855022 0.0 0.0 0.000855157278299 0.000498643855022 0.00409168893238 0.00229635603348
IC2574 5.3 0.000838358540298 0.000499455241169 0.0 0.0 0.000838358540298 0.000499455241169 0.00404993700452 0.00233810796136
IC2574 5.5 0.00070042146782 0.000396541016643 0.0 0.0 0.00070042146782 0.000396541016643 0.00342365808628 0.00187883675467
IC2574 5.7 0.000505359001632 0.000245029682339 0.0 0.0 0.000505359001632 0.000245029682339 0.00250511567289 0.00116905398068
IC2574 5.9 0.000348026945205 0.000131626378693 0.0 0.0 0.000348026945205 0.000131626378693 0.00175358097102 0.000626278918222
IC2574 6.1 0.00023589209789 7.10183964093e-05 0.0 0.0 0.00023589209789 7.10183964093e-05 0.00121080590856 0.000334015423052
IC2574 6.3 0.000175298984953 4.55869520422e-05 0.0 0.0 0.000175298984953 4.55869520422e-05 0.000918542413394 0.000208759639407
IC2574 6.5 0.000163599909922 4.45488885395e-05 0.0 0.0 0.000163599909922 4.45488885395e-05 0.000876790485511 0.000208759639407
IC2574 6.7 0.000152076386932 5.01244888023e-05 0.0 0.0 0.000152076386932 5.01244888023e-05 0.000835038557629 0.000250511567289
IC2574 6.9 0.000133395799573 4.15961030811e-05 0.0 0.0 0.000133395799573 4.15961030811e-05 0.000751534701865 0.000208759639407
IC2574 7.1 0.000115428708954 4.01998538435e-05 0.0 0.0 0.000115428708954 4.01998538435e-05 0.000668030846104 0.000208759639407
IC2574 7.3 0.000105247970238 3.29995575682e-05 0.0 0.0 0.000105247970238 3.29995575682e-05 0.000626278918222 0.000167007711526
IC2574 7.5 8.86568739119e-05 3.07039944019e-05 0.0 0.0 8.86568739119e-05 3.07039944019e-05 0.000542775062457 0.000167007711526
IC2574 7.7 0.0 6.62577814559e-05 0.0 0.0 0.0 6.62577814559e-05 0.0 0.000417519278815
IC2574 7.9 0.0 6.43596078149e-05 0.0 0.0 0.0 6.43596078149e-05 0.0 0.000417519278815
IC2574 8.0 0.0 6.34291798231e-05 0.0 0.0 0.0 6.34291798231e-05 0.0 0.000417519278815
IC2574 8.2 0.0 6.16091394015e-05 0.0 0.0 0.0 6.16091394015e-05 0.0 0.000417519278815
IC2574 8.4 0.0 5.98446838225e-05 0.0 0.0 0.0 5.98446838225e-05 0.0 0.000417519278815
IC2574 8.6 0.0 5.81330190521e-05 0.0 0.0 0.0 5.81330190521e-05 0.0 0.000417519278815
IC2574 8.8 0.0 5.6466630063e-05 0.0 0.0 0.0 5.6466630063e-05 0.0 0.000417519278815
NGC0925 0.2 0.0217011169631 0.0073401345266 0.0499066470791 0.0168803063896 0.0253696884684 0.00785481917681 0.0729749122522 0.0123703911083
NGC0925 0.7 0.0138967060668 0.00308322867761 0.0313545712704 0.00695656314887 0.0156699402294 0.00335099844089 0.046934719205 0.00764053568454
NGC0925 1.1 0.00996802366215 0.00205792227397 0.0221553679849 0.00457402859477 0.0111634806757 0.00220772029685 0.0340445637644 0.00478183185697
NGC0925 1.6 0.00656689882259 0.0012724648307 0.0143540021214 0.00278136809667 0.00730820055005 0.00135645093137 0.0229216070536 0.002962656694
NGC0925 2.0 0.00546199818304 0.00143267020755 0.0118072576305 0.00309701791784 0.00600745413934 0.00154872553809 0.0194911624605 0.00441799682437
NGC0925 2.5 0.00448798923367 0.0011889114562 0.00959759781327 0.00254249584793 0.00476013982299 0.00125210694917 0.0165285057665 0.00400218535857
NGC0925 2.9 0.00289848706873 0.000557920370116 0.00615933924255 0.00118559122342 0.00298974503082 0.000571181143024 0.0109670274111 0.00176719872976
NGC0925 3.3 0.00220484484032 0.000343104706014 0.00466406141827 0.000725793213421 0.00225177939826 0.000347983093494 0.00857611148265 0.00103952866456
NGC0925 3.8 0.00194981293845 0.000340687005488 0.00410950729498 0.000718046181126 0.00198185647385 0.000343150207877 0.00784844141742 0.000831622931648
NGC0925 4.2 0.00193647778112 0.000318662132594 0.00407454509929 0.000670497355225 0.00195806183545 0.000320476441401 0.00800437071714 0.000883599364878
NGC0925 4.7 0.00185207460091 0.000340570379684 0.0038930455815 0.000715876137586 0.00186748293999 0.000342034780805 0.00790041785067 0.000987552231335
NGC0925 5.1 0.00149944688641 0.000293711616118 0.00315116094028 0.000617249320936 0.00150945811236 0.000294470658663 0.00654903058672 0.000727670065195
NGC0925 5.6 0.00122729806152 0.000252433361349 0.0025796670824 0.000530591592368 0.0012359687803 0.000253178735903 0.00550950192219 0.000675693631964
NGC0925 6.0 0.001395429793 0.000368748030644 0.00293399043866 0.000775318974562 0.00141561350271 0.000371901741231 0.00639310128705 0.00124743439748
NGC0925 6.5 0.00152893384562 0.000450154414409 0.00321618334433 0.000946920714818 0.00155444366387 0.000455108423958 0.00717274778549 0.0016632458633
NGC0925 6.9 0.00136042154557 0.000352074180749 0.00286273157593 0.000740868797305 0.00137712813051 0.000354652377208 0.00649705415351 0.00124743439748
NGC0925 7.4 0.00113992769019 0.000229660199798 0.00239966939425 0.000483459220506 0.00114986419625 0.000230622651971 0.0055614783554 0.000727670065195
NGC0925 7.8 0.00113152772154 0.000257134268872 0.0023825890466 0.000541431978071 0.00113669668718 0.000257820039037 0.00561345478865 0.000935575798105
NGC0925 8.3 0.000861835253529 0.000218872580886 0.00181519415034 0.000460988601784 0.000861835253529 0.000218872580886 0.00436602039116 0.000883599364878
NGC0925 8.7 0.00059500354436 0.000123104343307 0.00125343425903 0.000259331566675 0.00059500354436 0.000123104343307 0.00306660956046 0.000467787899054
NGC0925 9.1 0.000495261541126 9.29390157524e-05 0.0010435188157 0.000195823021973 0.000495261541126 9.29390157524e-05 0.0025988216614 0.000311858599369
NGC0925 9.6 0.000512560251052 0.000104186419058 0.00108024834055 0.000219578490655 0.000512560251052 0.000104186419058 0.00275475096109 0.000415811465824
NGC0925 10.0 0.000606313101098 0.000138216356547 0.00127812612172 0.000291364206764 0.000606313101098 0.000138216356547 0.0033264917266 0.000623717198738
NGC0925 10.5 0.000746272455852 0.000206800163212 0.00157361426316 0.000436065519907 0.000746272455852 0.000206800163212 0.00421009109149 0.00103952866456
NGC0925 10.9 0.000791458441766 0.000254944810579 0.00166923093692 0.000537693127736 0.000791458441766 0.000254944810579 0.00457392612408 0.00135138726393
NGC0925 11.4 0.000696555899181 0.000201510184298 0.00146931002175 0.000425064138601 0.000696555899181 0.000201510184298 0.00415811465824 0.00103952866456
NGC0925 11.8 0.000448856652374 0.000100938176556 0.00094681785357 0.00021291890666 0.000448856652374 0.000100938176556 0.00275475096109 0.000467787899054
NGC0925 12.3 0.0003183991456 7.61587250121e-05 0.000671485418612 0.000160614354819 0.0003183991456 7.61587250121e-05 0.0020270808959 0.000363835032597
NGC0925 12.7 0.000237504921819 5.55099964645e-05 0.000500691638431 0.000117022379436 0.000237504921819 5.55099964645e-05 0.00155929299684 0.00025988216614
NGC0925 13.2 0.000197791069234 5.70863379138e-05 0.000416654659385 0.000120254613978 0.000197791069234 5.70863379138e-05 0.00135138726393 0.000311858599369
NGC0925 13.6 0.000169328015606 6.05710395659e-05 0.000356413518805 0.000127494185012 0.000169328015606 6.05710395659e-05 0.00119545796425 0.000363835032597
NGC0925 14.0 0.000128178004455 4.9270411628e-05 0.000269559209059 0.000103616008417 0.000128178004455 4.9270411628e-05 0.000935575798105 0.000311858599369
NGC0925 14.5 0.0 6.82790208871e-05 0.0 0.000143440858496 0.0 6.82790208871e-05 0.0 0.000519764332281
NGC0925 14.9 0.0 6.60140981792e-05 0.0 0.000138605251117 0.0 6.60140981792e-05 0.0 0.000519764332281
NGC0925 15.4 0.0 6.32927274465e-05 0.0 0.000132904742168 0.0 6.32927274465e-05 0.0 0.000519764332281
NGC0925 15.8 0.0 6.12040688582e-05 0.0 0.000128669835325 0.0 6.12040688582e-05 0.0 0.000519764332281
NGC0925 16.3 0.0 5.86952473619e-05 0.0 0.000123845337088 0.0 5.86952473619e-05 0.0 0.000519764332281
NGC0925 16.7 0.0 5.67565000487e-05 0.0 0.000120404848006 0.0 5.67565000487e-05 0.0 0.000519764332281
NGC2403 0.1 0.0268665943347 0.00268487210646 0.0593304048239 0.00592909346796 0.0383547155999 0.00516033784235 0.036610388717 0.00200963947611
NGC2403 0.2 0.0280276603656 0.00290102589907 0.0623134205846 0.00644980153956 0.0401906492033 0.00554385756731 0.0385763403784 0.0023591419937
NGC2403 0.4 0.0282253401077 0.00269162313436 0.0633817638947 0.00604420784106 0.042644380781 0.00584651104729 0.0396685357458 0.00257758106719
NGC2403 0.5 0.0265655145721 0.00382555575917 0.0598580938467 0.00861983964311 0.0395906893023 0.00697257242932 0.0377462718991 0.00489303524616
NGC2403 0.7 0.0238299328597 0.00536522275647 0.0539150130257 0.0121387691901 0.0343960399857 0.00849941055459 0.0346444370555 0.00751430412807
NGC2403 0.9 0.02214159013 0.00667978963599 0.0501484870708 0.0151290554215 0.0300498059455 0.00946902798894 0.032984300097 0.00961131923358
NGC2403 1.0 0.0222376430536 0.00780985179819 0.0503456872197 0.0176813862385 0.0298136921077 0.0107758735513 0.0335522416881 0.0114025196362
NGC2403 1.2 0.0229795296738 0.00921207890124 0.051905486243 0.0208079730728 0.0308638422856 0.0126271338023 0.0356055689789 0.0138490372593
NGC2403 1.3 0.0226362202738 0.00955955512478 0.0510398897206 0.0215547751986 0.030317720328 0.0130298780778 0.0355618811642 0.0145917301092
NGC2403 1.5 0.0200238300062 0.00779120753065 0.0449493225159 0.0174896360974 0.0262791663213 0.0104132480548 0.0323726706912 0.0121452124861
NGC2403 1.6 0.0169336507923 0.00541586089602 0.0379149611776 0.0121262779146 0.0216906880996 0.00711065647704 0.0277854501479 0.00843174823671
NGC2403 1.8 0.0137387281384 0.00325423461342 0.0305897597078 0.00724566741948 0.0167246374404 0.00409594978085 0.0232419174194 0.00502409869028
NGC2403 1.9 0.0113640709978 0.00212588702453 0.0252281006856 0.00471944357891 0.0135126351162 0.00263929183947 0.01952845317 0.00314552265826
NGC2403 2.1 0.00947875418917 0.00169752846385 0.0209166329554 0.00374591207884 0.0109006196407 0.0020165296061 0.0168198086587 0.00257758106719
NGC2403 2.2 0.0082833461166 0.00144885894216 0.0182238449468 0.00318757424112 0.00937792276208 0.0016847840354 0.0149412326267 0.0022280785496
NGC2403 2.4 0.0074731803833 0.00123112697659 0.0163446273991 0.00269260350765 0.0083033623604 0.00140019632049 0.0139364128887 0.00196595166141
NGC2403 2.6 0.0068842439949 0.00106685389788 0.014971879807 0.00232019788121 0.00764746937112 0.00122188766105 0.0132810956682 0.00179120040262
NGC2403 2.7 0.00654462858206 0.000971598244535 0.0141950913302 0.00210736570372 0.00725373446607 0.00111329427103 0.0128442175212 0.00166013695853
NGC2403 2.9 0.0060858001731 0.000950660103927 0.0131332748469 0.00205154294846 0.00673169028895 0.0010751992028 0.0123636515596 0.00161644914383
NGC2403 3.0 0.00598097933526 0.00100895816874 0.0128766283008 0.00217221605052 0.00661732363622 0.00113402907964 0.0123636515596 0.00174751258792
NGC2403 3.2 0.00626595845168 0.0013537593481 0.0134314048721 0.00290185293183 0.00695892116501 0.00151582715951 0.0134121591123 0.00257758106719
NGC2403 3.3 0.00708022531998 0.002123088605 0.0151464899031 0.00454185264816 0.00777874502357 0.00233921415664 0.0154217985884 0.00436878146981
NGC2403 3.5 0.00732197406551 0.00267341001663 0.0156067643927 0.00569836493293 0.00788648928039 0.00288106779163 0.0165139939559 0.00581047935484
NGC2403 3.6 0.0068151124243 0.00259679964886 0.0145025787439 0.00552599708487 0.00725346330531 0.00276375731261 0.0156402376619 0.00576679154013
NGC2403 3.8 0.00568235929583 0.0019838738858 0.0120566247238 0.00420931195919 0.00590075779746 0.00205857266628 0.0134995347417 0.00454353272859
NGC2403 4.0 0.00458462198058 0.00145224043987 0.00970320396127 0.0030736198641 0.0046759839852 0.00147968933237 0.0112714561921 0.00340764954645
NGC2403 4.1 0.00373866717822 0.00116251487709 0.00790410114953 0.00245773018521 0.0037870162547 0.00117644187312 0.00934919234538 0.00275233232598
NGC2403 4.3 0.00290547262639 0.000856880187576 0.00613090190809 0.00180812179379 0.00293849448776 0.000865562361406 0.00751430412807 0.00205332729081
NGC2403 4.4 0.00227605616726 0.000576459112535 0.00479881810029 0.00121540165093 0.00229643312909 0.000580785537443 0.00598523061363 0.00135432225564
NGC2403 4.6 0.00181664310663 0.000411428108315 0.00382484164906 0.000866239141046 0.00182754555938 0.000413356522148 0.00493672306087 0.000961131923358
NGC2403 4.7 0.00155016619688 0.000350778362014 0.00326187024479 0.000738110212876 0.00155980495832 0.000352472940497 0.00428140584039 0.000830068479263
NGC2403 4.9 0.00134823019749 0.00031014825623 0.00283418240361 0.000651978224457 0.00135909118301 0.000312033696557 0.00384452769343 0.000742692849866
NGC2403 5.0 0.00120654737919 0.000313814187002 0.00253533180249 0.000659421339018 0.00121667086765 0.000315893002705 0.00349502517584 0.000786380664564
NGC2403 5.2 0.00111132549129 0.000356608268953 0.00233374407546 0.00074886470386 0.00112119641705 0.00035927921137 0.00332027391705 0.000961131923358
NGC2403 5.4 0.00104989815091 0.000445220682878 0.00220373353107 0.000934517073616 0.00105960933479 0.000449047373101 0.00323289828766 0.00131063444094
NGC2403 5.5 0.00100649897562 0.000530513770258 0.00211227372075 0.00111335463081 0.00101223777186 0.000533411657023 0.00314552265826 0.00161644914383
NGC2403 5.7 0.000909777173278 0.000526325591568 0.00190881331965 0.00110428941192 0.000910645769722 0.000526810518285 0.00292708358477 0.00166013695853
NGC2403 5.8 0.000803206542944 0.000438504763721 0.00168507475413 0.00091995429246 0.000803206542944 0.000438504763721 0.00262126888188 0.00139801007034
NGC2403 6.0 0.000689983550815 0.000311017337045 0.00144739130485 0.000652426842299 0.000689983550815 0.000311017337045 0.002315454179 0.00100481973806
NGC2403 6.1 0.000629261213006 0.000195559417708 0.00131997982747 0.000410218333992 0.000629261213006 0.000195559417708 0.0021407029202 0.000611629405774
NGC2403 6.3 0.000587672273136 0.000144425229829 0.00123272599406 0.000302952416078 0.000587672273136 0.000144425229829 0.00205332729081 0.000436878146981
NGC2403 6.4 0.000555367505092 0.000120174867607 0.00116497200947 0.000252085971398 0.000555367505092 0.000120174867607 0.00196595166141 0.000349502517584
NGC2403 6.6 0.0005052855048 0.000104992848266 0.00105995259108 0.00022024665364 0.0005052855048 0.000104992848266 0.00183488821732 0.000305814702886
NGC2403 6.7 0.00043962038575 8.07642121901e-05 0.000922224143431 0.000169425051297 0.00043962038575 8.07642121901e-05 0.00161644914383 0.00021843907349
NGC2403 6.9 0.000394264673084 7.53417382649e-05 0.000827111542802 0.000158056315029 0.000394264673084 7.53417382649e-05 0.00148538569974 0.00021843907349
NGC2403 7.1 0.000362434494889 7.01456682596e-05 0.000760357307046 0.000147159754855 0.000362434494889 7.01456682596e-05 0.00139801007034 0.00021843907349
NGC2403 7.2 0.00033590098201 6.71202746347e-05 0.000704695968767 0.000140813482219 0.00033590098201 6.71202746347e-05 0.00131063444094 0.00021843907349
NGC2403 7.4 0.000295611653496 5.48132845892e-05 0.000620164121573 0.000114992870158 0.000295611653496 5.48132845892e-05 0.00117957099685 0.000174751258792
NGC2403 7.5 0.000259911051032 5.23783284138e-05 0.00054525688806 0.000109882377988 0.000259911051032 5.23783284138e-05 0.00104850755276 0.000174751258792
NGC2403 7.7 0.000233231368233 5.03027390239e-05 0.000489251480627 0.000105520495521 0.000233231368233 5.03027390239e-05 0.000961131923358 0.000174751258792
NGC2403 7.8 0.00019934762739 4.79132638608e-05 0.000418150916105 0.000100502701935 0.00019934762739 4.79132638608e-05 0.000830068479263 0.000174751258792
NGC2403 8.0 0.000164510820777 3.62590932648e-05 0.000345027358562 7.6045934936e-05 0.000164510820777 3.62590932648e-05 0.000699005035167 0.000131063444094
NGC2403 8.1 0.000142535895923 2.62073085215e-05 0.000298911893842 5.49593221546e-05 0.000142535895923 2.62073085215e-05 0.000611629405774 8.73756293961e-05
NGC2403 8.3 0.000119851057775 2.42931329706e-05 0.000251282659078 5.09335767539e-05 0.000119851057775 2.42931329706e-05 0.000524253776378 8.73756293961e-05
NGC2403 8.5 0.000107846161809 1.58147389994e-05 0.000226048882058 3.31481808059e-05 0.000107846161809 1.58147389994e-05 0.000480565961679 4.36878146981e-05
NGC2403 8.6 9.71610860114e-05 1.48266302559e-05 0.000203619413237 3.10720050273e-05 9.71610860114e-05 1.48266302559e-05 0.000436878146981 4.36878146981e-05
NGC2403 8.8 9.54676646561e-05 2.20569544966e-05 0.000199996660445 4.62074489283e-05 9.54676646561e-05 2.20569544966e-05 0.000436878146981 8.73756293961e-05
NGC2841 0.3 0.0725471217593 0.0349968480953 0.114690971688 0.0553271090118 0.0 0.0 0.0203516965599 0.00824629621089
NGC2841 1.0 0.014405212656 0.00666133330715 0.0324676378916 0.0150138538637 0.0 0.0 0.00820567406207 0.00312790545931
NGC2841 1.7 0.00497616326708 0.00155794023147 0.0122761765701 0.00384343284988 0.0 0.0 0.0040215927334 0.000690576529978
NGC2841 2.4 0.00366994149892 0.00100136182096 0.0091877568248 0.00250692522137 0.0091877568248 65.9974792556 0.00369661554282 0.000284355041755
NGC2841 3.1 0.00407415243267 0.00353257058182 0.0100435629604 0.00870846038205 0.0100435629604 0.107040797287 0.00479341356104 0.000528087934688
NGC2841 3.8 0.00530689922091 0.00266948589792 0.0127171904623 0.00639702379619 0.00685157956967 0.00288280138385 0.00702763174623 0.000731198678799
NGC2841 4.4 0.00589987934379 0.00287949135123 0.0137445632718 0.00670816278801 0.00785468167063 0.00308950750288 0.00849002910383 0.000568710083512
NGC2841 5.1 0.00537514382042 0.00207204688491 0.0121092419621 0.00466795269567 0.0073134795701 0.002220251313 0.0084087848062 0.000324977190578
NGC2841 5.8 0.00472439416551 0.00190889180026 0.0103119093693 0.00416652771772 0.00634387912575 0.0020068883599 0.00796194116913 0.000284355041755
NGC2841 6.5 0.00416167131999 0.00153122908006 0.00883142842043 0.00324940125639 0.00548788870343 0.00159700054151 0.00751509753211 0.000406221488222
NGC2841 7.2 0.00341125054692 0.00107792915647 0.00706816840926 0.002233487311 0.0043159887477 0.00111477601045 0.00658078810921 0.000406221488222
NGC2841 7.9 0.0026056887022 0.0008062167887 0.00529593493676 0.00163859621997 0.00317321428366 0.000828615328742 0.00536212364451 0.000446843637043
NGC2841 8.5 0.0021676469912 0.000671761413518 0.00434922410651 0.00134783982141 0.0025665154798 0.000684793130656 0.00471216926337 0.000406221488222
NGC2841 9.2 0.00180580281966 0.000554899377742 0.00358348103344 0.00110115643522 0.00204132425473 0.000562374158467 0.00418408132867 0.000406221488222
NGC2841 9.9 0.00149697289016 0.000482174402527 0.00294958281639 0.00095005951113 0.0016385265508 0.000485601584894 0.00369661554282 0.0003655993394
NGC2841 10.6 0.0011886771654 0.000341183082151 0.00233345497036 0.000669765838887 0.0012666375938 0.000342948854516 0.00312790545931 0.000284355041755
NGC2841 11.3 0.000927461018629 0.000280296898123 0.00181909514428 0.000549766206979 0.000963724055909 0.000281015346148 0.00259981752462 0.000243732892933
NGC2841 12.0 0.000680582047572 0.000235090224058 0.00133677370925 0.000461755392967 0.000697961090732 0.000235625308146 0.00203110744111 0.000243732892933
NGC2841 12.6 0.000477624097155 0.000182468433221 0.000940608592859 0.000359344047412 0.000483839646966 0.000182698972144 0.00150301950642 0.000203110744111
NGC2841 13.3 0.000315821592773 0.000108603395431 0.000624643451898 0.000214799752019 0.000316001600788 0.000108614667951 0.00105617586938 0.000162488595289
NGC2841 14.0 0.00020602140388 7.46384424866e-05 0.000409603409777 0.000148393127932 0.00020602140388 7.46384424866e-05 0.000731198678799 0.000121866446467
NGC2841 14.7 0.000140423159163 5.06730488906e-05 0.000280789651281 0.000101325648933 0.000140423159163 5.06730488906e-05 0.000528087934688 8.12442976444e-05
NGC2841 15.4 0.000102121055782 3.60594168612e-05 0.000205419826285 7.25346902345e-05 0.000102121055782 3.60594168612e-05 0.000406221488222 8.12442976444e-05
NGC2841 16.1 0.0 9.6730305575e-05 0.0 0.000195729417249 0.0 9.6730305575e-05 0.0 0.000406221488222
NGC2841 16.7 0.0 9.24844257238e-05 0.0 0.000188052688066 0.0 9.24844257238e-05 0.0 0.000406221488222
NGC2976 0.1 0.052770097568 0.0537001327617 0.110722631182 0.112674038295 0.0573067002825 0.0541744807601 0.0485916093207 0.00916298918621
NGC2976 0.3 0.0400754165363 0.0252537776575 0.0837131773206 0.0527523891147 0.0429118178333 0.0256204538543 0.0384567879481 0.00846882333876
NGC2976 0.4 0.0303319511288 0.0122848114337 0.0634900367319 0.025714241918 0.0320838741113 0.0125292192732 0.0299879646094 0.00573843767218
NGC2976 0.6 0.0250683966844 0.00439844902518 0.052872600894 0.00927691717935 0.0261942037471 0.00459426440198 0.0265171353722 0.00379477329934
NGC2976 0.8 0.02364398792 0.00382701855404 0.0503668614228 0.00815238587611 0.0247548999353 0.00400832588266 0.0268873571575 0.00337827379087
NGC2976 1.0 0.0261585838619 0.00723309278586 0.0563627157395 0.0155848173876 0.0279663165822 0.00775928727669 0.0320704621517 0.00823743472296
NGC2976 1.1 0.0329350205571 0.0138418650594 0.0713898820827 0.0300035979234 0.0361731298481 0.015275417316 0.0419738949085 0.0171690352933
NGC2976 1.3 0.0349223729046 0.0170154514589 0.0765739900486 0.0373096356953 0.0406505002906 0.0200235273157 0.0482213875353 0.0231388615813
NGC2976 1.5 0.0282630024272 0.0148477509601 0.0625198882581 0.0328443424686 0.0337793796222 0.0179717237043 0.0424366721403 0.0220281962254
NGC2976 1.7 0.017688936553 0.0100899843433 0.0392564950686 0.0223923817821 0.0203299768037 0.0116769018869 0.0289698546998 0.0163360362764
NGC2976 1.8 0.0102188056575 0.00633782421845 0.0226494405994 0.0140474511383 0.0114074935752 0.007100869124 0.0174929793555 0.0107364317737
NGC2976 2.0 0.00519181925551 0.00324102186036 0.0113993653045 0.00711611678451 0.00544282035049 0.00339757922705 0.00971832186417 0.00596982628799
NGC2976 2.2 0.00246424273074 0.00148379056036 0.0053082589581 0.00319625353285 0.00248369579405 0.00149506550682 0.00504427182473 0.00296177428241
NGC2976 2.4 0.00124171631173 0.00069549845153 0.00260055746651 0.00145659976759 0.00124171631173 0.00069549845153 0.00277666338976 0.0014808871412
NGC2976 2.5 0.000673700137914 0.000323267270804 0.0013871829988 0.000665623824151 0.000673700137914 0.000323267270804 0.00157344258753 0.000694165847441
NGC2976 2.7 0.000382246420617 0.000168001632989 0.000757311777139 0.000332847106941 0.000382246420617 0.000168001632989 0.000971832186413 0.000370221785301
NGC2976 2.9 0.000235008840792 8.82556616259e-05 0.000445992703526 0.000167488937852 0.000235008840792 8.82556616259e-05 0.000647888124277 0.000185110892651
NGC2976 3.1 0.000171306780866 5.3518203181e-05 0.000310378703894 9.6965867049e-05 0.000171306780866 5.3518203181e-05 0.000509054954791 9.25554463253e-05
NGC3198 0.3 0.100864905939 0.0771643250362 0.241063982819 0.184420332836 0.182361567756 0.117165358326 0.186151386933 0.0878924214351
NGC3198 1.0 0.0259047682526 0.026750276854 0.0603097498943 0.0622782065035 0.0433174542385 0.035938904477 0.050047095501 0.0275283825601
NGC3198 1.7 0.00753612125677 0.00298913129382 0.0172808871915 0.00685430063149 0.0110981122728 0.00411157093421 0.0154258143715 0.00500966961902
NGC3198 2.3 0.00497358472471 0.00121793717268 0.011311261146 0.00276991469576 0.00668852759853 0.00136935676046 0.0107633495775 0.000843211718056
NGC3198 3.0 0.00479023454704 0.00114082413937 0.0108180809893 0.00257639324613 0.00622093497918 0.00125438431996 0.0111105544026 0.000694409650165
NGC3198 3.7 0.0055120262192 0.00151436545218 0.0123730562926 0.00339935411087 0.00711812217591 0.00169962877264 0.0137393909354 0.00173602412541
NGC3198 4.3 0.00551260177946 0.00171669909762 0.0123110178645 0.00383381824124 0.00715593782024 0.00195145503264 0.0146322033427 0.00243043377557
NGC3198 5.0 0.0044605299915 0.00145744866758 0.00990000299362 0.00323476048801 0.00568879949623 0.00163133942271 0.0127473771494 0.00218243032909
NGC3198 5.7 0.00327230506298 0.000896291115019 0.00721673374787 0.00197667827822 0.00405408136076 0.000981148108158 0.0100689399274 0.00128961792173
NGC3198 6.4 0.00221661723585 0.00059473440832 0.0048577591013 0.00130337183983 0.00260552838015 0.000631405558108 0.007340902016 0.000843211718056
NGC3198 7.0 0.00173065699784 0.000418894671033 0.00377317805502 0.000913274081509 0.00196167614919 0.000445932401238 0.00610088478358 0.000843211718056
NGC3198 7.7 0.0013355690069 0.000332032030587 0.00289563452522 0.000719875503459 0.00144317989556 0.000347236768478 0.00505927030835 0.000843211718056
NGC3198 8.4 0.00103706361994 0.000248777248451 0.0022374393169 0.000536730810078 0.00107945828879 0.000255176712951 0.00421605859028 0.000744010339461
NGC3198 9.0 0.000965860452933 0.000259124224263 0.00207630411365 0.00055703770783 0.000986617827011 0.000262666690819 0.004166457901 0.000843211718056
NGC3198 9.7 0.00117157684642 0.000527859876236 0.00250971078364 0.0011307628925 0.00117157684642 0.000527859876236 0.00540647513341 0.00218243032909
NGC3198 10.4 0.000896140134368 0.000370912958017 0.0019143364113 0.000792345029223 0.000896140134368 0.000370912958017 0.00441446134746 0.00158722205752
NGC3198 11.0 0.000524657969025 0.000142412156331 0.00111867000306 0.000303649647512 0.000524657969025 0.000142412156331 0.00272803791136 0.000446406203678
NGC3198 11.7 0.000439945737223 0.000107815491008 0.000936452376758 0.000229492103829 0.000439945737223 0.000107815491008 0.00243043377557 0.000347204825082
NGC3198 12.4 0.000372904562197 0.000102059340051 0.000792722253367 0.000216958219942 0.000372904562197 0.000102059340051 0.00218243032909 0.000396805514379
NGC3198 13.0 0.000242577830846 7.11455277474e-05 0.000515213675553 0.000151106754983 0.000242577830846 7.11455277474e-05 0.00148802067892 0.000297604135784
NGC3198 13.7 0.000145871230431 5.10694255692e-05 0.00030953964851 0.000108369635284 0.000145871230431 5.10694255692e-05 0.000942413096652 0.000248003446487
NGC3198 14.4 0.000102397017764 3.37453961059e-05 0.000217101460712 7.15467593385e-05 0.000102397017764 3.37453961059e-05 0.000694409650165 0.000148802067892
NGC3198 15.1 7.69114201367e-05 2.37234558626e-05 0.000162918571087 5.02525050705e-05 7.69114201367e-05 2.37234558626e-05 0.00054560758227 9.92013785948e-05
NGC4736 0.1 1.91715360616 0.938807470879 3.97403569125 1.94603832709 2.76681150048 0.997417503954 0.362199696376 0.0306387671348
NGC4736 0.3 0.854623599568 0.327433400575 1.73010944964 0.662859790849 1.14754824812 0.344534200644 0.313289372799 0.0360244879202
NGC4736 0.6 0.432845690372 0.0799099641663 0.883416199751 0.163092202224 0.531708661084 0.0899070128361 0.260190155278 0.0288834211011
NGC4736 0.8 0.30692421979 0.0520776525787 0.630666442279 0.107008915414 0.376919410257 0.0603611033811 0.225681648023 0.0266493443308
NGC4736 1.0 0.225030651197 0.0369701884292 0.464605506374 0.0763298378442 0.284595163577 0.0453059637264 0.191771554189 0.024854104069
NGC4736 1.3 0.142396885853 0.0245359439033 0.294862901409 0.0508068667706 0.175774341626 0.0294279162459 0.142063346051 0.0196279601958
NGC4736 1.5 0.0803436535164 0.0150627911854 0.166288873255 0.0311757614282 0.0938251214754 0.0171159374167 0.0865305806191 0.0131252010252
NGC4736 1.7 0.0391138166955 0.00822081844899 0.0807975290744 0.0169817694555 0.043805489815 0.00895503244978 0.044761323861 0.00750011487155
NGC4736 1.9 0.0185907716974 0.00404901830837 0.038290052936 0.00833946690811 0.0203798541766 0.00431086131004 0.0223407677025 0.00371016320773
NGC4736 2.2 0.010028936756 0.00199101355578 0.0205461786558 0.00407896880979 0.0104608257928 0.00203596251373 0.0127661529728 0.00171545180573
NGC4736 2.4 0.00695750298933 0.00132710149435 0.0142029411715 0.00270912488026 0.00719840642127 0.0013450169196 0.00913577822119 0.000997355701004
NGC4736 2.6 0.00573657302452 0.00126217863026 0.0116730665859 0.00256834439856 0.00603378297166 0.00129221995222 0.00773948023979 0.00107714415708
NGC4736 2.8 0.00496369742221 0.00126109770882 0.0100741713877 0.00255948607957 0.00522452646769 0.00129977983201 0.0068618072229 0.00127661529728
NGC4736 3.1 0.00407540371489 0.00114487362128 0.00825117681196 0.00231794328547 0.00422227424339 0.00117293604038 0.00582455729386 0.00131650952532
NGC4736 3.3 0.00325296155434 0.000937563668406 0.00658221645435 0.00189711648973 0.0033641121788 0.000959918768821 0.00474741313678 0.00111703838512
NGC4736 3.5 0.00243748748633 0.000693396029712 0.00493317605963 0.0014033486173 0.00251654742751 0.000708906002867 0.00363037475165 0.000837778788843
NGC4736 3.8 0.001793995978 0.00049631470197 0.00363640004247 0.00100602165526 0.00181952636931 0.000500822648143 0.00275270173477 0.000598413420602
NGC4736 4.0 0.00132601266435 0.00036094744654 0.00269208001035 0.00073279798281 0.00132785066053 0.000361255950013 0.00207449985809 0.000438836508442
NGC4736 4.2 0.000975808722322 0.000259057418761 0.00198469521571 0.000526896314663 0.000975808722322 0.000259057418761 0.00155587489357 0.000319153824321
NGC4736 4.4 0.000736904859033 0.000196220685963 0.00150156324343 0.000399831492533 0.000736904859033 0.000196220685963 0.0011968268412 0.000239365368241
NGC4736 4.7 0.000550262089231 0.000149585282226 0.00112401048302 0.000305555168379 0.000550262089231 0.000149585282226 0.000917567244923 0.000159576912161
NGC4736 4.9 0.000447114006345 0.000119111968685 0.000914446526608 0.000243610185535 0.000447134374002 0.00011911402719 0.000757990332763 0.00011968268412
NGC4736 5.1 0.00037069467417 0.000106751011334 0.00075878528956 0.000218511628815 0.000379415265207 0.000107910343555 0.000638307648642 0.00011968268412
NGC4736 5.4 0.00034011864899 0.000103135690612 0.000696530125219 0.000211211927691 0.000349306645265 0.000104468813278 0.000598413420602 0.00011968268412
NGC4736 5.6 0.000313284901323 9.82916376537e-05 0.000641503928365 0.000201268785741 0.000315371072286 9.86153928318e-05 0.000558519192562 0.00011968268412
NGC4736 5.8 0.000331539649406 9.879326882e-05 0.000678664355854 0.000202230623898 0.000331609694128 9.88031889813e-05 0.000598413420602 0.00011968268412
NGC4736 6.0 0.000327690153654 9.52513377989e-05 0.000670537013086 0.00019490835116 0.000327690153654 9.52513377989e-05 0.000598413420602 0.00011968268412
NGC4736 6.3 0.000343761546929 0.000107730295586 0.000703258165126 0.000220391753176 0.000343761546929 0.000107730295586 0.000638307648642 0.000159576912161
NGC5055 0.2 0.222841797686 0.129613009663 0.506417781824 0.294551262514 0.397165076943 0.171621695647 0.0899869631197 0.0102307035733
NGC5055 0.7 0.156720081974 0.0547683424431 0.340798755214 0.119097582739 0.267213799074 0.0700193626649 0.0962550702383 0.00752893326342
NGC5055 1.2 0.108100486885 0.0314555012328 0.231394496419 0.0673320729366 0.170684541257 0.0367729722755 0.0859883430613 0.0047551157453
NGC5055 1.7 0.0729173640983 0.0193097984952 0.155121545157 0.0410789092046 0.109785963915 0.0216812877136 0.0694174851609 0.00313405355941
NGC5055 2.2 0.0538086166982 0.0110356263385 0.114272304262 0.0234361432805 0.0790948836625 0.0124696782345 0.0585383567133 0.00212539264374
NGC5055 2.7 0.0403555413761 0.00802962695743 0.0857603091889 0.0170639091202 0.0584968437357 0.00909038044674 0.0487039127854 0.00208936903961
NGC5055 3.2 0.028657627425 0.00555920804427 0.0610267166191 0.0118383915358 0.0413675989675 0.00639490428254 0.0376086427129 0.00212539264374
NGC5055 3.7 0.0208085506235 0.00376609456794 0.0444382374953 0.00804278048329 0.0297207737162 0.00443090463589 0.0292871901586 0.00194527462308
NGC5055 4.2 0.017058957327 0.00307380267432 0.0365478137267 0.00658544161992 0.0239986768766 0.00362385538597 0.0255047117249 0.00187322741482
NGC5055 4.7 0.0153422076954 0.0026212431127 0.0329772668706 0.00563422392504 0.0212687526835 0.00317166611602 0.0242078619762 0.00208936903961
NGC5055 5.1 0.0155090770682 0.0025644696117 0.0334189016986 0.00552590960027 0.0215005102675 0.0032385889828 0.0254686881207 0.00262972310158
NGC5055 5.6 0.0153546921855 0.00266750976529 0.0331783953939 0.00576395102166 0.021234691236 0.00346165016538 0.0264413254323 0.0033501951842
NGC5055 6.1 0.0125864001453 0.00212816377923 0.0272586023912 0.00460900413238 0.0172329527769 0.00262968692798 0.0226948706027 0.0023055106644
NGC5055 6.6 0.00981129514068 0.00161893391625 0.0212836512644 0.00351195478269 0.0131595211532 0.00194421010022 0.0185161325234 0.00165708579003
NGC5055 7.1 0.00845935705776 0.0014180489803 0.0183685150241 0.00307912927918 0.0108811356588 0.00171058164684 0.0167149523169 0.00190925101895
NGC5055 7.6 0.0075332674361 0.00149869501071 0.0163615291268 0.00325502078321 0.00936780227188 0.00176721583473 0.0155982205888 0.0023055106644
NGC5055 8.1 0.00638411618406 0.00139447862413 0.0138591662217 0.0030272492679 0.00760058694119 0.00158741182844 0.0138690875905 0.0023055106644
NGC5055 8.6 0.00467156197912 0.000863727327889 0.0101299309179 0.00187292777074 0.00539342904715 0.000945896318721 0.0106629868228 0.00129684974872
NGC5055 9.1 0.00340475884425 0.000589914016418 0.0073702694747 0.00127698479299 0.00382852197975 0.000625209493771 0.00817735813776 0.000756495686756
NGC5055 9.5 0.00289147453324 0.000668121480161 0.00624830131955 0.00144377004816 0.00318049193216 0.000715257558167 0.00724074443035 0.00129684974872
NGC5055 10.0 0.00229109305065 0.000607257233868 0.00493838653477 0.00130892586228 0.00243921683129 0.000637130500343 0.00605196549402 0.00133287335285
NGC5055 10.5 0.00162708317516 0.000422737708374 0.00349720985734 0.000908621331329 0.00170745069608 0.0004374078874 0.00453897412051 0.00093661370741
NGC5055 11.0 0.00124604902776 0.000298034631871 0.0026701362785 0.0006386531068 0.00128711399692 0.000305244936392 0.00367440762138 0.000720472082625
NGC5055 11.5 0.000993173420519 0.000234406227688 0.00212163376345 0.000500742525677 0.00101382774716 0.000237087890114 0.00309802995528 0.000504330457836
NGC5055 12.0 0.000731139989464 0.000167479706305 0.00155701498949 0.000356660033522 0.000741085962853 0.000168303241447 0.00241358147679 0.000288188833049
NGC5055 12.5 0.000546412187137 0.00012786323105 0.00116009348443 0.000271467776032 0.000550587382591 0.000128114404489 0.00190925101895 0.000180118020656
NGC5055 13.0 0.000428592953353 0.000102742511808 0.000907316595033 0.000217502376671 0.000428592953353 0.000102742511808 0.00158503858177 0.000144094416525
NGC5055 13.5 0.000340623765314 8.06383722087e-05 0.000719137946631 0.00017024682161 0.000340623765314 8.06383722087e-05 0.00133287335285 0.000144094416525
NGC5055 14.0 0.000278569733776 6.13249774968e-05 0.000586668060209 0.000129150446829 0.000278569733776 6.13249774968e-05 0.0011527553322 0.000108070812394
NGC5055 14.4 0.000233203988313 5.32607513518e-05 0.000490240371612 0.000111964511087 0.000233203988313 5.32607513518e-05 0.00100866091567 0.000108070812394
NGC5055 14.9 0.000197178838813 4.48039923786e-05 0.000413669832639 9.39961921894e-05 0.000197178838813 4.48039923786e-05 0.000900590103278 0.000108070812394
NGC5055 15.4 0.00016449101883 3.79709597477e-05 0.00034448637529 7.95209269345e-05 0.00016449101883 3.79709597477e-05 0.000792519290884 0.000108070812394
NGC5055 15.9 0.000141928867275 3.13557945629e-05 0.000296791899238 6.55690840004e-05 0.000141928867275 3.13557945629e-05 0.000720472082625 0.000108070812394
NGC5055 16.4 0.000107909917439 2.23072e-05 0.000225374999835 4.65896491782e-05 0.000107909917439 2.23072e-05 0.000576377666099 7.20472082625e-05
NGC5055 16.9 7.70287592103e-05 1.45773555824e-05 0.000160718637975 3.04152988895e-05 7.70287592103e-05 1.45773555824e-05 0.000432283249573 3.60236041312e-05
NGC5055 17.4 6.11892813791e-05 1.63226697294e-05 0.000127572201654 3.40307790402e-05 6.11892813791e-05 1.63226697294e-05 0.000360236041312 7.20472082625e-05
NGC5055 17.9 6.42662828729e-05 2.57150787889e-05 0.000133912395864 5.35828066682e-05 6.42662828729e-05 2.57150787889e-05 0.000396259645443 0.000144094416525
NGC5055 18.4 7.82308604448e-05 5.27903285817e-05 0.000162949216246 0.000109958430968 7.82308604448e-05 5.27903285817e-05 0.000504330457836 0.000324212437181
NGC5055 18.9 6.4248639574e-05 4.56104218176e-05 0.000133796180957 9.49825598097e-05 6.4248639574e-05 4.56104218176e-05 0.000432283249573 0.000288188833049
NGC5055 19.3 0.0 5.18086403106e-05 0.0 0.000107881925812 0.0 5.18086403106e-05 0.0 0.000360236041312
NGC5055 19.8 0.0 4.98065872722e-05 0.0 0.000103713384749 0.0 4.98065872722e-05 0.0 0.000360236041312
NGC5055 20.3 0.0 4.79740461176e-05 0.0 9.9906306912e-05 0.0 4.79740461176e-05 0.0 0.000360236041312
NGC5055 20.8 0.0 4.62996877078e-05 0.0 9.6433595195e-05 0.0 4.62996877078e-05 0.0 0.000360236041312
NGC6946 0.1 5.81920563055 3.56550329255 9.78302700472 5.99418841868 9.27109096133 5.11674333734 1.04186670555 0.252217425571
NGC6946 0.4 1.56761902728 1.21172211112 3.58216913601 2.76890843521 3.01868848339 1.90923370308 0.706245252376 0.222137284466
NGC6946 0.7 0.536356262147 0.507219099271 1.28968760163 1.21962626301 0.940719895325 0.675413158062 0.351800923018 0.120776324135
NGC6946 1.0 0.210524296713 0.174683568516 0.507914636473 0.421444662616 0.333945461224 0.213061013223 0.170271829044 0.0516831515355
NGC6946 1.3 0.112673142868 0.0562368428823 0.268555847007 0.134040221022 0.171127085573 0.0687809127849 0.103730910842 0.0221499220866
NGC6946 1.6 0.0847353572485 0.0296449736521 0.198437008893 0.0694239110009 0.12448405315 0.0359845907157 0.0848168827228 0.0123055122704
NGC6946 1.9 0.0795043065225 0.0217137067102 0.18271575408 0.0499021558572 0.116369593538 0.0268480311503 0.0840876671807 0.00966210593079
NGC6946 2.1 0.0827946083265 0.0219539706084 0.187995327405 0.0498491867503 0.119496504006 0.0267783694621 0.0898758155448 0.00970768190217
NGC6946 2.4 0.084054584194 0.0213025075717 0.187757350077 0.0475845833994 0.119693902266 0.0263943046786 0.0938409250544 0.0118041765853
NGC6946 2.7 0.0810152177409 0.0198540229942 0.178529855229 0.0437514821253 0.113673821005 0.0253782166837 0.0922001900848 0.014219703068
NGC6946 3.0 0.0782874484754 0.0185049301128 0.170749311116 0.0403602892996 0.107345498914 0.0241469878756 0.0903315752585 0.015814862066
NGC6946 3.3 0.0788138070217 0.0188609308936 0.170712686983 0.0408532503825 0.105386303528 0.0236887952917 0.0919267342566 0.0154046783236
NGC6946 3.6 0.0814708636907 0.0188129938318 0.175827413484 0.0406015094902 0.106439735454 0.0229295608368 0.0959374197374 0.0145387348676
NGC6946 3.9 0.0850367750642 0.0218356173928 0.183398181884 0.0470927140303 0.109483287397 0.026771992708 0.101087504503 0.0194153638043
NGC6946 4.1 0.0877124314961 0.0272488568933 0.18934867371 0.0588233027502 0.111580207742 0.0337282710865 0.104961462069 0.0276646146226
NGC6946 4.4 0.0868862192831 0.0286843702471 0.188146493423 0.0621141502364 0.106665163119 0.0344285432443 0.105098189983 0.0299889891626
NGC6946 4.7 0.0784824721648 0.0252770574247 0.170716761241 0.0549831989007 0.095618811897 0.0299684665659 0.0960741476514 0.0260238796532
NGC6946 5.0 0.0643012480349 0.0195803069869 0.140603666074 0.0428150779239 0.0781999504924 0.0230093456765 0.0797579499004 0.0195065157471
NGC6946 5.3 0.0502034756861 0.0151951438874 0.110359434179 0.0334026172243 0.0596461072591 0.0173264486096 0.0631682963212 0.0144931588962
NGC6946 5.6 0.039240878428 0.0120458316942 0.0866709012686 0.0266054974123 0.0460570500345 0.0135917269522 0.0501335685087 0.0116674486711
NGC6946 5.9 0.0322989585741 0.0105600871605 0.0716011037335 0.0234098537412 0.03720704813 0.0117959155262 0.0419298936618 0.0108926571578
NGC6946 6.1 0.0277450921522 0.00974570419358 0.0616081394435 0.021640393178 0.0319429841526 0.0108949744299 0.036415201126 0.0103457455014
NGC6946 6.4 0.0249964152597 0.00936247105989 0.0555652754663 0.0208121155806 0.0283919370678 0.0103856625785 0.0333616110441 0.0104368974441
NGC6946 6.7 0.0248448338306 0.0105522692201 0.0551879571052 0.0234398098635 0.0277432591062 0.0116094932319 0.0337262188151 0.0126701200413
NGC6946 7.0 0.0265379667023 0.0128637274746 0.0587960608293 0.0285001677624 0.0290629215257 0.0139559989474 0.0366430809828 0.0162706217797
NGC6946 7.3 0.0252143679869 0.012843496919 0.0556190848978 0.0283308130465 0.0273525621414 0.0138247071695 0.0354125297558 0.016680805522
NGC6946 7.6 0.0207068423189 0.00997609143612 0.0454030540686 0.0218741714401 0.0220754740669 0.0105613243546 0.0295788054202 0.0130803037837
NGC6946 7.9 0.0142427312071 0.00621488065857 0.0310008488488 0.0135273616491 0.0147971380161 0.00642277096011 0.0206914910027 0.00815809887551
NGC6946 8.2 0.00965515837208 0.0035291745453 0.0208402305071 0.00761756650586 0.0099196055111 0.00360637396355 0.0142652790393 0.00451202116579
NGC6946 8.4 0.00704590094617 0.00231814210015 0.0151176432428 0.00497379192865 0.0071765866106 0.00234995729154 0.0105280493869 0.00287128619641
NGC6946 8.7 0.00563774854542 0.00205251477606 0.0119846619451 0.00436321264249 0.00568750331672 0.00206658897528 0.00856828261788 0.00268898231093
NGC6946 9.0 0.00462790427184 0.0018178384577 0.0097468286456 0.00382854936313 0.00465018423932 0.00182499297154 0.00715542750536 0.00250667842544
NGC6946 9.3 0.00373664494795 0.0015386456137 0.00779948650903 0.00321160984611 0.00374136458557 0.00154026231845 0.00587930030693 0.00218764662584
NGC6946 9.6 0.00295912488479 0.00118118206966 0.00612556569848 0.0024451176112 0.00295912488479 0.00118118206966 0.00473990102264 0.00168631094075
NGC6946 9.9 0.00220694794836 0.000789080400154 0.00453519097158 0.00162152909374 0.00220694794836 0.000789080400154 0.00360050173836 0.00109382331292
NGC6946 10.2 0.00153519128462 0.000504714157108 0.00313554441991 0.00103085112247 0.00153519128462 0.000504714157108 0.00255225439681 0.000683639570575
NGC6946 10.4 0.00102841183754 0.000403804579447 0.00209353632463 0.000822024333308 0.00102841183754 0.000403804579447 0.00173188691212 0.000592487627831
NGC6946 10.7 0.000716418790191 0.000373037911904 0.00145298390719 0.000756565978154 0.000716418790191 0.000373037911904 0.00123055122704 0.000592487627831
NGC6946 11.0 0.00059804516904 0.0003610057403 0.00121024079651 0.000730553304841 0.00059804516904 0.0003610057403 0.00104824734155 0.000592487627831
NGC6946 11.3 0.000509395225169 0.000374089912561 0.00103013402576 0.000756510325544 0.000509395225169 0.000374089912561 0.000911519427433 0.000638063599205
NGC6946 11.6 0.000374109389459 0.000358012991981 0.000757107256982 0.000724532027156 0.000374109389459 0.000358012991981 0.000683639570575 0.000638063599205
NGC7331 0.4 0.052131360558 0.0191440613852 0.11014489776 0.0404482189112 0.0999433723147 0.0349435328129 0.0318155357315 0.00938536778006
NGC7331 1.1 0.0341634312387 0.00625916681605 0.0878879028281 0.0161021602622 0.0783684891395 0.0135853349763 0.0396079741177 0.00533846607673
NGC7331 1.8 0.0333207501013 0.0201167326658 0.0881587734694 0.0532240862717 0.0782563176719 0.0403175103739 0.0517486792277 0.00848127271868
NGC7331 2.5 0.0380928421282 0.0120449071993 0.0996390052824 0.0315057240418 0.0870659133605 0.023605663 0.070131945476 0.00869653344759
NGC7331 3.2 0.0368005091268 0.0115679061735 0.0940609269556 0.0295671990262 0.0804589276641 0.0207828580272 0.0758578808647 0.00641476972124
NGC7331 3.9 0.027941859546 0.00896167560746 0.0696555716796 0.0223403398265 0.0582471844749 0.0152663488419 0.0626408721102 0.00744802121996
NGC7331 4.6 0.020624479516 0.0064402072513 0.0502536056764 0.0156922086412 0.040728268745 0.0104436990004 0.0495530197928 0.00731886478261
NGC7331 5.3 0.0140567300139 0.00460135667693 0.0336014387131 0.0109991587108 0.0266091038954 0.00716914641931 0.0359485417264 0.00611340470077
NGC7331 6.1 0.00871173948519 0.00280176369026 0.0204708335356 0.00658358049007 0.0152916812378 0.0040851097523 0.0238508887622 0.00443437101536
NGC7331 6.8 0.00554469685388 0.00176390647965 0.0128798360614 0.00409739736623 0.00888707806606 0.00230569654666 0.0161015025218 0.00271228518415
NGC7331 7.5 0.00409580006114 0.00108783018499 0.00942699400869 0.00250377666959 0.00614244864741 0.00133156074847 0.0126142787136 0.00159292939386
NGC7331 8.2 0.00334890447792 0.000924578663776 0.00764763622916 0.00211138936103 0.00467613460234 0.00105785733936 0.0109352450282 0.00124851222762
NGC7331 8.9 0.00261353472014 0.000701654407224 0.00592485820222 0.0015906438272 0.00346198059173 0.000781073950137 0.00904095061384 0.000990199352944
NGC7331 9.6 0.00195270624952 0.000506864931218 0.00439431478276 0.00114063447109 0.0024547241528 0.000547898601511 0.00714665619949 0.000688834332484
NGC7331 10.3 0.00153715256323 0.000396977433136 0.00343246826595 0.000886452310676 0.00185861727912 0.000418868477334 0.00594119611764 0.000473573603583
NGC7331 11.0 0.00123673211689 0.000331833066557 0.00273893949435 0.000734896974948 0.00145853668705 0.000346920444774 0.00503710105626 0.000430521457801
NGC7331 11.8 0.000938615395597 0.000278885919983 0.00205815792615 0.000611529780351 0.00106373785914 0.000288527091645 0.00404690170332 0.000430521457801
NGC7331 12.5 0.000695320299921 0.000206271289384 0.00151117641981 0.000448300313734 0.00076699131915 0.000211112323615 0.00314280664195 0.000301365020461
NGC7331 13.2 0.000546460360606 0.000164435848047 0.00117731066833 0.000354265546262 0.000591544902864 0.000167436329561 0.00258312874681 0.000258312874681
NGC7331 13.9 0.000497525452156 0.000144185111944 0.00106307686268 0.000308084452335 0.000527488329077 0.000145876796177 0.00245397230947 0.000215260728901
NGC7331 14.6 0.000486199180165 0.000136755959563 0.00103120488142 0.000290052757836 0.000512476777625 0.000138421215623 0.00249702445525 0.000258312874681
NGC7331 15.3 0.000475899438806 0.000137885712155 0.00100305346985 0.000290621780027 0.000498022483266 0.000139771189386 0.00254007660103 0.000344417166241
NGC7331 16.0 0.000427618930365 0.000125880737042 0.000896898626577 0.000264025402405 0.000446787460725 0.000127637328335 0.00236786801791 0.000344417166241
NGC7331 16.7 0.000390318528565 0.000118107331926 0.000815916037215 0.000246889807115 0.000405493393783 0.000119577645475 0.00223871158057 0.000344417166241
NGC7331 17.5 0.000346726237317 9.72261626324e-05 0.000723391180954 0.000202847494757 0.000352454399289 9.77554478436e-05 0.00206650299745 0.000301365020461
NGC7331 18.2 0.000307810075663 8.56572401012e-05 0.000642117975764 0.000178688282067 0.000312537617846 8.60534792504e-05 0.00189429441432 0.000258312874681
NGC7331 18.9 0.000264613816408 7.40921114367e-05 0.000552616693505 0.000154733181331 0.000267971048211 7.43501162816e-05 0.00167903368542 0.000215260728901
NGC7331 19.6 0.000224081044127 6.30597713748e-05 0.000468897778084 0.000131954877305 0.000226173644941 6.32573810955e-05 0.00146377295652 0.000215260728901
NGC7331 20.3 0.000166716789814 5.06248967405e-05 0.000349698984122 0.000106188914633 0.000167629149443 5.07143925851e-05 0.00111935579028 0.000172208583121
NGC7331 21.0 0.00011873665174 3.50515100865e-05 0.000249619142662 7.36885179817e-05 0.000119068819157 3.50860860557e-05 0.000817990769821 0.00012915643734
NGC7331 21.7 7.93190722387e-05 2.66269317028e-05 0.000166997106583 5.60599163108e-05 7.93190722387e-05 2.66269317028e-05 0.000559677895142 8.61042915603e-05
NGC7331 22.4 5.96784388041e-05 1.95936250446e-05 0.000125648018739 4.12527575468e-05 5.96784388041e-05 1.95936250446e-05 0.000430521457801 4.30521457801e-05
NGC7331 23.2 0.0 5.83058625825e-05 0.0 0.000122439368566 0.0 5.83815354516e-05 0.0 0.000430521457801
NGC7793 0.1 0.0948893434563 0.0182412498463 0.0 0.0 0.0948893434563 0.0182412498463 0.0800631410832 0.0124033988513
NGC7793 0.3 0.0720362334789 0.013657379456 0.0 0.0 0.0720362334789 0.013657379456 0.0620702277281 0.00947555792077
NGC7793 0.5 0.0527541735181 0.00809817444452 0.0 0.0 0.0527541735181 0.00809817444452 0.0468986883607 0.00505717978916
NGC7793 0.7 0.0428367529161 0.00703547134193 0.0 0.0 0.0428367529161 0.00703547134193 0.0395524692985 0.00500394631771
NGC7793 0.9 0.0383142276651 0.00681374837235 0.0 0.0 0.0383142276651 0.00681374837235 0.0368907957253 0.0054830475609
NGC7793 1.0 0.0366733656103 0.00600914992635 0.0 0.0 0.0366733656103 0.00600914992635 0.0360922936533 0.00484424590331
NGC7793 1.2 0.0343400138604 0.00494581965192 0.0 0.0 0.0343400138604 0.00494581965192 0.0353470250528 0.00388604341695
NGC7793 1.4 0.0314720079575 0.00389315027522 0.0 0.0 0.0314720079575 0.00389315027522 0.0339097213232 0.00271490704472
NGC7793 1.6 0.0284502357134 0.0034646720995 0.0 0.0 0.0284502357134 0.0034646720995 0.0320997832934 0.00234227274446
NGC7793 1.8 0.0262621164799 0.00317405862401 0.0 0.0 0.0262621164799 0.00317405862401 0.0310351138641 0.00202287191567
NGC7793 2.0 0.0241233372141 0.00300258906237 0.0 0.0 0.0241233372141 0.00300258906237 0.0298639774919 0.0021293388586
NGC7793 2.2 0.0209704158946 0.00303542961459 0.0 0.0 0.0209704158946 0.00303542961459 0.0272023039186 0.00287460745911
NGC7793 2.4 0.0174229489087 0.00285512810554 0.0 0.0 0.0174229489087 0.00285512810554 0.0236888948019 0.00314077481644
NGC7793 2.6 0.0142637145086 0.00239255416258 0.0 0.0 0.0142637145086 0.00239255416258 0.0203351860996 0.00282137398765
NGC7793 2.7 0.0118855888373 0.0019496205864 0.0 0.0 0.0118855888373 0.0019496205864 0.0173541116976 0.00234227274446
NGC7793 2.9 0.00986831939001 0.00174481532058 0.0 0.0 0.00986831939001 0.00174481532058 0.0151183058961 0.00228903927299
NGC7793 3.1 0.00830863625777 0.0016350735722 0.0 0.0 0.00830863625777 0.0016350735722 0.0133616013377 0.00234227274446
NGC7793 3.3 0.00674572819369 0.00147891575849 0.0 0.0 0.00674572819369 0.00147891575849 0.0113919628935 0.00228903927299
NGC7793 3.5 0.0052513658481 0.00122629498576 0.0 0.0 0.0052513658481 0.00122629498576 0.00931585750637 0.00202287191567
NGC7793 3.7 0.00399838546194 0.000903987264433 0.0 0.0 0.00399838546194 0.000903987264433 0.00745268600509 0.00154377067249
NGC7793 3.9 0.00301686532028 0.000643993093592 0.0 0.0 0.00301686532028 0.000643993093592 0.0059089153326 0.00111790290077
NGC7793 4.1 0.00230201556709 0.000481609732169 0.0 0.0 0.00230201556709 0.000481609732169 0.0047377789604 0.000851735543442
NGC7793 4.3 0.0018710387361 0.000345987058608 0.0 0.0 0.0018710387361 0.000345987058608 0.00404574383136 0.000585568186115
NGC7793 4.4 0.00168145360422 0.00033161701564 0.0 0.0 0.00168145360422 0.00033161701564 0.00372634300255 0.000585568186115
NGC7793 4.6 0.00150967905376 0.000349345873454 0.0 0.0 0.00150967905376 0.000349345873454 0.00351340911669 0.000692035129044
NGC7793 4.8 0.00128572508373 0.000305867208587 0.0 0.0 0.00128572508373 0.000305867208587 0.00314077481644 0.00063880165758
NGC7793 5.0 0.000976338968099 0.000202169639201 0.0 0.0 0.000976338968099 0.000202169639201 0.00250197315886 0.000425867771721
NGC7793 5.2 0.000713362530223 0.000159665733167 0.0 0.0 0.000713362530223 0.000159665733167 0.00191640497274 0.000372634300255
NGC7793 5.4 0.00058643304989 0.000165670078167 0.0 0.0 0.00058643304989 0.000165670078167 0.00165023761542 0.000425867771721
NGC7793 5.6 0.000524195403755 0.000191915159832 0.0 0.0 0.000524195403755 0.000191915159832 0.00154377067249 0.00053233471465
NGC7793 5.8 0.000466804169743 0.000200327670533 0.0 0.0 0.000466804169743 0.000200327670533 0.00143730372956 0.000585568186115
NGC7793 6.0 0.000331105641977 0.000141358594364 0.0 0.0 0.000331105641977 0.000141358594364 0.0010646694293 0.000425867771721
NGC7793 6.1 0.000226907912582 8.85942074918e-05 0.0 0.0 0.000226907912582 8.85942074918e-05 0.000745268600509 0.000266167357325
NGC7793 6.3 0.0 0.000155503062787 0.0 0.0 0.0 0.000155503062787 0.0 0.00053233471465
NGC7793 6.5 0.0 0.000149423987804 0.0 0.0 0.0 0.000149423987804 0.0 0.00053233471465
NGC7793 6.7 0.0 0.000143834471444 0.0 0.0 0.0 0.000143834471444 0.0 0.00053233471465
NGC7793 6.9 0.0 0.000138735388702 0.0 0.0 0.0 0.000138735388702 0.0 0.00053233471465
NGC7793 7.1 0.0 0.000134135166987 0.0 0.0 0.0 0.000134135166987 0.0 0.00053233471465
