# # Surface densities radial profiles (Leroy+2008 and Frank+2016) 
# 0) galaxy 
# 1) R (kpc) 
# 2) Sigma_HI (Msun/pc^3) 
# 3) error Sigma_HI (Msun/pc^3) 
# 4) Sigma_H2 (Msun/pc^3)  
# 5) error Sigma_H2 
# 6) Sigma_SFR (1e-4 Msun/kpc^3) 
# 7) error Sigma_SFR (1e-4*Msun/kpc^3) 
DDO154 0.1 7.95424 0.76273 0.0 0.0 11.3320 2.39716
DDO154 0.3 7.84528 0.87169 0.0 0.0 10.6782 1.30754
DDO154 0.5 7.73631 0.76273 0.0 0.0 9.04386 1.41650
DDO154 0.7 7.40943 0.54481 0.0 0.0 7.19150 1.96132
DDO154 0.9 7.19150 0.43584 0.0 0.0 5.55707 1.74339
DDO154 1.1 7.51839 0.76273 0.0 0.0 4.14056 1.19858
DDO154 1.4 7.62735 0.87169 0.0 0.0 2.94198 0.98066
IC2574 0.1 10.7796 2.61641 0.0 0.0 7.01198 1.04656
IC2574 0.3 11.1982 2.40710 0.0 0.0 7.84924 1.67450
IC2574 0.5 11.1982 1.67450 0.0 0.0 8.58183 2.51175
IC2574 0.7 10.0470 1.36053 0.0 0.0 9.10512 3.24435
IC2574 0.9 8.58183 1.46519 0.0 0.0 9.00046 3.13969
IC2574 1.1 8.05855 1.67450 0.0 0.0 8.05855 2.30244
IC2574 1.3 8.37252 1.77916 0.0 0.0 6.80267 1.46519
IC2574 1.5 8.89580 1.77916 0.0 0.0 5.96542 1.04656
IC2574 1.6 9.41909 1.46519 0.0 0.0 5.86076 1.25587
IC2574 1.8 9.73306 1.15122 0.0 0.0 5.23282 1.04656
IC2574 2.0 9.62840 1.25587 0.0 0.0 4.60488 0.62793
IC2574 2.2 9.20977 1.25587 0.0 0.0 4.81420 1.04656
IC2574 2.4 8.26786 1.15122 0.0 0.0 5.44214 1.67450
IC2574 2.6 7.53527 1.15122 0.0 0.0 6.17473 2.72107
IC2574 2.8 7.53527 1.25587 0.0 0.0 6.69802 3.24435
IC2574 3.0 7.84924 1.36053 0.0 0.0 6.27939 2.51175
IC2574 3.2 8.26786 1.36053 0.0 0.0 5.12817 1.46519
IC2574 3.4 8.68649 1.36053 0.0 0.0 4.29091 0.94190
IC2574 3.6 8.89580 1.15122 0.0 0.0 3.87229 0.83725
IC2574 3.8 9.10512 1.15122 0.0 0.0 3.76763 0.94190
IC2574 4.0 9.41909 1.04656 0.0 0.0 3.97694 1.15122
IC2574 4.2 9.62840 0.94190 0.0 0.0 4.50023 1.36053
IC2574 4.4 9.73306 0.94190 0.0 0.0 5.44214 1.98847
IC2574 4.6 9.83771 0.94190 0.0 0.0 7.63992 3.55832
IC2574 4.8 9.94237 0.94190 0.0 0.0 9.83771 5.12817
IC2574 4.9 10.1516 0.94190 0.0 0.0 10.2563 5.54679
IC2574 5.1 10.5703 1.04656 0.0 0.0 10.2563 5.75611
IC2574 5.3 10.8842 1.04656 0.0 0.0 10.1516 5.86076
IC2574 5.5 10.8842 1.04656 0.0 0.0 8.58183 4.70954
IC2574 5.7 10.6749 1.04656 0.0 0.0 6.27939 2.93038
IC2574 5.9 10.0470 0.94190 0.0 0.0 4.39557 1.56984
IC2574 6.1 9.00046 0.73259 0.0 0.0 3.03504 0.83725
IC2574 6.3 8.37252 0.73259 0.0 0.0 2.30244 0.52328
IC2574 6.5 8.05855 0.83725 0.0 0.0 2.19778 0.52328
IC2574 6.7 7.84924 0.83725 0.0 0.0 2.09313 0.62793
IC2574 6.9 7.63992 0.83725 0.0 0.0 1.88381 0.52328
IC2574 7.1 7.22130 0.73259 0.0 0.0 1.67450 0.52328
IC2574 7.3 6.80267 0.62793 0.0 0.0 1.56984 0.41862
IC2574 7.5 6.27939 0.52328 0.0 0.0 1.36053 0.41862
IC2574 7.7 5.96542 0.52328 0.0 0.0 0.0 1.04656
IC2574 7.9 5.86076 0.52328 0.0 0.0 0.0 1.04656
IC2574 8.0 5.65145 0.52328 0.0 0.0 0.0 1.04656
IC2574 8.2 5.44214 0.52328 0.0 0.0 0.0 1.04656
IC2574 8.4 5.12817 0.62793 0.0 0.0 0.0 1.04656
IC2574 8.6 4.70954 0.62793 0.0 0.0 0.0 1.04656
IC2574 8.8 4.18626 0.52328 0.0 0.0 0.0 1.04656
NGC0925 0.2 10.0319 0.65142 3.44936 0.76398 182.920 31.0079
NGC0925 0.7 10.9439 1.30285 2.79162 0.61830 117.647 19.1519
NGC0925 1.1 11.2045 1.04228 2.70848 0.59989 85.3370 11.9862
NGC0925 1.6 10.6834 1.04228 2.45690 0.54416 57.4559 7.42627
NGC0925 2.0 11.0742 1.04228 2.25143 0.49866 48.8570 11.0742
NGC0925 2.5 10.9439 1.17257 1.31667 0.29162 41.4308 10.0319
NGC0925 2.9 9.77141 0.91199 0.59784 0.13241 27.4902 4.42971
NGC0925 3.3 9.38056 0.65142 0.38608 0.08551 21.4971 2.60571
NGC0925 3.8 10.4228 0.78171 0.33084 0.07327 19.6731 2.08456
NGC0925 4.2 11.3348 0.78171 0.24322 0.05386 20.0639 2.21485
NGC0925 4.7 9.25027 0.52114 0.14790 0.03275 19.8034 2.47542
NGC0925 5.1 8.20799 0.39085 0.10518 0.02329 16.4159 1.82399
NGC0925 5.6 8.07770 0.52114 0.10956 0.02426 13.8102 1.69371
NGC0925 6.0 8.72913 0.65142 0.24397 0.05403 16.0251 3.12685
NGC0925 6.5 9.90170 0.78171 0.31974 0.07081 17.9794 4.16913
NGC0925 6.9 10.4228 0.78171 0.24664 0.05462 16.2856 3.12685
NGC0925 7.4 10.1622 0.65142 0.17008 0.03767 13.9405 1.82399
NGC0925 7.8 9.90170 0.65142 0.08650 0.01915 14.0708 2.34514
NGC0925 8.3 9.64113 0.65142 0.0 0.0 10.9439 2.21485
NGC0925 8.7 9.51084 0.65142 0.0 0.0 7.68685 1.17257
NGC0925 9.1 9.38056 0.65142 0.0 0.0 6.51427 0.78171
NGC0925 9.6 9.38056 0.65142 0.0 0.0 6.90513 1.04228
NGC0925 10.0 9.90170 0.65142 0.0 0.0 8.33827 1.56342
NGC0925 10.5 10.2925 0.52114 0.0 0.0 10.5531 2.60571
NGC0925 10.9 10.0319 0.52114 0.0 0.0 11.4651 3.38742
NGC0925 11.4 10.1622 0.52114 0.0 0.0 10.4228 2.60571
NGC0925 11.8 9.90170 0.52114 0.0 0.0 6.90513 1.17257
NGC0925 12.3 9.51084 0.39085 0.0 0.0 5.08113 0.91199
NGC0925 12.7 8.46856 0.39085 0.0 0.0 3.90856 0.65142
NGC0925 13.2 7.68685 0.39085 0.0 0.0 3.38742 0.78171
NGC0925 13.6 6.64456 0.52114 0.0 0.0 2.99656 0.91199
NGC0925 14.0 5.99313 0.52114 0.0 0.0 2.34514 0.78171
NGC0925 14.5 5.73256 0.52114 0.0 0.0 0.0 1.30285
NGC0925 14.9 5.08113 0.39085 0.0 0.0 0.0 1.30285
NGC0925 15.4 4.29942 0.39085 0.0 0.0 0.0 1.30285
NGC0925 15.8 3.77828 0.39085 0.0 0.0 0.0 1.30285
NGC0925 16.3 3.12685 0.26057 0.0 0.0 0.0 1.30285
NGC0925 16.7 2.60571 0.26057 0.0 0.0 0.0 1.30285
NGC2403 0.1 7.33711 0.32852 8.87406 4.85895 91.7686 5.03741
NGC2403 0.2 7.44661 0.32852 9.10237 4.98396 96.6965 5.91349
NGC2403 0.4 7.55612 0.43803 11.7979 6.45992 99.4342 6.46103
NGC2403 0.5 7.77514 0.43803 11.2589 6.16479 94.6158 12.2650
NGC2403 0.7 7.88465 0.43803 9.65667 5.28747 86.8407 18.8355
NGC2403 0.9 7.88465 0.32852 7.02655 3.84736 82.6793 24.0920
NGC2403 1.0 7.99416 0.32852 6.67818 3.65660 84.1029 28.5818
NGC2403 1.2 7.99416 0.32852 6.76595 3.70467 89.2499 34.7143
NGC2403 1.3 7.99416 0.32852 6.68174 3.65855 89.1404 36.5760
NGC2403 1.5 8.10367 0.43803 6.09481 3.33719 81.1462 30.4435
NGC2403 1.6 8.10367 0.54754 5.32002 2.91295 69.6477 21.1352
NGC2403 1.8 8.21318 0.65705 3.93816 2.15632 58.2588 12.5935
NGC2403 1.9 8.32269 0.65705 3.38846 1.85533 48.9505 7.88465
NGC2403 2.1 8.43220 0.76656 2.64146 1.44632 42.1610 6.46103
NGC2403 2.2 8.65121 0.76656 2.35512 1.28954 37.4521 5.58496
NGC2403 2.4 8.76072 0.76656 1.97814 1.08312 34.9334 4.92791
NGC2403 2.6 8.97974 0.76656 2.03499 1.11425 33.2907 4.48987
NGC2403 2.7 9.19876 0.76656 2.03821 1.11601 32.1956 4.16134
NGC2403 2.9 9.52729 0.76656 2.07441 1.13583 30.9910 4.05183
NGC2403 3.0 9.74631 0.76656 2.13322 1.16803 30.9910 4.38036
NGC2403 3.2 10.0748 0.76656 2.31212 1.26599 33.6192 6.46103
NGC2403 3.3 10.4033 0.65705 2.11000 1.15532 38.6567 10.9509
NGC2403 3.5 10.6223 0.65705 1.65557 0.90650 41.3944 14.5647
NGC2403 3.6 10.6223 0.65705 1.36688 0.74843 39.2042 14.4552
NGC2403 3.8 10.5128 0.54754 0.79136 0.43331 33.8383 11.3889
NGC2403 4.0 10.2938 0.54754 0.39593 0.21679 28.2533 8.54171
NGC2403 4.1 10.0748 0.54754 0.25013 0.13695 23.4349 6.89907
NGC2403 4.3 9.63680 0.54754 0.21034 0.11517 18.8355 5.14692
NGC2403 4.4 9.30827 0.54754 0.15981 0.08750 15.0027 3.39478
NGC2403 4.6 8.97974 0.43803 0.10320 0.05650 12.3745 2.40920
NGC2403 4.7 8.54171 0.43803 0.10178 0.05573 10.7318 2.08067
NGC2403 4.9 8.10367 0.43803 0.12542 0.06867 9.63680 1.86165
NGC2403 5.0 7.77514 0.43803 0.12542 0.06867 8.76072 1.97116
NGC2403 5.2 7.33711 0.43803 0.12542 0.06867 8.32269 2.40920
NGC2403 5.4 7.00858 0.43803 0.12486 0.06836 8.10367 3.28527
NGC2403 5.5 6.78956 0.43803 0.07433 0.04070 7.88465 4.05183
NGC2403 5.7 6.57054 0.43803 0.01199 0.00656 7.33711 4.16134
NGC2403 5.8 6.35152 0.32852 0.0 0.0 6.57054 3.50429
NGC2403 6.0 6.24201 0.32852 0.0 0.0 5.80398 2.51870
NGC2403 6.1 6.24201 0.32852 0.0 0.0 5.36594 1.53312
NGC2403 6.3 6.13251 0.32852 0.0 0.0 5.14692 1.09509
NGC2403 6.4 6.13251 0.32852 0.0 0.0 4.92791 0.87607
NGC2403 6.6 6.13251 0.32852 0.0 0.0 4.59938 0.76656
NGC2403 6.7 6.24201 0.32852 0.0 0.0 4.05183 0.54754
NGC2403 6.9 6.35152 0.32852 0.0 0.0 3.72330 0.54754
NGC2403 7.1 6.35152 0.32852 0.0 0.0 3.50429 0.54754
NGC2403 7.2 6.35152 0.32852 0.0 0.0 3.28527 0.54754
NGC2403 7.4 6.24201 0.32852 0.0 0.0 2.95674 0.43803
NGC2403 7.5 6.13251 0.32852 0.0 0.0 2.62821 0.43803
NGC2403 7.7 5.91349 0.21901 0.0 0.0 2.40920 0.43803
NGC2403 7.8 5.80398 0.21901 0.0 0.0 2.08067 0.43803
NGC2403 8.0 5.69447 0.21901 0.0 0.0 1.75214 0.32852
NGC2403 8.1 5.58496 0.21901 0.0 0.0 1.53312 0.21901
NGC2403 8.3 5.58496 0.21901 0.0 0.0 1.31410 0.21901
NGC2403 8.5 5.47545 0.21901 0.0 0.0 1.20460 0.10950
NGC2403 8.6 5.36594 0.21901 0.0 0.0 1.09509 0.10950
NGC2403 8.8 5.25643 0.21901 0.0 0.0 1.09509 0.21901
NGC2841 0.3 0.0 1.01824 0.0 0.0 51.0141 20.6703
NGC2841 1.0 0.0 1.01824 0.0 0.0 20.5685 7.84049
NGC2841 1.7 0.0 1.01824 0.0 0.0 10.0806 1.73101
NGC2841 2.4 0.0 1.01824 0.00021 6.72755 9.26604 0.71277
NGC2841 3.1 0.0 1.01824 0.14045 0.04433 12.0153 1.32372
NGC2841 3.8 1.32372 0.20364 0.83535 0.26368 17.6156 1.83284
NGC2841 4.4 1.73101 0.20364 1.33839 0.42247 21.2813 1.42554
NGC2841 5.1 2.13831 0.20364 1.94701 0.61458 21.0776 0.81459
NGC2841 5.8 2.44379 0.20364 2.17700 0.68718 19.9576 0.71277
NGC2841 6.5 2.54561 0.20364 2.14271 0.67636 18.8375 1.01824
NGC2841 7.2 2.64744 0.20364 1.80329 0.56921 16.4955 1.01824
NGC2841 7.9 2.64744 0.10182 1.43859 0.45410 13.4408 1.12007
NGC2841 8.5 2.74926 0.10182 1.23421 0.38958 11.8116 1.01824
NGC2841 9.2 2.85108 0.10182 0.86406 0.27274 10.4879 1.01824
NGC2841 9.9 2.95291 0.10182 0.62819 0.19829 9.26604 0.91642
NGC2841 10.6 3.05473 0.10182 0.43822 0.13832 7.84049 0.71277
NGC2841 11.3 3.05473 0.10182 0.25400 0.08017 6.51677 0.61094
NGC2841 12.0 2.85108 0.10182 0.15234 0.04809 5.09123 0.61094
NGC2841 12.6 2.54561 0.10182 0.06821 0.02153 3.76751 0.50912
NGC2841 13.3 2.24014 0.20364 0.00258 0.00081 2.64744 0.40729
NGC2841 14.0 2.13831 0.20364 0.0 0.0 1.83284 0.30547
NGC2841 14.7 2.24014 0.10182 0.0 0.0 1.32372 0.20364
NGC2841 15.4 2.24014 0.10182 0.0 0.0 1.01824 0.20364
NGC2841 16.1 2.13831 0.10182 0.0 0.0 0.0 1.01824
NGC2841 16.7 2.03649 0.10182 0.0 0.0 0.0 1.01824
NGC2976 0.1 7.77207 0.34800 1.38498 0.93182 121.801 22.9682
NGC2976 0.3 7.88807 0.46400 1.14545 0.77067 96.3968 21.2281
NGC2976 0.4 8.12007 0.46400 0.94812 0.63790 75.1686 14.3841
NGC2976 0.6 8.46807 0.58000 0.75369 0.50708 66.4686 9.51208
NGC2976 0.8 8.70007 0.69600 0.80386 0.54084 67.3966 8.46807
NGC2976 1.0 9.04808 0.81200 1.24109 0.83501 80.3887 20.6481
NGC2976 1.1 9.16408 1.04400 1.82645 1.22885 105.212 43.0363
NGC2976 1.3 9.04808 1.16001 3.16350 2.12842 120.873 58.0005
NGC2976 1.5 8.58407 1.16001 3.64462 2.45212 106.372 55.2164
NGC2976 1.7 7.77207 1.04400 2.40685 1.61934 72.6166 40.9483
NGC2976 1.8 6.72806 0.92800 1.57678 1.06087 43.8483 26.9122
NGC2976 2.0 5.56805 0.81200 0.51516 0.34660 24.3602 14.9641
NGC2976 2.2 4.40803 0.81200 0.06539 0.04399 12.6441 7.42406
NGC2976 2.4 3.48003 0.69600 0.0 0.0 6.96006 3.71203
NGC2976 2.5 2.66802 0.58000 0.0 0.0 3.94403 1.74001
NGC2976 2.7 2.08801 0.46400 0.0 0.0 2.43602 0.92800
NGC2976 2.9 1.62401 0.34800 0.0 0.0 1.62401 0.46400
NGC2976 3.1 1.27601 0.34800 0.0 0.0 1.27601 0.23200
NGC2976 3.2 0.0 1.16001 0.0 0.0 0.0 1.16001
NGC2976 3.4 0.0 1.16001 0.0 0.0 0.0 1.16001
NGC2976 3.6 0.0 1.16001 0.0 0.0 0.0 1.16001
NGC2976 3.8 0.0 1.16001 0.0 0.0 0.0 1.16001
NGC2976 3.9 0.0 1.16001 0.0 0.0 0.0 1.16001
NGC2976 4.1 0.0 1.16001 0.0 0.0 0.0 1.16001
NGC2976 4.3 0.0 1.16001 0.0 0.0 0.0 1.16001
NGC2976 4.5 0.0 1.16001 0.0 0.0 0.0 1.16001
NGC3198 0.3 4.97321 0.74598 16.5011 4.92382 466.612 220.313
NGC3198 1.0 4.10290 0.37299 9.78843 2.92080 125.449 69.0034
NGC3198 1.7 4.47589 0.37299 5.91299 1.76439 38.6667 12.5573
NGC3198 2.3 5.09755 0.24866 4.30084 1.28334 26.9797 2.11361
NGC3198 3.0 6.09219 0.62165 4.28181 1.27766 27.8500 1.74062
NGC3198 3.7 7.33549 0.62165 5.03268 1.50171 34.4395 4.35156
NGC3198 4.3 7.70849 0.49732 5.48779 1.63751 36.6774 6.09219
NGC3198 5.0 7.83282 0.37299 5.07054 1.51301 31.9529 5.47054
NGC3198 5.7 8.08148 0.37299 4.40563 1.31461 25.2390 3.23259
NGC3198 6.4 8.20581 0.49732 3.10530 0.92660 18.4009 2.11361
NGC3198 7.0 8.20581 0.49732 2.28153 0.68079 15.2926 2.11361
NGC3198 7.7 8.33014 0.62165 1.33808 0.39927 12.6817 2.11361
NGC3198 8.4 8.45447 0.62165 0.66779 0.19926 10.5680 1.86495
NGC3198 9.0 8.70313 0.62165 0.35638 0.10634 10.4437 2.11361
NGC3198 9.7 8.57880 0.62165 0.0 0.0 13.5520 5.47054
NGC3198 10.4 7.95715 0.49732 0.0 0.0 11.0654 3.97857
NGC3198 11.0 7.45982 0.37299 0.0 0.0 6.83817 1.11897
NGC3198 11.7 7.83282 0.49732 0.0 0.0 6.09219 0.87031
NGC3198 12.4 7.95715 0.49732 0.0 0.0 5.47054 0.99464
NGC3198 13.0 7.33549 0.37299 0.0 0.0 3.72991 0.74598
NGC3198 13.7 6.34085 0.37299 0.0 0.0 2.36227 0.62165
NGC3198 14.4 5.71920 0.49732 0.0 0.0 1.74062 0.37299
NGC3198 15.1 5.22188 0.49732 0.0 0.0 1.36763 0.24866
NGC4736 0.1 5.9 0.5 8.60761 2.49620 907.9 76.8
NGC4736 0.3 6.8 0.8 6.92184 2.00733 785.3 90.3
NGC4736 0.6 8.4 0.8 4.81907 1.39753 652.2 72.4
NGC4736 0.8 9.9 0.7 5.61139 1.62730 565.7 66.8
NGC4736 1.0 10.5 0.6 7.17335 2.08027 480.7 62.3
NGC4736 1.3 9.7 0.7 5.62956 1.63257 356.1 49.2
NGC4736 1.5 8.2 0.7 3.15748 0.91567 216.9 32.9
NGC4736 1.7 6.7 0.6 1.75534 0.50904 112.2 18.8
NGC4736 1.9 5.6 0.5 1.15214 0.33412 56.0 9.3
NGC4736 2.2 4.8 0.5 0.42111 0.12212 32.0 4.3
NGC4736 2.4 4.3 0.5 0.30189 0.08754 22.9 2.5
NGC4736 2.6 4.0 0.5 0.42897 0.12440 19.4 2.7
NGC4736 2.8 3.8 0.6 0.41479 0.12029 17.2 3.2
NGC4736 3.1 3.4 0.7 0.25094 0.07277 14.6 3.3
NGC4736 3.3 3.1 0.7 0.21665 0.06282 11.9 2.8
NGC4736 3.5 2.6 0.6 0.17214 0.04992 9.1 2.1
NGC4736 3.8 2.3 0.5 0.06551 0.01899 6.9 1.5
NGC4736 4.0 1.9 0.4 0.00519 0.00150 5.2 1.1
NGC4736 4.2 1.6 0.3 0.0 0.0 3.9 0.8
NGC4736 4.4 1.3 0.2 0.0 0.0 3.0 0.6
NGC4736 4.7 1.2 0.2 0.0 0.0 2.3 0.4
NGC4736 4.9 1.1 0.2 9.80543 2.84357 1.9 0.3
NGC4736 5.1 1.1 0.2 0.05175 0.01500 1.6 0.3
NGC4736 5.4 1.1 0.3 0.05960 0.01728 1.5 0.3
NGC4736 5.6 1.2 0.3 0.01571 0.00455 1.4 0.3
NGC4736 5.8 1.3 0.3 0.00053 0.00015 1.5 0.3
NGC4736 6.0 1.5 0.4 0.0 0.0 1.5 0.3
NGC4736 6.3 1.7 0.4 0.0 0.0 1.6 0.4
NGC5055 0.2 5.05667 0.63208 18.3358 4.96705 225.563 25.6445
NGC5055 0.7 5.23727 0.45148 17.1012 4.63260 241.275 18.8722
NGC5055 1.2 5.32756 0.36119 11.7559 3.18461 215.540 11.9193
NGC5055 1.7 5.32756 0.18059 9.21696 2.49681 174.003 7.85590
NGC5055 2.2 5.59846 0.27089 8.54631 2.31513 146.733 5.32756
NGC5055 2.7 5.95965 0.36119 8.42736 2.28291 122.082 5.23727
NGC5055 3.2 5.77905 0.36119 7.95641 2.15533 94.2708 5.32756
NGC5055 3.7 5.59846 0.45148 7.23997 1.96126 73.4120 4.87608
NGC5055 4.2 5.86935 0.45148 6.95388 1.88376 63.9308 4.69548
NGC5055 4.7 6.50144 0.54178 7.07352 1.91617 60.6801 5.23727
NGC5055 5.1 7.40441 0.63208 8.02066 2.17274 63.8405 6.59173
NGC5055 5.6 7.85590 0.45148 8.35696 2.26384 66.2785 8.39769
NGC5055 6.1 7.85590 0.45148 7.88527 2.13606 56.8876 5.77905
NGC5055 6.6 7.67531 0.54178 6.86204 1.85888 46.4130 4.15369
NGC5055 7.1 7.67531 0.45148 5.39060 1.46027 41.8981 4.78578
NGC5055 7.6 7.76560 0.45148 4.42418 1.19848 39.0989 5.77905
NGC5055 8.1 7.67531 0.45148 3.23860 0.87731 34.7646 5.77905
NGC5055 8.6 7.13352 0.36119 2.35748 0.63862 26.7281 3.25072
NGC5055 9.1 6.77233 0.36119 1.75404 0.47515 20.4975 1.89625
NGC5055 9.5 6.68203 0.45148 1.36033 0.36850 18.1498 3.25072
NGC5055 10.0 6.50144 0.63208 0.83057 0.22499 15.1700 3.34101
NGC5055 10.5 6.59173 0.72238 0.63620 0.17234 11.3775 2.34774
NGC5055 11.0 6.77233 0.81268 0.43090 0.11672 9.21037 1.80595
NGC5055 11.5 6.59173 0.63208 0.26253 0.07111 7.76560 1.26416
NGC5055 12.0 6.04995 0.45148 0.15705 0.04254 6.04995 0.72238
NGC5055 12.5 5.77905 0.45148 0.08404 0.02276 4.78578 0.45148
NGC5055 13.0 5.59846 0.45148 0.0 0.0 3.97310 0.36119
NGC5055 13.5 5.14697 0.45148 0.0 0.0 3.34101 0.36119
NGC5055 14.0 4.60518 0.36119 0.0 0.0 2.88952 0.27089
NGC5055 14.4 4.06340 0.36119 0.0 0.0 2.52833 0.27089
NGC5055 14.9 3.79250 0.45148 0.0 0.0 2.25744 0.27089
NGC5055 15.4 3.52161 0.54178 0.0 0.0 1.98655 0.27089
NGC5055 15.9 3.34101 0.45148 0.0 0.0 1.80595 0.27089
NGC5055 16.4 2.88952 0.36119 0.0 0.0 1.44476 0.18059
NGC5055 16.9 2.52833 0.36119 0.0 0.0 1.08357 0.09029
NGC5055 17.4 2.34774 0.36119 0.0 0.0 0.90297 0.18059
NGC5055 17.9 2.25744 0.27089 0.0 0.0 0.99327 0.36119
NGC5055 18.4 2.16714 0.27089 0.0 0.0 1.26416 0.81268
NGC5055 18.9 1.89625 0.18059 0.0 0.0 1.08357 0.72238
NGC5055 19.3 1.53506 0.18059 0.0 0.0 0.0 0.90297
NGC5055 19.8 1.26416 0.18059 0.0 0.0 0.0 0.90297
NGC5055 20.3 1.17387 0.18059 0.0 0.0 0.0 0.90297
NGC5055 20.8 1.08357 0.18059 0.0 0.0 0.0 0.90297
NGC6946 0.1 6.96876 1.25666 78.9961 31.5863 2611.57 632.215
NGC6946 0.4 7.31148 1.25666 43.0249 17.2034 1770.29 556.815
NGC6946 0.7 7.31148 1.14242 20.3715 8.14550 881.834 302.741
NGC6946 1.0 6.74027 0.79969 11.5367 4.61293 426.808 129.550
NGC6946 1.3 6.28331 0.68545 8.98523 3.59271 260.014 55.5216
NGC6946 1.6 6.28331 0.57121 7.90886 3.16233 212.604 30.8453
NGC6946 1.9 6.62603 0.45696 8.46137 3.38325 210.776 24.2193
NGC6946 2.1 7.31148 0.45696 8.89521 3.55672 225.285 24.3335
NGC6946 2.4 7.88269 0.45696 9.21989 3.68654 235.224 29.5886
NGC6946 2.7 8.45390 0.45696 9.38099 3.75096 231.111 35.6435
NGC6946 3.0 8.91087 0.45696 8.90714 3.56149 226.427 39.6419
NGC6946 3.3 9.36784 0.57121 8.25366 3.30020 230.426 38.6138
NGC6946 3.6 9.93905 0.68545 7.71873 3.08631 240.479 36.4432
NGC6946 3.9 10.6245 0.91393 7.57847 3.03023 253.388 48.6670
NGC6946 4.1 10.8529 1.14242 7.19049 2.87509 263.099 69.3449
NGC6946 4.4 10.8529 1.25666 5.70479 2.28104 263.442 75.1712
NGC6946 4.7 10.9672 1.25666 5.44365 2.17662 240.822 65.2321
NGC6946 5.0 10.9672 1.25666 5.34119 2.13565 199.923 48.8955
NGC6946 5.3 10.8529 1.25666 4.44217 1.77619 158.339 36.3289
NGC6946 5.6 10.6245 1.02817 3.93830 1.57472 125.666 29.2459
NGC6946 5.9 10.6245 0.91393 3.36100 1.34388 105.102 27.3038
NGC6946 6.1 10.6245 0.91393 3.33845 1.33487 91.2793 25.9329
NGC6946 6.4 10.3960 0.91393 2.88772 1.15465 83.6251 26.1614
NGC6946 6.7 10.0532 0.91393 2.35841 0.94300 84.5390 31.7592
NGC6946 7.0 9.59632 0.91393 1.80550 0.72192 91.8505 40.7844
NGC6946 7.3 9.25360 1.02817 1.54405 0.61738 88.7660 41.8125
NGC6946 7.6 9.13936 1.14242 1.17572 0.47010 74.1430 32.7874
NGC6946 7.9 9.13936 1.25666 0.68062 0.27214 51.8658 20.4493
NGC6946 8.2 9.02511 1.14242 0.47172 0.18861 35.7577 11.3099
NGC6946 8.4 8.45390 1.02817 0.29850 0.11935 26.3899 7.19724
NGC6946 8.7 7.88269 0.91393 0.13239 0.05293 21.4774 6.74027
NGC6946 9.0 7.19724 0.79969 0.06626 0.02649 17.9359 6.28331
NGC6946 9.3 6.62603 0.68545 0.01608 0.00643 14.7372 5.48361
NGC6946 9.6 6.05482 0.68545 0.0 0.0 11.8811 4.22695
NGC6946 9.9 5.48361 0.57121 0.0 0.0 9.02511 2.74180
NGC6946 10.2 5.14089 0.57121 0.0 0.0 6.39755 1.71363
NGC6946 10.4 4.68392 0.57121 0.0 0.0 4.34119 1.48514
NGC6946 10.7 4.45543 0.57121 0.0 0.0 3.08453 1.48514
NGC6946 11.0 4.22695 0.45696 0.0 0.0 2.62756 1.48514
NGC6946 11.3 4.11271 0.45696 0.0 0.0 2.28484 1.59938
NGC6946 11.6 4.11271 0.45696 0.0 0.0 1.71363 1.59938
NGC7331 0.4 3.88496 1.40290 38.4702 8.30307 79.7497 23.5256
NGC7331 1.1 3.34538 0.75541 39.9646 8.62562 99.2824 13.3815
NGC7331 1.8 3.56121 0.64749 42.7559 9.22808 129.714 21.2593
NGC7331 2.5 4.85620 0.86332 49.4764 10.6785 175.794 21.7989
NGC7331 3.2 6.04328 0.86332 49.5785 10.7006 190.147 16.0794
NGC7331 3.9 6.36702 0.53957 42.1630 9.10011 157.017 18.6694
NGC7331 4.6 7.01452 0.43166 36.0728 7.78564 124.211 18.3456
NGC7331 5.3 7.01452 0.32374 30.1006 6.49665 90.1096 15.3240
NGC7331 6.1 7.12243 0.53957 21.2629 4.58920 59.7853 11.1153
NGC7331 6.8 7.87784 0.64749 15.3187 3.30626 40.3604 6.79869
NGC7331 7.5 8.74117 0.75541 12.5363 2.70574 31.6193 3.99288
NGC7331 8.2 9.17283 0.53957 9.35617 2.01935 27.4105 3.12955
NGC7331 8.9 8.84908 0.64749 6.91082 1.49157 22.6623 2.48206
NGC7331 9.6 8.95700 0.75541 5.21706 1.12600 17.9140 1.72665
NGC7331 10.3 9.49658 0.75541 4.33138 0.93484 14.8923 1.18707
NGC7331 11.0 9.28075 0.64749 3.56052 0.76847 12.6261 1.07915
NGC7331 11.8 8.74117 0.64749 2.41171 0.52052 10.1440 1.07915
NGC7331 12.5 7.98576 0.64749 1.67151 0.36076 7.87784 0.75541
NGC7331 13.2 7.44618 0.53957 1.23472 0.26649 6.47494 0.64749
NGC7331 13.9 7.76993 0.53957 0.92879 0.20046 6.15119 0.53957
NGC7331 14.6 7.66201 0.43166 0.82322 0.17767 6.25911 0.64749
NGC7331 15.3 7.66201 0.43166 0.70742 0.15268 6.36702 0.86332
NGC7331 16.0 7.76993 0.53957 0.69402 0.14979 5.93536 0.86332
NGC7331 16.7 7.87784 0.64749 0.60887 0.13141 5.61161 0.86332
NGC7331 17.5 7.44618 0.64749 0.23990 0.05177 5.17995 0.75541
NGC7331 18.2 7.01452 0.64749 0.20989 0.04530 4.74829 0.64749
NGC7331 18.9 6.90660 0.75541 0.17011 0.03671 4.20871 0.53957
NGC7331 19.6 6.58285 0.75541 0.11875 0.02563 3.66913 0.53957
NGC7331 20.3 5.93536 0.75541 0.06238 0.01346 2.80580 0.43166
NGC7331 21.0 4.85620 0.64749 0.02597 0.00560 2.05039 0.32374
NGC7331 21.7 3.88496 0.53957 0.0 0.0 1.40290 0.21583
NGC7331 22.4 3.34538 0.43166 0.0 0.0 1.07915 0.10791
NGC7331 23.2 2.91372 0.32374 0.00722 0.00156 0.0 1.07915
NGC7793 0.1 11.7424 0.53374 0.0 0.0 200.688 31.0907
NGC7793 0.3 11.6089 0.53374 0.0 0.0 155.586 23.7517
NGC7793 0.5 11.4755 0.80061 0.0 0.0 117.557 12.6764
NGC7793 0.7 11.3421 0.80061 0.0 0.0 99.1433 12.5430
NGC7793 0.9 11.7424 0.93405 0.0 0.0 92.4715 13.7439
NGC7793 1.0 12.4095 0.66718 0.0 0.0 90.4699 12.1427
NGC7793 1.2 13.0767 0.93405 0.0 0.0 88.6018 9.74086
NGC7793 1.4 14.1442 1.06749 0.0 0.0 84.9990 6.80526
NGC7793 1.6 14.9448 1.20092 0.0 0.0 80.4622 5.87120
NGC7793 1.8 15.0783 1.33436 0.0 0.0 77.7934 5.07058
NGC7793 2.0 15.0783 1.46780 0.0 0.0 74.8578 5.33746
NGC7793 2.2 14.9448 1.33436 0.0 0.0 68.1860 7.20557
NGC7793 2.4 14.4111 1.20092 0.0 0.0 59.3792 7.87275
NGC7793 2.6 14.0108 1.06749 0.0 0.0 50.9727 7.07213
NGC7793 2.7 14.2777 1.20092 0.0 0.0 43.5003 5.87120
NGC7793 2.9 15.0783 1.33436 0.0 0.0 37.8959 5.73777
NGC7793 3.1 15.2117 1.20092 0.0 0.0 33.4925 5.87120
NGC7793 3.3 14.5445 1.06749 0.0 0.0 28.5554 5.73777
NGC7793 3.5 13.3436 1.20092 0.0 0.0 23.3513 5.07058
NGC7793 3.7 12.4095 1.20092 0.0 0.0 18.6811 3.86965
NGC7793 3.9 11.8758 1.20092 0.0 0.0 14.8114 2.80216
NGC7793 4.1 11.2086 1.06749 0.0 0.0 11.8758 2.13498
NGC7793 4.3 10.6749 0.93405 0.0 0.0 10.1411 1.46780
NGC7793 4.4 10.1411 0.80061 0.0 0.0 9.34055 1.46780
NGC7793 4.6 9.47399 0.93405 0.0 0.0 8.80681 1.73467
NGC7793 4.8 8.67337 0.93405 0.0 0.0 7.87275 1.60123
NGC7793 5.0 7.87275 0.93405 0.0 0.0 6.27151 1.06749
NGC7793 5.2 7.47244 0.80061 0.0 0.0 4.80371 0.93405
NGC7793 5.4 7.33900 0.80061 0.0 0.0 4.13653 1.06749
NGC7793 5.6 7.07213 0.66718 0.0 0.0 3.86965 1.33436
NGC7793 5.8 6.67182 0.66718 0.0 0.0 3.60278 1.46780
NGC7793 6.0 6.13808 0.66718 0.0 0.0 2.66873 1.06749
NGC7793 6.1 5.60433 0.66718 0.0 0.0 1.86811 0.66718
NGC7793 6.3 4.93715 0.66718 0.0 0.0 0.0 1.33436
NGC7793 6.5 4.26996 0.53374 0.0 0.0 0.0 1.33436
NGC7793 6.7 3.73622 0.40030 0.0 0.0 0.0 1.33436
NGC7793 6.9 3.33591 0.40030 0.0 0.0 0.0 1.33436
NGC7793 7.1 2.93560 0.26687 0.0 0.0 0.0 1.33436
