#Table J_ApJ_847_18_table4:
#Name: J/ApJ/847/18/table4
#Title: MZ_*_-SFR relation data
#---Details of Columns:
#    Av (mag)           (F9.6)  [0.1/1] Dust attenuation [ucd=phys.absorption]
#    logMass ([Msun])   (F5.2)  [8.5/11] log of Mass [ucd=phys.mass]
#    logSFR ([Msun/yr]) (F7.4)  [-1/1.4] log of star formation rate (1) [ucd=phys.SFR]
#    logZ ([Sun])       (F9.6)  [-0.8/0.09] Metallicity from fitting Sequential Single-Burst (SSB) models [ucd=phys.abund.Z]
#--------- ----- ------- ---------
#          l
#          ogMas logS
#          s ([M FR ([Ms log
#Av (mag)  sun]) un/yr]) Z ([Sun])
#--------- ----- ------- ---------
 0.132641  8.55 -0.8719 -0.790493
 0.115584  8.55 -0.7168 -0.657247
 0.131829  8.55 -0.5283 -0.517854
 0.119299  8.55 -0.3186 -0.603095
 0.157137  8.55  0.0291 -0.692543
 0.193884  8.65 -0.8882 -0.593552
 0.143872  8.65 -0.7493 -0.661443
 0.241898  8.65 -0.5768 -0.655917
 0.143413  8.65 -0.3607 -0.574836
 0.166969  8.65  0.0280 -0.360079
 0.249405  8.75 -0.9350 -0.584256
 0.245499  8.75 -0.7419 -0.511668
 0.196597  8.75 -0.6032 -0.724231
 0.184294  8.75 -0.4189 -0.506848
 0.156815  8.75 -0.0157 -0.602871
 0.269947  8.85 -0.8816 -0.609410
 0.222121  8.85 -0.7124 -0.523790
 0.212457  8.85 -0.5910 -0.594106
 0.192772  8.85 -0.4303 -0.650015
 0.195232  8.85 -0.0197 -0.616309
 0.275004  8.95 -0.8994 -0.488701
 0.271710  8.95 -0.6834 -0.465259
 0.237916  8.95 -0.5409 -0.498981
 0.215959  8.95 -0.3975 -0.498393
 0.176207  8.95 -0.0509 -0.420827
 0.318384  9.05 -0.8525 -0.404988
 0.255814  9.05 -0.6081 -0.490931
 0.304327  9.05 -0.4699 -0.463029
 0.216491  9.05 -0.3328 -0.507286
 0.186189  9.05 -0.0437 -0.623415
 0.386497  9.15 -0.7976 -0.335865
 0.292306  9.15 -0.5499 -0.409832
 0.268854  9.15 -0.3893 -0.450112
 0.257179  9.15 -0.2534 -0.450536
 0.234158  9.15  0.0195 -0.592386
 0.421114  9.25 -0.7269 -0.284433
 0.341400  9.25 -0.4851 -0.370080
 0.301438  9.25 -0.3373 -0.404891
 0.270828  9.25 -0.1862 -0.497431
 0.219733  9.25  0.0870 -0.522942
 0.466407  9.35 -0.6763 -0.196118
 0.379008  9.35 -0.4197 -0.284606
 0.323022  9.35 -0.2640 -0.416380
 0.304281  9.35 -0.1127 -0.481494
 0.229056  9.35  0.1494 -0.394266
 0.487225  9.45 -0.6184 -0.221487
 0.424863  9.45 -0.3566 -0.274047
 0.351488  9.45 -0.2026 -0.279948
 0.326748  9.45 -0.0371 -0.280756
 0.256097  9.45  0.1958 -0.369976
 0.526483  9.55 -0.5573 -0.170533
 0.441572  9.55 -0.2813 -0.207841
 0.405171  9.55 -0.1238 -0.241646
 0.348584  9.55  0.0318 -0.224800
 0.291185  9.55  0.2697 -0.293972
 0.562247  9.65 -0.4709 -0.123702
 0.475121  9.65 -0.2079 -0.169095
 0.439263  9.65 -0.0597 -0.177187
 0.399779  9.65  0.0899 -0.223859
 0.342476  9.65  0.3156 -0.258224
 0.607260  9.75 -0.4087 -0.087198
 0.530354  9.75 -0.1440 -0.100586
 0.471594  9.75 -0.0003 -0.164705
 0.438774  9.75  0.1435 -0.181498
 0.371756  9.75  0.3833 -0.184493
 0.624739  9.85 -0.3610 -0.098180
 0.561807  9.85 -0.0958 -0.086049
 0.527107  9.85  0.0509 -0.108383
 0.505381  9.85  0.1937 -0.147564
 0.438329  9.85  0.4301 -0.157806
 0.664185  9.95 -0.2958 -0.054232
 0.616138  9.95 -0.0398 -0.045499
 0.575927  9.95  0.1086 -0.072977
 0.570628  9.95  0.2532 -0.077940
 0.507298  9.95  0.4794 -0.141419
 0.677821 10.05 -0.2420 -0.026423
 0.639565 10.05  0.0280 -0.024511
 0.629342 10.05  0.1782 -0.023304
 0.635829 10.05  0.3107 -0.009202
 0.584310 10.05  0.5314 -0.115910
 0.694675 10.15 -0.1764  0.014207
 0.661916 10.15  0.0876  0.003915
 0.665884 10.15  0.2457 -0.000739
 0.679538 10.15  0.3843  0.011118
 0.641190 10.15  0.5992 -0.070069
 0.702375 10.25 -0.1000  0.012604
 0.700982 10.25  0.1623  0.049404
 0.713118 10.25  0.3236  0.062893
 0.712262 10.25  0.4671  0.033434
 0.717756 10.25  0.6736 -0.040075
 0.703438 10.35 -0.0109  0.019665
 0.708654 10.35  0.2400  0.046983
 0.704610 10.35  0.3986  0.046775
 0.737211 10.35  0.5428  0.054708
 0.776094 10.35  0.7482 -0.023378
 0.711635 10.45  0.0841  0.022450
 0.720208 10.45  0.3352  0.067087
 0.733759 10.45  0.4932  0.069710
 0.764273 10.45  0.6308  0.064837
 0.825529 10.45  0.8341  0.006499
 0.690465 10.55  0.1728  0.002016
 0.727507 10.55  0.4249  0.080806
 0.744174 10.55  0.5770  0.078723
 0.766478 10.55  0.7192  0.051811
 0.868323 10.55  0.9258  0.034730
 0.684085 10.65  0.2628 -0.027619
 0.727803 10.65  0.5154  0.067826
 0.747673 10.65  0.6647  0.079081
 0.786297 10.65  0.8151  0.063833
 0.910065 10.65  1.0248  0.038297
 0.659786 10.75  0.3571 -0.035635
 0.711771 10.75  0.5999  0.048549
 0.758543 10.75  0.7576  0.062773
 0.779214 10.75  0.9053  0.047083
 0.920779 10.75  1.1151  0.034217
 0.637034 10.85  0.4452 -0.074352
 0.688617 10.85  0.6897  0.030393
 0.725500 10.85  0.8421  0.049314
 0.783011 10.85  0.9945  0.066077
 0.947393 10.85  1.2183  0.033702
 0.596689 10.95  0.5273 -0.091599
 0.673102 10.95  0.7703  0.006240
 0.706114 10.95  0.9307  0.042943
 0.768103 10.95  1.0865  0.066241
 0.947557 10.95  1.3110  0.046148